14,116.84
30,116.84
46,114.30
61,114.30
77,114.30
93,114.30
108,114.30
123,114.30
140,116.84
155,114.30
171,116.84
187,116.84
202,116.84
218,116.84
234,116.84
249,116.84
265,116.84
281,116.84
296,116.84
312,116.84
328,116.84
344,116.84
360,116.84
375,114.30
391,114.30
407,114.30
422,114.30
438,114.30
454,114.30
470,114.30
485,114.30
501,114.30
517,114.30
532,114.30
548,114.30
564,116.84
579,114.30
595,114.30
611,114.30
626,114.30
643,114.30
658,114.30
673,114.30
690,114.30
705,114.30
720,114.30
737,149.86
752,157.48
768,157.48
784,137.16
799,129.54
815,129.54
831,129.54
846,132.08
862,132.08
877,129.54
893,157.48
909,160.02
924,157.48
941,160.02
956,160.02
971,160.02
988,160.02
1003,160.02
1019,160.02
1035,160.02
1050,160.02
1067,160.02
1082,121.92
1097,116.84
1114,116.84
1129,116.84
1145,116.84
1161,116.84
1176,114.30
1192,114.30
1208,114.30
1223,114.30
1240,114.30
1255,111.76
1271,111.76
1287,111.76
1302,114.30
1318,111.76
1334,111.76
1349,111.76
1366,111.76
1381,114.30
1396,111.76
1413,114.30
1428,111.76
1444,111.76
1460,111.76
1475,111.76
1491,111.76
1507,111.76
1523,111.76
1539,111.76
1554,111.76
1570,111.76
1586,109.22
1601,111.76
1617,109.22
1633,109.22
1649,111.76
1665,111.76
1680,111.76
1696,109.22
1712,111.76
1727,111.76
1743,111.76
1759,111.76
1775,111.76
1790,111.76
1806,111.76
1822,111.76
1838,111.76
1853,111.76
1869,111.76
1885,114.30
1901,111.76
1916,114.30
1932,111.76
1948,111.76
1964,114.30
1979,111.76
1995,111.76
2011,111.76
2027,111.76
2042,114.30
2058,111.76
2074,81.28
2089,78.74
2105,78.74
2121,76.20
2137,76.20
2152,76.20
2168,76.20
2184,76.20
2199,76.20
2215,76.20
2231,76.20
2246,76.20
2263,76.20
2278,78.74
2293,76.20
2310,76.20
2325,76.20
2340,76.20
2357,76.20
2372,76.20
2387,76.20
2404,78.74
2419,78.74
2435,78.74
2451,78.74
2466,83.82
2482,111.76
2498,111.76
2513,104.14
2530,83.82
2545,83.82
2561,83.82
2577,109.22
2592,111.76
2608,111.76
2624,109.22
2639,109.22
2655,111.76
2671,109.22
2686,109.22
-1,-1
3702,109.22
3719,109.22
3734,109.22
3749,109.22
3766,109.22
3781,109.22
3796,109.22
3813,109.22
3828,109.22
3845,109.22
3860,109.22
3875,109.22
3892,109.22
3907,109.22
3923,109.22
3939,109.22
3954,109.22
3971,109.22
3986,111.76
4001,109.22
4018,109.22
4033,109.22
4049,109.22
4065,111.76
4080,111.76
4097,111.76
4112,114.30
4127,114.30
4144,111.76
4159,86.36
4175,78.74
4191,78.74
4206,78.74
4222,78.74
4238,78.74
4253,78.74
4270,78.74
4285,76.20
4300,76.20
4317,76.20
4332,78.74
4347,78.74
4364,76.20
4379,76.20
4395,76.20
4411,76.20
4426,76.20
4442,76.20
4458,76.20
4473,76.20
4489,78.74
4505,86.36
4520,114.30
4536,114.30
4552,114.30
4568,114.30
4583,111.76
4599,111.76
4615,111.76
4630,114.30
4646,114.30
4662,111.76
4678,111.76
4694,111.76
4709,111.76
4725,111.76
4741,111.76
4756,111.76
4772,111.76
4788,111.76
4804,111.76
4819,111.76
4835,111.76
4851,114.30
4867,111.76
4882,111.76
4898,111.76
4914,111.76
4930,111.76
4945,111.76
4961,111.76
4977,111.76
4993,111.76
5009,111.76
5024,111.76
5040,111.76
5056,111.76
5071,111.76
5087,111.76
5103,109.22
5118,109.22
5135,109.22
5150,111.76
5166,111.76
5182,111.76
5197,111.76
5213,111.76
5229,111.76
5244,111.76
5261,111.76
5276,111.76
5292,111.76
5308,111.76
5323,111.76
5339,111.76
5355,111.76
5370,111.76
5387,114.30
5402,111.76
5417,111.76
5434,111.76
5449,116.84
5465,114.30
5481,114.30
5496,116.84
5513,114.30
5528,114.30
5543,114.30
5560,154.94
5575,157.48
5591,160.02
5607,160.02
5622,160.02
5639,160.02
5654,160.02
5669,160.02
5686,160.02
5701,160.02
5716,160.02
5733,160.02
5748,160.02
5765,160.02
5780,160.02
5795,160.02
5812,160.02
5827,160.02
5842,162.56
5859,160.02
5874,160.02
5891,160.02
5906,119.38
5921,116.84
5938,116.84
5953,114.30
5968,114.30
5985,114.30
6000,114.30
6017,114.30
6032,116.84
6047,116.84
6064,114.30
6079,114.30
6094,114.30
6111,114.30
6126,114.30
6142,114.30
6158,114.30
6173,114.30
6190,116.84
6205,114.30
6220,114.30
6237,114.30
6252,111.76
6268,111.76
6284,114.30
6299,114.30
6316,114.30
6331,114.30
6346,114.30
6363,114.30
6378,114.30
-1,-1
7394,114.30
7410,114.30
7426,114.30
7441,114.30
7457,114.30
7473,114.30
7488,116.84
7504,114.30
7520,114.30
7536,114.30
7552,114.30
7567,114.30
7583,114.30
7599,114.30
7614,114.30
7630,116.84
7646,114.30
7662,114.30
7677,114.30
7693,114.30
7709,114.30
7725,114.30
7740,114.30
7756,114.30
7772,114.30
7788,114.30
7803,114.30
7819,114.30
7835,114.30
7851,114.30
7866,114.30
7882,114.30
7898,114.30
7914,116.84
7929,116.84
7945,116.84
7961,114.30
7976,116.84
7992,119.38
8008,116.84
8024,116.84
8040,116.84
8055,116.84
8071,116.84
8087,127.00
8102,129.54
8118,129.54
8134,129.54
8150,129.54
8166,129.54
8181,127.00
8197,129.54
8213,129.54
8228,129.54
8244,157.48
8260,157.48
8275,157.48
8292,162.56
8307,160.02
8323,160.02
8339,160.02
8354,160.02
8370,160.02
8386,160.02
8401,160.02
8418,160.02
8433,160.02
8449,160.02
8465,160.02
8480,124.46
8496,116.84
8512,116.84
8527,114.30
8544,111.76
8559,114.30
8574,114.30
8591,111.76
8606,111.76
8622,111.76
8638,114.30
8653,114.30
8670,111.76
8685,111.76
8700,111.76
8717,114.30
8732,111.76
8748,111.76
8764,111.76
8779,111.76
8796,111.76
8811,111.76
8826,111.76
8843,111.76
8858,111.76
8873,114.30
8890,111.76
8905,111.76
8922,111.76
8937,111.76
8952,111.76
8969,111.76
8984,111.76
8999,111.76
9016,114.30
9031,114.30
9048,111.76
9063,111.76
9078,111.76
9095,114.30
9110,111.76
9125,114.30
9142,111.76
9157,111.76
9174,114.30
9189,111.76
9204,111.76
9221,111.76
9236,111.76
9252,114.30
9268,111.76
9283,111.76
9299,111.76
9315,111.76
9330,111.76
9347,111.76
9362,114.30
9378,111.76
9394,111.76
9409,111.76
9425,81.28
9441,78.74
9456,78.74
9473,78.74
9488,76.20
9503,78.74
9520,76.20
9535,76.20
9550,76.20
9567,76.20
9582,76.20
9597,76.20
9614,76.20
9629,76.20
9645,76.20
9661,76.20
9676,76.20
9692,76.20
9708,76.20
9723,76.20
9739,76.20
9755,78.74
9771,76.20
9786,76.20
9802,76.20
9818,83.82
9833,111.76
9849,111.76
9865,111.76
9880,111.76
9896,111.76
9912,111.76
9928,109.22
9944,109.22
9959,109.22
9975,109.22
9991,109.22
10007,109.22
10022,109.22
10038,109.22
10054,109.22
10070,109.22
-1,-1
11085,109.22
11102,109.22
11117,109.22
11133,109.22
11149,109.22
11164,109.22
11181,109.22
11196,109.22
11212,109.22
11228,109.22
11243,109.22
11259,109.22
11275,109.22
11291,109.22
11307,109.22
11323,109.22
11338,111.76
11354,109.22
11370,109.22
11385,109.22
11402,109.22
11417,109.22
11433,109.22
11449,109.22
11464,111.76
11481,111.76
11496,111.76
11512,111.76
11528,111.76
11544,111.76
11559,81.28
11575,78.74
11591,76.20
11607,78.74
11622,78.74
11638,78.74
11654,78.74
11670,76.20
11685,76.20
11701,76.20
11717,78.74
11732,76.20
11748,76.20
11764,76.20
11780,76.20
11796,76.20
11811,78.74
11827,78.74
11843,78.74
11858,114.30
11874,127.00
11890,124.46
11906,83.82
11922,76.20
11937,78.74
11953,76.20
11969,76.20
11984,76.20
12001,78.74
12016,111.76
12032,111.76
12048,111.76
12063,111.76
12080,111.76
12095,111.76
12111,111.76
12127,111.76
12142,111.76
12158,111.76
12174,111.76
12190,111.76
12206,111.76
12221,111.76
12237,111.76
12253,111.76
12269,111.76
12284,111.76
12301,114.30
12316,111.76
12332,111.76
12348,111.76
12363,111.76
12380,111.76
12395,111.76
12411,111.76
12427,111.76
12442,111.76
12459,111.76
12474,111.76
12490,111.76
12506,111.76
12521,111.76
12537,111.76
12553,111.76
12569,111.76
12584,111.76
12601,111.76
12616,111.76
12632,111.76
12648,111.76
12663,111.76
12680,111.76
12695,111.76
12710,111.76
12727,111.76
12742,111.76
12759,114.30
12774,114.30
12790,116.84
12806,114.30
12821,116.84
12837,116.84
12853,147.32
12869,160.02
12884,157.48
12901,160.02
12916,160.02
12932,160.02
12948,160.02
12963,160.02
12980,160.02
12995,160.02
13010,160.02
13027,160.02
13042,160.02
13059,160.02
13074,160.02
13089,160.02
13106,160.02
13121,160.02
13137,160.02
13153,132.08
13169,129.54
13185,129.54
13200,132.08
13216,132.08
13232,129.54
13248,129.54
13263,129.54
13279,129.54
13295,121.92
13310,116.84
13327,119.38
13342,119.38
13359,116.84
13374,114.30
13389,114.30
13406,114.30
13421,114.30
13437,116.84
13453,114.30
13469,114.30
13485,114.30
13500,114.30
13516,114.30
13532,116.84
13548,114.30
13563,114.30
13579,116.84
13595,116.84
13611,114.30
13627,114.30
13642,114.30
13659,114.30
13674,114.30
13689,114.30
13706,114.30
13721,114.30
13737,114.30
13753,114.30
13769,114.30
-1,-1
14785,114.30
14800,116.84
14816,114.30
14832,114.30
14848,114.30
14864,116.84
14879,116.84
14895,114.30
14911,114.30
14926,114.30
14943,114.30
14958,114.30
14974,114.30
14990,114.30
15005,114.30
15022,114.30
15037,111.76
15053,111.76
15069,111.76
15085,114.30
15100,114.30
15116,114.30
15132,114.30
15148,114.30
15164,114.30
15179,116.84
15195,114.30
15211,114.30
15226,114.30
15243,114.30
15258,114.30
15275,114.30
15290,114.30
15305,114.30
15322,114.30
15337,114.30
15353,114.30
15369,114.30
15385,114.30
15400,114.30
15416,114.30
15432,114.30
15448,114.30
15464,114.30
15479,119.38
15495,129.54
15511,129.54
15526,129.54
15543,157.48
15558,160.02
15575,160.02
15590,160.02
15605,160.02
15622,160.02
15637,160.02
15653,160.02
15669,160.02
15684,160.02
15700,160.02
15716,160.02
15732,160.02
15748,160.02
15764,160.02
15779,160.02
15795,160.02
15811,160.02
15826,160.02
15843,160.02
15858,160.02
15874,160.02
15890,160.02
15905,160.02
15922,162.56
15937,160.02
15953,160.02
15969,160.02
15984,119.38
16001,116.84
16016,114.30
16032,111.76
16048,114.30
16064,111.76
16079,111.76
16095,111.76
16111,111.76
16126,111.76
16143,111.76
16158,111.76
16174,111.76
16190,111.76
16205,111.76
16222,111.76
16237,111.76
16253,111.76
16269,111.76
16284,111.76
16301,111.76
16316,111.76
16332,111.76
16348,111.76
16364,111.76
16379,111.76
16395,111.76
16411,111.76
16427,111.76
16443,114.30
16458,111.76
16474,111.76
16490,111.76
16505,114.30
16522,111.76
16537,111.76
16553,111.76
16569,111.76
16584,114.30
16601,111.76
16616,111.76
16632,111.76
16648,111.76
16664,111.76
16679,111.76
16695,111.76
16711,111.76
16727,111.76
16743,114.30
16758,111.76
16774,111.76
16790,111.76
16805,111.76
16822,83.82
16837,78.74
16852,78.74
16869,76.20
16884,76.20
16901,76.20
16916,78.74
16931,78.74
16948,78.74
16963,78.74
16978,86.36
16995,86.36
17010,86.36
17027,78.74
17042,78.74
17057,76.20
17074,76.20
17089,76.20
17105,76.20
17121,76.20
17136,76.20
17153,76.20
17168,78.74
17183,78.74
17200,78.74
17215,81.28
17231,83.82
17247,83.82
17262,83.82
17278,109.22
17294,111.76
17310,111.76
17326,111.76
17341,111.76
17357,111.76
17373,109.22
17389,109.22
17404,109.22
17420,109.22
17436,109.22
17452,109.22
17468,109.22
-1,-1
18484,109.22
18499,109.22
18515,109.22
18531,109.22
18546,109.22
18563,109.22
18578,109.22
18594,109.22
18610,109.22
18626,109.22
18641,109.22
18657,109.22
18673,109.22
18689,109.22
18705,109.22
18720,109.22
18736,109.22
18752,111.76
18767,111.76
18784,109.22
18799,109.22
18816,109.22
18831,109.22
18846,111.76
18863,111.76
18878,111.76
18894,111.76
18910,111.76
18926,111.76
18941,111.76
18957,83.82
18973,78.74
18989,78.74
19004,81.28
19020,78.74
19036,78.74
19052,78.74
19067,76.20
19083,76.20
19099,76.20
19115,121.92
19131,127.00
19146,124.46
19162,127.00
19178,127.00
19193,127.00
19210,81.28
19225,76.20
19240,78.74
19257,76.20
19272,76.20
19289,76.20
19304,78.74
19319,78.74
19336,78.74
19351,81.28
19366,111.76
19383,111.76
19398,111.76
19415,111.76
19430,111.76
19445,111.76
19462,111.76
19477,111.76
19493,111.76
19509,111.76
19525,111.76
19540,111.76
19556,111.76
19572,111.76
19588,111.76
19604,111.76
19619,111.76
19636,111.76
19651,111.76
19666,114.30
19683,111.76
19698,111.76
19715,111.76
19730,111.76
19745,111.76
19762,111.76
19777,111.76
19793,111.76
19809,111.76
19825,111.76
19841,111.76
19856,111.76
19872,111.76
19888,111.76
19904,111.76
19919,111.76
19936,111.76
19951,111.76
19966,114.30
19983,111.76
19998,111.76
20015,111.76
20030,111.76
20045,111.76
20062,111.76
20077,111.76
20093,111.76
20109,111.76
20125,111.76
20141,111.76
20156,111.76
20172,114.30
20188,111.76
20204,114.30
20219,114.30
20236,116.84
20251,114.30
20267,116.84
20283,114.30
20298,129.54
20315,157.48
20330,160.02
20345,160.02
20362,160.02
20377,160.02
20393,160.02
20409,160.02
20425,160.02
20441,160.02
20456,160.02
20472,160.02
20488,162.56
20504,160.02
20519,160.02
20535,160.02
20551,162.56
20567,162.56
20583,160.02
20598,137.16
20615,132.08
20630,132.08
20645,129.54
20662,129.54
20677,129.54
20694,124.46
20709,116.84
20724,114.30
20741,116.84
20756,114.30
20772,114.30
20788,116.84
20804,114.30
20819,114.30
20835,114.30
20851,114.30
20867,114.30
20883,114.30
20898,114.30
20914,114.30
20930,114.30
20945,114.30
20962,114.30
20977,114.30
20994,114.30
21009,114.30
21024,114.30
21041,114.30
21056,114.30
21072,114.30
21088,114.30
21103,111.76
21120,111.76
21135,114.30
21151,111.76
21167,111.76
-1,-1
22182,114.30
22199,114.30
22214,114.30
22230,114.30
22246,114.30
22261,114.30
22278,114.30
22293,114.30
22309,114.30
22325,114.30
22340,114.30
22356,114.30
22372,114.30
22388,114.30
22404,114.30
22420,114.30
22435,114.30
22451,116.84
22467,114.30
22482,114.30
22499,114.30
22514,114.30
22530,116.84
22546,116.84
22561,114.30
22578,114.30
22593,116.84
22609,116.84
22625,114.30
22640,114.30
22657,114.30
22672,114.30
22688,114.30
22704,116.84
22720,114.30
22735,116.84
22751,116.84
22767,114.30
22782,114.30
22799,114.30
22814,116.84
22830,116.84
22846,114.30
22861,114.30
22878,116.84
22893,129.54
22909,129.54
22925,129.54
22940,114.30
22957,114.30
22972,114.30
22988,147.32
23004,160.02
23020,160.02
23035,160.02
23051,160.02
23067,160.02
23083,160.02
23099,160.02
23114,160.02
23130,160.02
23146,160.02
23161,160.02
23178,160.02
23193,160.02
23209,160.02
23225,160.02
23240,160.02
23257,160.02
23272,160.02
23288,116.84
23304,116.84
23319,114.30
23335,114.30
23351,111.76
23367,111.76
23383,114.30
23399,114.30
23414,114.30
23430,114.30
23446,111.76
23461,111.76
23478,111.76
23493,111.76
23508,111.76
23525,114.30
23540,111.76
23557,114.30
23572,114.30
23588,114.30
23604,111.76
23619,114.30
23635,111.76
23651,111.76
23667,111.76
23683,111.76
23699,111.76
23714,111.76
23730,111.76
23746,111.76
23761,111.76
23778,111.76
23793,111.76
23809,111.76
23825,114.30
23840,114.30
23857,114.30
23872,114.30
23888,111.76
23904,111.76
23919,111.76
23936,114.30
23951,114.30
23967,111.76
23983,111.76
23999,111.76
24014,111.76
24030,111.76
24046,111.76
24061,114.30
24078,111.76
24093,111.76
24109,114.30
24125,111.76
24140,111.76
24157,111.76
24172,114.30
24188,111.76
24204,111.76
24219,114.30
24236,114.30
24251,116.84
24267,96.52
24283,78.74
24298,78.74
24314,76.20
24330,76.20
24346,76.20
24361,76.20
24377,76.20
24393,76.20
24409,76.20
24424,76.20
24440,76.20
24456,76.20
24472,76.20
24487,76.20
24503,76.20
24519,76.20
24535,76.20
24550,76.20
24566,78.74
24582,76.20
24598,76.20
24613,78.74
24629,78.74
24645,78.74
24660,78.74
24676,109.22
24692,111.76
24708,111.76
24724,111.76
24739,111.76
24756,111.76
24771,109.22
24786,109.22
24803,111.76
24818,109.22
24835,109.22
24850,109.22
24866,109.22
-1,-1
25882,109.22
25897,111.76
25913,109.22
25929,109.22
25945,109.22
25961,109.22
25976,109.22
25992,109.22
26008,109.22
26023,109.22
26040,111.76
26055,109.22
26072,109.22
26087,109.22
26102,109.22
26119,109.22
26134,109.22
26150,109.22
26166,109.22
26182,109.22
26198,109.22
26213,109.22
26229,109.22
26245,109.22
26261,111.76
26276,111.76
26293,111.76
26308,81.28
26323,76.20
26340,76.20
26355,76.20
26371,76.20
26387,76.20
26402,76.20
26419,76.20
26434,76.20
26449,76.20
26466,76.20
26481,76.20
26497,76.20
26513,76.20
26528,76.20
26545,76.20
26560,116.84
26575,127.00
26592,124.46
26607,81.28
26624,78.74
26639,78.74
26654,76.20
26671,76.20
26686,76.20
26701,78.74
26718,78.74
26733,78.74
26749,78.74
26765,109.22
26780,111.76
26797,111.76
26812,111.76
26828,111.76
26844,111.76
26859,111.76
26875,111.76
26891,111.76
26907,111.76
26923,111.76
26939,111.76
26954,111.76
26970,111.76
26986,111.76
27001,111.76
27018,111.76
27033,111.76
27049,111.76
27065,111.76
27080,111.76
27097,111.76
27112,111.76
27128,111.76
27144,111.76
27159,111.76
27175,111.76
27191,114.30
27207,111.76
27223,111.76
27239,111.76
27254,109.22
27270,109.22
27286,109.22
27301,109.22
27318,109.22
27333,109.22
27350,111.76
27365,111.76
27380,111.76
27397,114.30
27412,111.76
27428,111.76
27444,114.30
27459,111.76
27475,114.30
27491,111.76
27507,111.76
27523,111.76
27539,111.76
27554,111.76
27570,111.76
27586,111.76
27601,111.76
27618,111.76
27633,111.76
27650,116.84
27665,116.84
27680,116.84
27697,119.38
27712,157.48
27728,160.02
27744,160.02
27759,160.02
27776,160.02
27791,160.02
27807,160.02
27823,160.02
27839,160.02
27854,160.02
27870,160.02
27886,160.02
27901,160.02
27918,160.02
27933,160.02
27949,160.02
27965,160.02
27980,160.02
27997,142.24
28012,129.54
28028,129.54
28044,121.92
28059,116.84
28076,114.30
28091,116.84
28107,114.30
28123,114.30
28138,114.30
28154,116.84
28170,116.84
28186,116.84
28201,116.84
28218,114.30
28233,114.30
28249,114.30
28265,114.30
28280,114.30
28297,114.30
28312,114.30
28327,114.30
28344,114.30
28359,114.30
28376,114.30
28391,114.30
28407,114.30
28423,114.30
28438,114.30
28454,114.30
28470,114.30
28486,114.30
28502,116.84
28518,114.30
28533,114.30
28549,114.30
28565,114.30
-1,-1
29581,114.30
29596,114.30
29613,114.30
29628,88.90
29643,40.64
29660,38.10
29675,40.64
29691,106.68
29707,114.30
29722,114.30
29739,114.30
29754,114.30
29770,114.30
29786,114.30
29802,114.30
29817,114.30
29833,114.30
29849,114.30
29864,114.30
29881,116.84
29896,116.84
29912,116.84
29928,116.84
29943,116.84
29960,116.84
29975,114.30
29991,116.84
30007,114.30
30022,114.30
30039,114.30
30054,114.30
30070,114.30
30086,114.30
30102,114.30
30117,114.30
30133,114.30
30149,114.30
30164,114.30
30181,114.30
30196,114.30
30213,114.30
30228,116.84
30243,116.84
30260,119.38
30275,116.84
30291,129.54
30307,129.54
30322,129.54
30339,116.84
30354,116.84
30370,116.84
30386,127.00
30402,129.54
30417,127.00
30433,142.24
30449,160.02
30465,160.02
30481,160.02
30496,160.02
30512,160.02
30528,160.02
30543,160.02
30560,160.02
30575,160.02
30592,160.02
30607,160.02
30622,160.02
30639,116.84
30654,116.84
30670,116.84
30686,114.30
30702,114.30
30717,114.30
30733,111.76
30749,111.76
30765,111.76
30781,111.76
30796,114.30
30812,111.76
30828,111.76
30843,111.76
30860,111.76
30875,111.76
30892,111.76
30907,111.76
30922,111.76
30939,111.76
30954,111.76
30970,111.76
30986,111.76
31002,111.76
31017,114.30
31033,111.76
31049,111.76
31065,111.76
31081,111.76
31096,111.76
31112,111.76
31128,111.76
31143,111.76
31160,111.76
31175,111.76
31192,111.76
31207,111.76
31222,114.30
31239,111.76
31254,111.76
31270,111.76
31286,114.30
31302,111.76
31318,114.30
31333,114.30
31349,111.76
31365,111.76
31381,114.30
31396,111.76
31412,111.76
31428,111.76
31443,111.76
31460,111.76
31475,111.76
31492,111.76
31507,111.76
31522,111.76
31539,111.76
31554,114.30
31570,111.76
31586,111.76
31602,111.76
31618,91.44
31633,78.74
31649,78.74
31665,78.74
31680,78.74
31696,78.74
31712,78.74
31728,78.74
31744,78.74
31759,78.74
31775,86.36
31791,86.36
31806,86.36
31822,78.74
31838,76.20
31854,76.20
31869,76.20
31885,76.20
31901,76.20
31917,86.36
31933,121.92
31948,124.46
31964,104.14
31980,78.74
31995,76.20
32012,76.20
32027,78.74
32043,81.28
32059,81.28
32074,106.68
32090,111.76
32106,111.76
32121,111.76
32138,111.76
32153,111.76
32169,109.22
32185,109.22
32200,109.22
32217,109.22
32232,109.22
32248,109.22
32264,109.22
-1,-1
33280,109.22
33296,109.22
33311,109.22
33327,109.22
33343,109.22
33358,109.22
33375,109.22
33390,109.22
33406,111.76
33422,109.22
33437,109.22
33454,109.22
33469,109.22
33485,109.22
33501,109.22
33516,109.22
33532,109.22
33548,109.22
33564,111.76
33580,109.22
33596,109.22
33611,109.22
33627,111.76
33643,109.22
33658,109.22
33675,109.22
33690,109.22
33707,109.22
33722,109.22
33737,109.22
33754,93.98
33769,81.28
33785,81.28
33801,78.74
33816,76.20
33832,76.20
33848,76.20
33863,76.20
33880,76.20
33895,76.20
33911,119.38
33927,127.00
33942,127.00
33958,91.44
33974,86.36
33990,86.36
34006,78.74
34021,76.20
34037,76.20
34053,76.20
34068,76.20
34084,76.20
34100,78.74
34116,111.76
34131,111.76
34147,111.76
34163,111.76
34179,111.76
34195,111.76
34210,111.76
34226,111.76
34242,111.76
34257,111.76
34274,111.76
34289,114.30
34306,111.76
34321,111.76
34336,111.76
34353,111.76
34368,111.76
34384,111.76
34400,111.76
34416,111.76
34432,114.30
34447,114.30
34463,111.76
34479,111.76
34495,111.76
34510,111.76
34526,111.76
34542,111.76
34557,111.76
34574,111.76
34589,111.76
34606,111.76
34621,109.22
34636,111.76
34653,109.22
34668,109.22
34684,109.22
34700,111.76
34716,111.76
34732,111.76
34747,114.30
34763,111.76
34779,111.76
34795,111.76
34810,111.76
34826,114.30
34842,111.76
34857,111.76
34874,114.30
34889,111.76
34906,111.76
34921,111.76
34936,111.76
34953,111.76
34968,111.76
34984,111.76
35000,111.76
35015,111.76
35032,111.76
35047,114.30
35063,111.76
35079,111.76
35095,111.76
35110,157.48
35126,160.02
35142,160.02
35158,160.02
35174,160.02
35189,160.02
35206,160.02
35221,160.02
35236,160.02
35253,160.02
35268,160.02
35284,160.02
35300,160.02
35315,160.02
35332,160.02
35347,139.70
35363,129.54
35379,132.08
35395,132.08
35410,132.08
35426,134.62
35442,129.54
35458,116.84
35474,114.30
35489,116.84
35505,129.54
35521,129.54
35536,129.54
35553,114.30
35568,116.84
35585,114.30
35600,114.30
35615,114.30
35632,114.30
35647,116.84
35663,114.30
35679,114.30
35694,114.30
35710,114.30
35726,114.30
35742,114.30
35758,114.30
35774,114.30
35789,114.30
35805,114.30
35821,114.30
35836,114.30
35853,114.30
35868,114.30
35885,114.30
35900,111.76
35915,114.30
35932,114.30
35947,111.76
35963,111.76
-1,-1
36979,111.76
36995,114.30
37010,114.30
37026,116.84
37042,114.30
37058,114.30
37073,114.30
37090,114.30
37105,114.30
37121,114.30
37137,114.30
37152,114.30
37169,114.30
37184,114.30
37200,114.30
37216,114.30
37231,114.30
37248,114.30
37263,114.30
37279,114.30
37295,114.30
37311,116.84
37326,114.30
37342,114.30
37358,114.30
37373,114.30
37390,114.30
37405,111.76
37421,111.76
37437,114.30
37452,114.30
37469,116.84
37484,114.30
37500,114.30
37516,114.30
37531,116.84
37548,114.30
37563,114.30
37579,114.30
37595,114.30
37610,116.84
37626,116.84
37642,114.30
37658,114.30
37673,116.84
37690,129.54
37705,129.54
37721,129.54
37737,116.84
37752,116.84
37769,116.84
37784,129.54
37800,132.08
37816,129.54
37831,139.70
37848,157.48
37863,157.48
37879,160.02
37895,160.02
37910,160.02
37926,160.02
37942,160.02
37958,160.02
37974,160.02
37990,160.02
38005,160.02
38021,160.02
38037,116.84
38052,114.30
38069,116.84
38084,142.24
38100,160.02
38116,160.02
38131,121.92
38148,114.30
38163,114.30
38179,111.76
38195,111.76
38211,111.76
38226,111.76
38242,111.76
38258,111.76
38274,111.76
38290,111.76
38305,111.76
38321,111.76
38337,111.76
38352,114.30
38369,111.76
38384,111.76
38401,111.76
38416,111.76
38431,111.76
38448,109.22
38463,109.22
38479,109.22
38495,109.22
38511,109.22
38526,109.22
38542,109.22
38558,109.22
38574,111.76
38590,111.76
38605,111.76
38622,111.76
38637,109.22
38652,111.76
38669,111.76
38684,111.76
38701,111.76
38716,114.30
38731,114.30
38748,111.76
38763,111.76
38779,111.76
38795,114.30
38811,111.76
38827,111.76
38842,111.76
38858,111.76
38874,111.76
38890,111.76
38905,111.76
38922,111.76
38937,111.76
38952,111.76
38969,111.76
38984,114.30
39001,111.76
39016,111.76
39031,111.76
39048,111.76
39063,111.76
39079,78.74
39095,78.74
39110,78.74
39127,76.20
39142,76.20
39158,76.20
39174,116.84
39189,124.46
39205,124.46
39221,83.82
39237,78.74
39252,78.74
39268,76.20
39284,76.20
39300,76.20
39316,78.74
39331,76.20
39347,78.74
39363,78.74
39378,78.74
39394,78.74
39410,81.28
39426,109.22
39442,111.76
39457,111.76
39473,111.76
39489,111.76
39504,111.76
39521,109.22
39536,109.22
39553,109.22
39568,109.22
39583,109.22
39600,109.22
39615,109.22
39631,109.22
39647,109.22
39662,109.22
-1,-1
40679,109.22
40694,109.22
40710,109.22
40726,109.22
40741,109.22
40758,109.22
40773,109.22
40790,109.22
40805,109.22
40820,109.22
40837,109.22
40852,109.22
40868,109.22
40884,109.22
40899,109.22
40915,109.22
40931,109.22
40947,109.22
40963,109.22
40979,109.22
40994,111.76
41010,109.22
41026,109.22
41041,109.22
41058,111.76
41073,109.22
41090,109.22
41105,96.52
41120,83.82
41137,83.82
41152,86.36
41167,86.36
41184,86.36
41199,88.90
41216,78.74
41231,76.20
41246,78.74
41263,76.20
41278,76.20
41293,76.20
41310,76.20
41325,76.20
41341,76.20
41357,76.20
41372,76.20
41389,76.20
41404,76.20
41419,76.20
41436,76.20
41451,81.28
41467,124.46
41483,124.46
41498,127.00
41515,116.84
41530,114.30
41546,116.84
41562,78.74
41578,78.74
41593,76.20
41609,78.74
41625,78.74
41640,78.74
41656,101.60
41672,109.22
41688,111.76
41704,111.76
41719,111.76
41735,111.76
41751,111.76
41766,111.76
41783,111.76
41798,111.76
41815,111.76
41830,111.76
41845,111.76
41862,111.76
41877,111.76
41893,111.76
41909,111.76
41925,111.76
41940,111.76
41956,111.76
41972,111.76
41988,111.76
42004,109.22
42019,109.22
42035,109.22
42051,109.22
42066,109.22
42083,109.22
42098,111.76
42115,111.76
42130,111.76
42145,111.76
42162,111.76
42177,111.76
42193,111.76
42209,111.76
42225,111.76
42241,111.76
42256,111.76
42272,111.76
42288,111.76
42304,111.76
42319,111.76
42336,111.76
42351,111.76
42366,111.76
42383,111.76
42398,114.30
42415,114.30
42430,114.30
42445,114.30
42462,116.84
42477,116.84
42493,116.84
42509,116.84
42525,116.84
42541,116.84
42556,149.86
42572,157.48
42588,157.48
42604,160.02
42619,160.02
42636,160.02
42651,160.02
42667,160.02
42683,160.02
42698,160.02
42715,160.02
42730,160.02
42745,160.02
42762,160.02
42777,160.02
42793,160.02
42809,160.02
42824,160.02
42841,160.02
42856,132.08
42872,129.54
42888,129.54
42904,129.54
42919,129.54
42935,129.54
42951,119.38
42967,116.84
42983,119.38
42998,116.84
43015,116.84
43030,114.30
43045,114.30
43062,114.30
43077,116.84
43094,114.30
43109,114.30
43124,114.30
43141,114.30
43156,111.76
43172,111.76
43188,111.76
43204,111.76
43219,111.76
43235,111.76
43251,114.30
43267,114.30
43283,114.30
43298,114.30
43315,114.30
43330,114.30
43345,111.76
43362,111.76
-1,-1
44378,111.76
44393,114.30
44409,114.30
44425,114.30
44440,114.30
44456,114.30
44472,114.30
44488,114.30
44504,114.30
44520,114.30
44535,114.30
44551,114.30
44567,114.30
44582,114.30
44599,114.30
44614,114.30
44631,114.30
44646,114.30
44661,114.30
44678,114.30
44693,114.30
44709,114.30
44725,114.30
44741,114.30
44756,116.84
44772,114.30
44788,114.30
44804,114.30
44820,116.84
44835,114.30
44851,114.30
44867,114.30
44882,114.30
44899,114.30
44914,114.30
44931,114.30
44946,114.30
44961,114.30
44978,114.30
44993,114.30
45009,114.30
45025,116.84
45041,129.54
45057,129.54
45072,129.54
45088,119.38
45104,119.38
45120,119.38
45135,129.54
45151,132.08
45167,132.08
45182,144.78
45199,160.02
45214,160.02
45231,160.02
45246,160.02
45261,160.02
45278,160.02
45293,160.02
45309,160.02
45325,160.02
45340,160.02
45357,160.02
45372,160.02
45388,160.02
45404,160.02
45420,160.02
45435,119.38
45451,114.30
45467,116.84
45483,114.30
45499,114.30
45514,111.76
45531,111.76
45546,111.76
45561,111.76
45578,111.76
45593,111.76
45609,111.76
45625,111.76
45640,111.76
45657,111.76
45672,111.76
45688,111.76
45704,114.30
45720,114.30
45735,111.76
45751,111.76
45767,111.76
45783,111.76
45799,111.76
45814,111.76
45830,111.76
45846,111.76
45861,111.76
45878,109.22
45893,109.22
45910,109.22
45925,111.76
45940,114.30
45957,111.76
45972,111.76
45988,109.22
46004,111.76
46020,111.76
46035,111.76
46051,111.76
46067,111.76
46083,111.76
46099,111.76
46114,111.76
46131,111.76
46146,111.76
46161,114.30
46178,114.30
46193,111.76
46210,111.76
46225,111.76
46240,114.30
46257,111.76
46272,114.30
46288,111.76
46304,114.30
46320,111.76
46336,111.76
46351,111.76
46367,111.76
46383,111.76
46399,111.76
46414,111.76
46431,114.30
46446,114.30
46461,114.30
46478,78.74
46493,78.74
46510,78.74
46525,116.84
46540,124.46
46557,121.92
46572,81.28
46588,78.74
46604,78.74
46619,78.74
46636,76.20
46651,76.20
46666,76.20
46683,76.20
46698,76.20
46714,76.20
46730,76.20
46745,76.20
46761,76.20
46777,76.20
46792,76.20
46809,76.20
46824,106.68
46840,111.76
46856,111.76
46871,78.74
46887,76.20
46903,76.20
46919,93.98
46935,109.22
46950,109.22
46966,109.22
46982,109.22
46998,109.22
47013,109.22
47030,109.22
47045,109.22
47060,109.22
-1,-1
48076,109.22
48093,109.22
48108,109.22
48124,109.22
48140,109.22
48156,109.22
48172,109.22
48187,109.22
48203,109.22
48219,109.22
48235,109.22
48250,109.22
48266,109.22
48282,109.22
48297,109.22
48314,109.22
48329,109.22
48346,111.76
48361,109.22
48376,109.22
48393,109.22
48408,111.76
48424,111.76
48440,111.76
48456,111.76
48472,111.76
48487,111.76
48503,96.52
48519,78.74
48535,78.74
48550,78.74
48566,109.22
48582,111.76
48598,111.76
48614,114.30
48629,114.30
48645,114.30
48661,124.46
48676,124.46
48693,124.46
48708,83.82
48723,78.74
48740,76.20
48755,78.74
48772,78.74
48787,78.74
48802,78.74
48819,78.74
48834,78.74
48849,81.28
48866,127.00
48881,127.00
48898,127.00
48913,78.74
48928,78.74
48945,78.74
48960,76.20
48976,78.74
48992,78.74
49007,101.60
49024,109.22
49039,109.22
49055,111.76
49071,111.76
49086,111.76
49102,111.76
49118,111.76
49134,111.76
49149,111.76
49166,111.76
49181,111.76
49197,111.76
49213,111.76
49228,111.76
49245,111.76
49260,111.76
49275,111.76
49292,111.76
49307,111.76
49324,111.76
49339,111.76
49355,111.76
49371,111.76
49386,111.76
49402,111.76
49418,111.76
49434,111.76
49449,111.76
49466,111.76
49481,111.76
49497,111.76
49513,111.76
49528,111.76
49545,111.76
49560,111.76
49575,111.76
49592,111.76
49607,111.76
49624,111.76
49639,111.76
49655,111.76
49671,111.76
49686,114.30
49702,111.76
49718,114.30
49734,111.76
49750,111.76
49766,111.76
49781,111.76
49797,114.30
49813,116.84
49828,116.84
49845,116.84
49860,157.48
49875,162.56
49892,162.56
49907,160.02
49924,160.02
49939,160.02
49955,160.02
49971,160.02
49986,160.02
50002,162.56
50018,160.02
50034,160.02
50050,160.02
50065,160.02
50081,160.02
50097,160.02
50113,160.02
50128,160.02
50145,160.02
50160,160.02
50176,160.02
50192,154.94
50207,119.38
50224,119.38
50239,119.38
50254,116.84
50271,116.84
50286,119.38
50302,116.84
50318,116.84
50334,116.84
50350,116.84
50365,114.30
50381,114.30
50397,114.30
50413,114.30
50428,114.30
50445,114.30
50460,111.76
50476,111.76
50492,114.30
50507,111.76
50524,111.76
50539,111.76
50554,114.30
50571,114.30
50586,114.30
50603,114.30
50618,114.30
50634,114.30
50650,114.30
50665,111.76
50681,111.76
50697,111.76
50713,111.76
50728,111.76
50745,114.30
50760,114.30
-1,-1
51776,114.30
51791,111.76
51808,114.30
51823,111.76
51840,114.30
51855,114.30
51871,114.30
51887,111.76
51902,111.76
51918,111.76
51934,111.76
51950,111.76
51965,111.76
51981,111.76
51997,114.30
52013,116.84
52029,116.84
52044,111.76
52061,111.76
52076,111.76
52091,114.30
52108,114.30
52123,114.30
52140,111.76
52155,111.76
52170,111.76
52187,114.30
52202,116.84
52218,114.30
52234,114.30
52250,114.30
52265,114.30
52281,114.30
52297,114.30
52313,116.84
52329,114.30
52344,114.30
52361,114.30
52376,114.30
52391,114.30
52408,116.84
52423,114.30
52440,114.30
52455,114.30
52470,114.30
52487,139.70
52502,160.02
52518,160.02
52534,134.62
52550,129.54
52566,129.54
52581,137.16
52597,160.02
52613,160.02
52629,160.02
52644,160.02
52660,160.02
52676,160.02
52691,160.02
52708,160.02
52723,160.02
52740,160.02
52755,160.02
52770,160.02
52787,160.02
52802,160.02
52818,160.02
52834,160.02
52849,160.02
52866,160.02
52881,124.46
52897,116.84
52913,116.84
52929,114.30
52944,114.30
52960,114.30
52976,114.30
52992,114.30
53008,114.30
53023,114.30
53040,111.76
53055,114.30
53070,114.30
53087,111.76
53102,111.76
53118,111.76
53134,111.76
53149,111.76
53166,111.76
53181,111.76
53197,111.76
53213,111.76
53229,111.76
53244,111.76
53260,111.76
53276,111.76
53292,114.30
53308,114.30
53323,111.76
53340,111.76
53355,111.76
53370,111.76
53387,114.30
53402,111.76
53419,111.76
53434,111.76
53449,111.76
53466,111.76
53481,111.76
53497,111.76
53513,111.76
53529,111.76
53544,111.76
53560,111.76
53576,111.76
53592,114.30
53608,111.76
53623,111.76
53640,111.76
53655,111.76
53670,111.76
53687,111.76
53702,111.76
53719,111.76
53734,111.76
53749,111.76
53766,111.76
53781,111.76
53797,111.76
53813,111.76
53829,78.74
53844,76.20
53860,78.74
53876,78.74
53892,81.28
53907,78.74
53923,99.06
53939,121.92
53955,124.46
53970,83.82
53986,76.20
54002,76.20
54018,76.20
54034,76.20
54049,76.20
54065,76.20
54081,76.20
54096,78.74
54112,78.74
54128,76.20
54144,76.20
54160,76.20
54175,109.22
54191,114.30
54207,114.30
54222,81.28
54239,78.74
54254,76.20
54269,81.28
54286,83.82
54301,83.82
54318,91.44
54333,111.76
54348,109.22
54365,109.22
54380,109.22
54396,111.76
54412,109.22
54427,109.22
54444,109.22
54459,109.22
-1,-1
55475,109.22
55491,109.22
55506,109.22
55523,109.22
55538,109.22
55554,109.22
55570,109.22
55585,109.22
55602,109.22
55617,109.22
55633,109.22
55649,109.22
55664,109.22
55681,109.22
55696,109.22
55712,109.22
55728,109.22
55743,109.22
55759,111.76
55775,109.22
55791,109.22
55806,109.22
55823,109.22
55838,109.22
55854,109.22
55870,109.22
55885,109.22
55902,106.68
55917,86.36
55933,83.82
55949,83.82
55964,109.22
55981,111.76
55996,111.76
56012,78.74
56028,76.20
56043,78.74
56059,76.20
56075,78.74
56090,76.20
56107,76.20
56122,76.20
56138,76.20
56154,76.20
56169,76.20
56185,76.20
56201,78.74
56216,78.74
56232,78.74
56248,78.74
56264,121.92
56280,124.46
56295,127.00
56311,78.74
56327,78.74
56343,78.74
56358,76.20
56374,76.20
56390,76.20
56406,96.52
56421,111.76
56437,111.76
56453,111.76
56469,111.76
56484,111.76
56501,114.30
56516,111.76
56531,111.76
56548,111.76
56563,111.76
56580,111.76
56595,114.30
56610,111.76
56627,111.76
56642,111.76
56658,111.76
56674,111.76
56690,111.76
56706,111.76
56721,111.76
56737,111.76
56753,111.76
56769,111.76
56784,111.76
56801,111.76
56816,111.76
56832,111.76
56848,111.76
56863,111.76
56880,111.76
56895,114.30
56910,111.76
56927,111.76
56942,111.76
56958,111.76
56974,111.76
56990,111.76
57006,111.76
57021,111.76
57037,111.76
57053,111.76
57069,111.76
57084,111.76
57100,111.76
57116,114.30
57132,111.76
57148,114.30
57163,111.76
57180,114.30
57195,114.30
57210,114.30
57227,114.30
57242,114.30
57259,114.30
57274,114.30
57290,114.30
57306,114.30
57321,114.30
57337,114.30
57353,149.86
57369,157.48
57384,160.02
57400,160.02
57416,160.02
57432,160.02
57448,160.02
57463,160.02
57480,162.56
57495,162.56
57510,160.02
57527,160.02
57542,160.02
57559,160.02
57574,160.02
57590,160.02
57606,116.84
57621,116.84
57637,116.84
57653,116.84
57669,119.38
57684,116.84
57700,116.84
57716,114.30
57732,116.84
57748,114.30
57763,114.30
57780,114.30
57795,114.30
57810,114.30
57827,114.30
57842,116.84
57859,114.30
57874,114.30
57889,114.30
57906,111.76
57921,111.76
57937,111.76
57953,111.76
57969,111.76
57985,114.30
58000,114.30
58016,114.30
58032,114.30
58048,114.30
58063,114.30
58080,114.30
58095,114.30
58110,114.30
58127,114.30
58142,114.30
58159,111.76
-1,-1
59174,114.30
59190,114.30
59206,114.30
59222,114.30
59237,114.30
59253,114.30
59269,114.30
59285,114.30
59300,114.30
59316,114.30
59332,114.30
59347,111.76
59364,111.76
59379,111.76
59396,114.30
59411,114.30
59426,114.30
59443,114.30
59458,116.84
59474,114.30
59490,111.76
59506,111.76
59522,111.76
59537,114.30
59553,114.30
59569,114.30
59585,114.30
59600,114.30
59616,114.30
59632,114.30
59648,114.30
59664,114.30
59679,114.30
59696,114.30
59711,114.30
59726,114.30
59743,114.30
59758,114.30
59774,114.30
59790,114.30
59805,114.30
59822,114.30
59837,114.30
59853,114.30
59869,114.30
59885,116.84
59900,116.84
59916,116.84
59932,127.00
59948,129.54
59964,129.54
59979,132.08
59996,132.08
60011,132.08
60026,132.08
60043,157.48
60058,160.02
60075,160.02
60090,160.02
60105,160.02
60122,160.02
60137,160.02
60153,160.02
60169,160.02
60185,160.02
60200,160.02
60216,160.02
60232,160.02
60248,160.02
60264,160.02
60279,127.00
60295,114.30
60311,114.30
60326,114.30
60343,114.30
60358,114.30
60375,114.30
60390,111.76
60405,114.30
60422,114.30
60437,111.76
60453,111.76
60469,111.76
60485,111.76
60500,111.76
60516,111.76
60532,111.76
60548,111.76
60564,111.76
60579,111.76
60595,111.76
60611,111.76
60626,111.76
60643,111.76
60658,111.76
60675,111.76
60690,111.76
60705,111.76
60722,111.76
60737,114.30
60753,114.30
60769,111.76
60785,111.76
60801,114.30
60816,111.76
60832,111.76
60848,111.76
60864,111.76
60879,111.76
60895,111.76
60911,111.76
60926,111.76
60943,114.30
60958,114.30
60975,111.76
60990,114.30
61005,111.76
61022,114.30
61037,111.76
61053,111.76
61069,111.76
61085,114.30
61101,111.76
61116,111.76
61132,111.76
61148,111.76
61164,111.76
61179,111.76
61195,111.76
61211,111.76
61227,116.84
61243,116.84
61258,116.84
61275,81.28
61290,76.20
61305,78.74
61322,106.68
61337,124.46
61353,124.46
61369,88.90
61384,78.74
61401,78.74
61416,76.20
61431,76.20
61448,76.20
61463,78.74
61479,76.20
61495,76.20
61510,76.20
61527,78.74
61542,78.74
61558,78.74
61574,76.20
61589,76.20
61605,76.20
61621,96.52
61636,111.76
61652,111.76
61668,81.28
61684,76.20
61700,76.20
61715,81.28
61731,109.22
61747,109.22
61763,109.22
61778,109.22
61794,109.22
61810,109.22
61826,109.22
61842,109.22
61857,109.22
-1,-1
62873,109.22
62889,109.22
62905,109.22
62920,109.22
62937,109.22
62952,109.22
62968,109.22
62984,109.22
63000,109.22
63015,109.22
63031,109.22
63047,109.22
63063,109.22
63079,109.22
63094,109.22
63111,111.76
63126,109.22
63141,109.22
63158,109.22
63173,109.22
63190,109.22
63205,109.22
63220,109.22
63237,109.22
63252,109.22
63268,109.22
63284,109.22
63300,109.22
63315,111.76
63331,111.76
63347,111.76
63363,114.30
63379,111.76
63394,111.76
63411,78.74
63426,76.20
63441,78.74
63458,76.20
63473,76.20
63489,76.20
63505,93.98
63520,127.00
63537,127.00
63552,106.68
63567,86.36
63584,86.36
63599,86.36
63616,121.92
63631,127.00
63646,127.00
63663,81.28
63678,78.74
63694,78.74
63710,119.38
63725,127.00
63741,127.00
63757,114.30
63773,111.76
63789,114.30
63805,114.30
63820,114.30
63836,114.30
63852,114.30
63867,111.76
63884,111.76
63899,111.76
63915,111.76
63931,114.30
63946,111.76
63963,111.76
63978,111.76
63994,111.76
64010,114.30
64025,114.30
64041,111.76
64057,109.22
64073,109.22
64089,111.76
64105,111.76
64120,111.76
64136,111.76
64152,111.76
64167,111.76
64184,111.76
64199,111.76
64215,109.22
64231,109.22
64246,109.22
64263,109.22
64278,109.22
64294,109.22
64310,111.76
64325,114.30
64342,111.76
64357,111.76
64373,114.30
64389,111.76
64405,111.76
64420,111.76
64436,111.76
64452,111.76
64467,111.76
64484,111.76
64499,111.76
64515,111.76
64531,111.76
64546,111.76
64563,114.30
64578,111.76
64594,111.76
64610,114.30
64625,114.30
64642,114.30
64657,114.30
64673,114.30
64689,114.30
64705,152.40
64720,160.02
64736,160.02
64752,160.02
64768,160.02
64784,160.02
64799,160.02
64815,160.02
64831,160.02
64846,160.02
64863,160.02
64878,160.02
64894,160.02
64910,160.02
64925,160.02
64942,160.02
64957,160.02
64973,157.48
64989,160.02
65004,121.92
65020,119.38
65036,119.38
65052,116.84
65068,119.38
65084,116.84
65099,116.84
65115,116.84
65131,119.38
65146,116.84
65163,114.30
65178,114.30
65193,114.30
65210,114.30
65225,114.30
65242,114.30
65257,114.30
65273,114.30
65289,116.84
65304,114.30
65320,114.30
65336,114.30
65352,111.76
65368,114.30
65383,111.76
65399,111.76
65415,111.76
65431,111.76
65446,114.30
65463,114.30
65478,114.30
65494,114.30
65510,114.30
65525,114.30
65542,114.30
65557,114.30
-1,-1
66573,111.76
66589,114.30
66605,114.30
66620,114.30
66636,114.30
66652,116.84
66668,114.30
66683,114.30
66700,114.30
66715,114.30
66731,114.30
66747,114.30
66762,114.30
66779,114.30
66794,114.30
66809,116.84
66826,114.30
66841,114.30
66857,111.76
66873,111.76
66889,114.30
66905,114.30
66920,114.30
66936,111.76
66952,111.76
66968,111.76
66983,114.30
67000,114.30
67015,114.30
67031,114.30
67047,111.76
67062,111.76
67079,111.76
67094,114.30
67109,116.84
67126,114.30
67141,114.30
67158,114.30
67173,114.30
67189,114.30
67205,116.84
67220,114.30
67236,114.30
67252,114.30
67268,114.30
67283,114.30
67300,114.30
67315,114.30
67331,116.84
67347,116.84
67362,116.84
67379,119.38
67394,129.54
67409,129.54
67426,129.54
67441,157.48
67458,160.02
67473,160.02
67489,160.02
67505,160.02
67520,160.02
67536,160.02
67552,160.02
67568,160.02
67584,160.02
67600,160.02
67615,160.02
67631,160.02
67647,160.02
67662,160.02
67679,162.56
67694,162.56
67709,162.56
67726,139.70
67741,114.30
67758,114.30
67773,114.30
67789,111.76
67805,111.76
67820,111.76
67836,111.76
67852,114.30
67868,111.76
67884,111.76
67899,111.76
67915,114.30
67931,114.30
67947,111.76
67962,111.76
67979,111.76
67994,111.76
68009,111.76
68026,111.76
68041,111.76
68058,111.76
68073,111.76
68089,109.22
68105,109.22
68120,109.22
68136,109.22
68152,109.22
68168,109.22
68184,111.76
68199,111.76
68215,111.76
68231,109.22
68247,109.22
68262,109.22
68279,111.76
68294,111.76
68310,114.30
68326,111.76
68341,111.76
68358,114.30
68373,111.76
68389,114.30
68405,111.76
68420,111.76
68436,114.30
68452,114.30
68468,111.76
68484,111.76
68499,111.76
68515,111.76
68531,111.76
68547,111.76
68562,111.76
68579,111.76
68594,114.30
68610,111.76
68626,114.30
68641,111.76
68658,111.76
68673,114.30
68689,114.30
68705,114.30
68720,121.92
68737,127.00
68752,129.54
68768,96.52
68784,76.20
68799,76.20
68815,76.20
68831,76.20
68847,76.20
68862,76.20
68878,121.92
68894,127.00
68910,127.00
68926,78.74
68941,76.20
68957,78.74
68973,76.20
68988,76.20
69004,76.20
69020,91.44
69036,111.76
69052,111.76
69067,83.82
69083,76.20
69099,76.20
69114,78.74
69131,109.22
69146,109.22
69161,109.22
69178,109.22
69193,109.22
69210,109.22
69225,109.22
69241,109.22
69257,109.22
-1,-1
70273,109.22
70288,109.22
70304,109.22
70320,109.22
70336,109.22
70351,109.22
70368,109.22
70383,109.22
70398,109.22
70415,109.22
70430,109.22
70447,109.22
70462,109.22
70477,109.22
70494,109.22
70509,109.22
70525,109.22
70541,109.22
70557,109.22
70573,109.22
70588,109.22
70604,109.22
70620,111.76
70636,109.22
70651,109.22
70668,109.22
70683,109.22
70699,109.22
70715,111.76
70730,111.76
70747,111.76
70762,78.74
70777,78.74
70794,78.74
70809,76.20
70825,76.20
70841,76.20
70856,76.20
70873,76.20
70888,76.20
70903,88.90
70920,124.46
70935,127.00
70951,106.68
70967,78.74
70982,76.20
70999,76.20
71014,76.20
71030,76.20
71046,78.74
71061,76.20
71077,76.20
71093,76.20
71108,101.60
71124,114.30
71140,114.30
71156,81.28
71172,76.20
71188,76.20
71203,86.36
71219,111.76
71235,111.76
71250,111.76
71267,111.76
71282,111.76
71298,111.76
71314,111.76
71329,111.76
71346,111.76
71361,111.76
71376,111.76
71393,111.76
71408,111.76
71425,111.76
71440,111.76
71456,114.30
71472,111.76
71487,111.76
71503,111.76
71519,109.22
71535,111.76
71550,111.76
71567,111.76
71582,111.76
71598,111.76
71614,111.76
71629,111.76
71646,111.76
71661,109.22
71677,109.22
71693,109.22
71708,111.76
71725,111.76
71740,111.76
71756,111.76
71772,111.76
71787,111.76
71803,111.76
71819,111.76
71835,111.76
71851,111.76
71867,111.76
71882,111.76
71898,111.76
71914,111.76
71929,111.76
71946,111.76
71961,111.76
71977,111.76
71993,111.76
72008,157.48
72025,162.56
72040,162.56
72056,119.38
72072,114.30
72088,114.30
72103,134.62
72119,160.02
72135,160.02
72151,160.02
72167,160.02
72182,160.02
72198,160.02
72214,160.02
72229,160.02
72246,160.02
72261,160.02
72278,160.02
72293,160.02
72308,160.02
72325,160.02
72340,160.02
72356,160.02
72372,160.02
72387,160.02
72403,160.02
72419,160.02
72435,160.02
72451,134.62
72467,132.08
72482,132.08
72498,121.92
72514,121.92
72529,121.92
72546,119.38
72561,116.84
72577,116.84
72593,116.84
72608,116.84
72625,114.30
72640,116.84
72656,116.84
72672,114.30
72687,114.30
72704,114.30
72719,114.30
72735,114.30
72751,114.30
72767,114.30
72782,114.30
72798,114.30
72814,114.30
72829,114.30
72846,114.30
72861,114.30
72877,114.30
72893,114.30
72908,114.30
72925,114.30
72940,114.30
72956,114.30
-1,-1
73972,114.30
73988,116.84
74003,119.38
74019,116.84
74035,116.84
74051,116.84
74066,119.38
74083,60.96
74098,40.64
74114,38.10
74130,40.64
74145,111.76
74162,114.30
74177,114.30
74192,114.30
74209,114.30
74224,114.30
74241,114.30
74256,114.30
74271,114.30
74288,116.84
74303,116.84
74319,116.84
74335,116.84
74351,114.30
74366,114.30
74382,114.30
74398,116.84
74414,114.30
74430,114.30
74445,114.30
74462,116.84
74477,114.30
74492,114.30
74509,114.30
74524,114.30
74541,114.30
74556,114.30
74571,114.30
74588,116.84
74603,116.84
74619,116.84
74635,132.08
74651,160.02
74667,160.02
74682,139.70
74698,129.54
74714,129.54
74730,132.08
74745,132.08
74762,134.62
74777,132.08
74792,157.48
74809,160.02
74824,160.02
74841,160.02
74856,160.02
74871,160.02
74888,160.02
74903,160.02
74919,162.56
74935,160.02
74951,160.02
74967,160.02
74982,160.02
74998,160.02
75014,160.02
75030,160.02
75045,160.02
75061,160.02
75077,160.02
75092,162.56
75109,162.56
75124,147.32
75141,114.30
75156,114.30
75171,114.30
75188,111.76
75203,111.76
75219,114.30
75235,111.76
75251,111.76
75267,111.76
75282,111.76
75298,111.76
75314,111.76
75330,111.76
75345,111.76
75361,111.76
75377,111.76
75393,111.76
75409,111.76
75424,111.76
75441,111.76
75456,111.76
75471,111.76
75488,109.22
75503,109.22
75520,109.22
75535,109.22
75551,109.22
75567,109.22
75582,109.22
75598,109.22
75614,109.22
75630,111.76
75645,111.76
75662,111.76
75677,111.76
75693,111.76
75709,111.76
75724,111.76
75741,111.76
75756,111.76
75771,111.76
75788,111.76
75803,111.76
75820,111.76
75835,111.76
75851,111.76
75867,114.30
75882,114.30
75898,111.76
75914,111.76
75930,111.76
75945,111.76
75962,111.76
75977,78.74
75993,78.74
76009,78.74
76024,78.74
76040,76.20
76056,76.20
76071,76.20
76088,76.20
76103,76.20
76119,76.20
76135,76.20
76150,76.20
76167,78.74
76182,78.74
76197,78.74
76214,78.74
76229,76.20
76244,76.20
76261,78.74
76276,76.20
76293,76.20
76308,73.66
76323,76.20
76340,76.20
76355,76.20
76370,83.82
76387,86.36
76402,86.36
76419,78.74
76434,76.20
76449,76.20
76466,81.28
76481,109.22
76497,109.22
76513,109.22
76528,109.22
76545,109.22
76560,109.22
76576,109.22
76592,109.22
76608,109.22
76623,109.22
76639,109.22
76655,109.22
-1,-1
77671,109.22
77686,109.22
77703,111.76
77718,109.22
77734,109.22
77750,109.22
77765,109.22
77782,109.22
77797,109.22
77813,109.22
77829,109.22
77844,109.22
77860,109.22
77876,109.22
77892,109.22
77907,109.22
77924,109.22
77939,109.22
77955,109.22
77971,109.22
77986,109.22
78003,109.22
78018,109.22
78034,109.22
78050,109.22
78065,109.22
78082,109.22
78097,109.22
78113,109.22
78129,109.22
78144,109.22
78160,88.90
78176,86.36
78192,86.36
78208,78.74
78223,76.20
78239,76.20
78255,76.20
78271,76.20
78286,76.20
78302,76.20
78318,76.20
78333,78.74
78349,78.74
78365,76.20
78381,76.20
78397,76.20
78412,78.74
78428,78.74
78444,78.74
78459,116.84
78476,124.46
78491,124.46
78507,116.84
78523,114.30
78538,114.30
78555,114.30
78570,111.76
78585,111.76
78602,111.76
78617,111.76
78633,111.76
78649,114.30
78665,111.76
78681,111.76
78696,111.76
78712,111.76
78728,111.76
78744,111.76
78759,111.76
78775,111.76
78791,111.76
78807,111.76
78823,111.76
78838,111.76
78855,111.76
78870,111.76
78885,114.30
78902,111.76
78917,111.76
78934,111.76
78949,111.76
78965,109.22
78981,109.22
78996,111.76
79012,109.22
79028,109.22
79044,109.22
79059,111.76
79075,111.76
79091,111.76
79107,111.76
79123,111.76
79138,111.76
79155,111.76
79170,111.76
79185,111.76
79202,111.76
79217,111.76
79234,111.76
79249,111.76
79265,111.76
79281,111.76
79296,111.76
79312,111.76
79328,111.76
79344,111.76
79360,111.76
79376,111.76
79391,111.76
79407,116.84
79423,116.84
79438,116.84
79455,116.84
79470,114.30
79485,116.84
79502,132.08
79517,157.48
79534,160.02
79549,160.02
79565,160.02
79581,160.02
79596,160.02
79612,160.02
79628,160.02
79644,160.02
79660,160.02
79675,160.02
79691,160.02
79707,160.02
79723,160.02
79738,160.02
79755,134.62
79770,132.08
79785,132.08
79802,129.54
79817,129.54
79834,129.54
79849,144.78
79865,157.48
79881,160.02
79896,127.00
79912,116.84
79928,116.84
79944,114.30
79960,114.30
79975,114.30
79991,116.84
80007,116.84
80023,116.84
80038,116.84
80055,116.84
80070,116.84
80086,116.84
80102,114.30
80117,114.30
80134,116.84
80149,114.30
80164,114.30
80181,114.30
80196,114.30
80212,114.30
80228,114.30
80244,114.30
80260,114.30
80275,114.30
80291,114.30
80307,114.30
80323,114.30
80338,114.30
80355,114.30
-1,-1
81371,38.10
81386,38.10
81401,38.10
81418,40.64
81433,63.50
81448,114.30
81465,114.30
81480,71.12
81497,43.18
81512,40.64
81527,38.10
81544,111.76
81559,116.84
81575,116.84
81591,43.18
81606,40.64
81623,38.10
81638,99.06
81654,114.30
81670,116.84
81685,114.30
81701,114.30
81717,114.30
81733,116.84
81748,114.30
81765,114.30
81780,114.30
81796,114.30
81812,114.30
81827,116.84
81844,114.30
81859,114.30
81875,114.30
81891,114.30
81906,114.30
81923,114.30
81938,116.84
81954,119.38
81970,116.84
81985,114.30
82001,114.30
82017,114.30
82033,116.84
82049,119.38
82065,116.84
82080,121.92
82096,129.54
82112,132.08
82127,129.54
82144,157.48
82159,160.02
82176,160.02
82191,132.08
82206,129.54
82223,129.54
82238,154.94
82254,160.02
82270,160.02
82285,160.02
82301,157.48
82317,157.48
82333,160.02
82349,160.02
82365,160.02
82380,160.02
82396,160.02
82412,160.02
82427,160.02
82444,160.02
82459,160.02
82475,160.02
82491,162.56
82506,162.56
82523,162.56
82538,114.30
82553,114.30
82570,114.30
82585,111.76
82601,111.76
82617,111.76
82633,111.76
82649,111.76
82664,111.76
82680,111.76
82696,111.76
82712,114.30
82727,111.76
82744,111.76
82759,111.76
82775,111.76
82791,111.76
82806,111.76
82823,111.76
82838,111.76
82853,111.76
82870,111.76
82885,109.22
82902,109.22
82917,109.22
82933,111.76
82949,111.76
82964,111.76
82980,111.76
82996,111.76
83012,111.76
83027,111.76
83044,111.76
83059,111.76
83075,111.76
83091,111.76
83106,111.76
83123,111.76
83138,111.76
83153,111.76
83170,114.30
83185,111.76
83202,111.76
83217,111.76
83233,111.76
83249,111.76
83264,114.30
83280,111.76
83296,111.76
83312,114.30
83328,111.76
83344,111.76
83359,111.76
83375,114.30
83391,111.76
83406,111.76
83423,111.76
83438,111.76
83453,111.76
83470,114.30
83485,127.00
83502,127.00
83517,106.68
83533,78.74
83549,78.74
83564,78.74
83580,76.20
83596,76.20
83611,78.74
83628,78.74
83643,78.74
83659,78.74
83675,76.20
83690,76.20
83706,76.20
83722,78.74
83737,78.74
83753,78.74
83769,78.74
83785,76.20
83801,78.74
83816,78.74
83832,78.74
83848,78.74
83863,78.74
83879,86.36
83895,86.36
83911,86.36
83927,109.22
83942,111.76
83958,111.76
83974,111.76
83990,111.76
84005,111.76
84021,109.22
84037,109.22
84052,109.22
-1,-1
85068,109.22
85085,109.22
85100,109.22
85116,109.22
85132,109.22
85147,109.22
85164,109.22
85179,109.22
85195,109.22
85211,109.22
85227,109.22
85242,109.22
85258,109.22
85274,109.22
85289,109.22
85306,109.22
85321,109.22
85338,109.22
85353,109.22
85368,109.22
85385,109.22
85400,109.22
85416,109.22
85432,109.22
85447,109.22
85464,111.76
85479,111.76
85495,111.76
85511,78.74
85527,76.20
85542,76.20
85558,76.20
85574,78.74
85590,76.20
85605,76.20
85621,76.20
85637,78.74
85653,76.20
85668,76.20
85684,76.20
85700,76.20
85715,76.20
85731,76.20
85747,76.20
85763,76.20
85779,76.20
85794,78.74
85810,76.20
85826,76.20
85841,76.20
85858,76.20
85873,76.20
85889,76.20
85905,76.20
85920,76.20
85936,78.74
85952,78.74
85967,109.22
85984,111.76
85999,111.76
86014,111.76
86031,111.76
86046,111.76
86063,111.76
86078,111.76
86094,111.76
86110,111.76
86125,111.76
86141,114.30
86157,111.76
86173,111.76
86189,111.76
86204,111.76
86220,111.76
86236,114.30
86252,111.76
86267,111.76
86284,111.76
86299,111.76
86315,111.76
86331,111.76
86346,111.76
86363,111.76
86378,111.76
86394,111.76
86410,109.22
86425,111.76
86441,109.22
86457,109.22
86473,109.22
86489,111.76
86504,109.22
86520,109.22
86536,109.22
86552,109.22
86567,109.22
86584,109.22
86599,111.76
86615,111.76
86631,111.76
86646,111.76
86663,111.76
86678,111.76
86694,111.76
86710,111.76
86725,111.76
86742,111.76
86757,111.76
86773,111.76
86789,111.76
86804,111.76
86820,111.76
86836,114.30
86852,111.76
86867,111.76
86884,111.76
86899,129.54
86915,160.02
86931,160.02
86946,157.48
86963,160.02
86978,160.02
86994,160.02
87010,160.02
87025,160.02
87042,160.02
87057,160.02
87073,160.02
87089,160.02
87104,160.02
87120,160.02
87136,160.02
87152,160.02
87168,160.02
87184,160.02
87199,127.00
87215,119.38
87231,116.84
87246,124.46
87263,129.54
87278,129.54
87293,124.46
87310,116.84
87325,116.84
87342,119.38
87357,116.84
87373,119.38
87389,116.84
87404,114.30
87420,114.30
87436,116.84
87452,114.30
87468,116.84
87484,114.30
87499,114.30
87515,114.30
87531,114.30
87546,111.76
87563,111.76
87578,111.76
87593,111.76
87610,111.76
87625,111.76
87642,114.30
87657,114.30
87673,114.30
87689,114.30
87704,114.30
87720,114.30
87736,114.30
87752,114.30
-1,-1
