14,368.30
30,340.36
46,297.18
61,297.18
77,347.98
93,365.76
108,365.76
124,365.76
140,363.22
155,365.76
172,365.76
187,368.30
202,370.84
219,370.84
234,322.58
249,294.64
266,292.10
281,307.34
296,307.34
313,304.80
328,304.80
344,304.80
360,307.34
375,355.60
391,353.06
407,353.06
422,353.06
438,347.98
454,347.98
470,345.44
485,299.72
501,304.80
517,165.10
532,165.10
548,165.10
564,162.56
579,165.10
595,162.56
611,132.08
626,132.08
642,132.08
658,132.08
673,162.56
689,162.56
705,162.56
720,160.02
736,162.56
752,160.02
768,160.02
783,160.02
799,162.56
815,162.56
830,162.56
846,162.56
862,160.02
877,160.02
893,160.02
909,160.02
924,160.02
941,162.56
956,162.56
971,160.02
988,162.56
1003,160.02
1018,162.56
1035,162.56
1050,162.56
1067,160.02
1082,162.56
1097,162.56
1114,160.02
1129,160.02
1144,160.02
1161,160.02
1176,160.02
1192,160.02
1208,121.92
1223,121.92
1240,121.92
1255,139.70
1270,162.56
1287,162.56
1302,109.22
1318,116.84
1334,114.30
1349,116.84
1366,111.76
1381,114.30
1396,114.30
1413,111.76
1428,111.76
1444,111.76
1460,114.30
1475,111.76
1491,111.76
1507,111.76
1522,111.76
1539,111.76
1554,111.76
1570,111.76
1586,114.30
1601,114.30
1617,114.30
1633,111.76
1648,111.76
1665,111.76
1680,111.76
1696,111.76
1712,111.76
1727,111.76
1743,114.30
1759,111.76
1774,111.76
1790,111.76
1806,114.30
1822,111.76
1838,114.30
1853,114.30
1869,114.30
1885,114.30
1900,111.76
1916,111.76
1932,111.76
1948,81.28
1964,78.74
1979,81.28
1995,78.74
2011,78.74
2026,78.74
2042,78.74
2058,76.20
2073,76.20
2089,76.20
2105,76.20
2120,76.20
2137,76.20
2152,76.20
2167,76.20
2184,76.20
2199,81.28
2214,78.74
2231,78.74
2246,76.20
2262,76.20
2278,76.20
2293,81.28
2309,78.74
2325,78.74
2340,78.74
2356,78.74
2372,78.74
2387,78.74
2403,78.74
2419,76.20
2435,76.20
2450,78.74
2466,78.74
2482,78.74
2497,78.74
2513,78.74
2529,78.74
2544,78.74
2561,78.74
2576,78.74
2591,81.28
2608,78.74
2623,78.74
2638,104.14
2655,111.76
2670,111.76
2685,111.76
-1,-1
3701,109.22
3718,109.22
3733,111.76
3748,111.76
3765,111.76
3780,109.22
3796,109.22
3812,111.76
3827,109.22
3844,109.22
3859,109.22
3874,109.22
3891,109.22
3906,109.22
3922,109.22
3938,109.22
3953,109.22
3970,111.76
3985,109.22
4001,109.22
4017,109.22
4032,109.22
4048,109.22
4064,109.22
4079,81.28
4096,78.74
4111,78.74
4126,78.74
4143,78.74
4158,78.74
4173,76.20
4190,76.20
4205,76.20
4220,76.20
4237,76.20
4252,76.20
4268,76.20
4284,78.74
4299,76.20
4315,76.20
4331,78.74
4346,78.74
4362,78.74
4378,76.20
4393,76.20
4409,76.20
4425,76.20
4441,76.20
4456,76.20
4472,76.20
4488,76.20
4503,76.20
4519,76.20
4535,76.20
4550,76.20
4567,76.20
4582,81.28
4597,78.74
4614,81.28
4629,76.20
4644,76.20
4661,76.20
4676,78.74
4691,78.74
4708,78.74
4723,114.30
4740,114.30
4755,114.30
4770,111.76
4787,111.76
4802,111.76
4817,111.76
4834,111.76
4849,111.76
4866,111.76
4881,111.76
4896,111.76
4913,111.76
4928,111.76
4943,114.30
4960,111.76
4975,111.76
4992,111.76
5007,111.76
5022,111.76
5039,111.76
5054,111.76
5069,111.76
5086,111.76
5101,111.76
5117,111.76
5133,111.76
5148,114.30
5165,111.76
5180,111.76
5195,111.76
5212,111.76
5227,111.76
5243,114.30
5259,111.76
5274,111.76
5291,111.76
5306,111.76
5321,111.76
5338,111.76
5353,111.76
5369,111.76
5385,114.30
5400,111.76
5416,114.30
5432,114.30
5447,114.30
5464,165.10
5479,160.02
5495,160.02
5511,160.02
5526,160.02
5542,160.02
5558,160.02
5573,162.56
5590,162.56
5605,162.56
5621,160.02
5637,160.02
5652,162.56
5668,162.56
5684,162.56
5699,160.02
5715,160.02
5731,160.02
5747,162.56
5763,162.56
5778,160.02
5794,160.02
5810,160.02
5825,160.02
5841,160.02
5857,160.02
5873,160.02
5889,160.02
5904,162.56
5920,160.02
5936,160.02
5951,162.56
5967,162.56
5983,162.56
5999,160.02
6014,160.02
6030,160.02
6046,160.02
6062,162.56
6077,165.10
6093,165.10
6109,162.56
6125,162.56
6140,162.56
6156,170.18
6172,167.64
6188,170.18
6203,170.18
6219,347.98
6235,350.52
6251,350.52
6266,119.38
6282,119.38
6298,119.38
6313,116.84
6329,119.38
6345,119.38
6361,144.78
6377,294.64
-1,-1
7393,299.72
7408,304.80
7424,304.80
7440,304.80
7455,297.18
7471,297.18
7487,299.72
7502,299.72
7519,299.72
7534,302.26
7549,302.26
7566,307.34
7581,307.34
7598,307.34
7613,304.80
7628,304.80
7645,307.34
7660,289.56
7675,289.56
7692,289.56
7707,363.22
7724,363.22
7739,360.68
7754,368.30
7771,368.30
7786,370.84
7801,116.84
7818,119.38
7833,119.38
7849,165.10
7865,165.10
7880,167.64
7897,129.54
7912,132.08
7927,132.08
7944,167.64
7959,162.56
7975,162.56
7991,162.56
8006,162.56
8023,162.56
8038,162.56
8053,162.56
8070,162.56
8085,162.56
8101,160.02
8117,160.02
8132,160.02
8148,160.02
8164,160.02
8180,160.02
8196,160.02
8211,160.02
8227,162.56
8243,160.02
8258,160.02
8274,160.02
8290,162.56
8306,162.56
8322,160.02
8337,160.02
8353,162.56
8369,162.56
8384,162.56
8400,160.02
8416,160.02
8431,162.56
8448,162.56
8463,160.02
8479,162.56
8495,160.02
8510,162.56
8526,162.56
8542,160.02
8558,160.02
8573,160.02
8589,165.10
8605,162.56
8621,162.56
8636,116.84
8652,116.84
8668,116.84
8683,114.30
8699,111.76
8715,111.76
8731,111.76
8747,111.76
8762,111.76
8778,111.76
8794,111.76
8810,111.76
8825,111.76
8841,111.76
8857,111.76
8872,111.76
8888,111.76
8904,111.76
8920,111.76
8936,111.76
8951,114.30
8967,114.30
8983,111.76
8998,111.76
9014,111.76
9030,111.76
9046,111.76
9062,111.76
9077,111.76
9093,111.76
9109,111.76
9124,111.76
9140,111.76
9156,111.76
9171,114.30
9188,111.76
9203,111.76
9219,111.76
9235,111.76
9250,111.76
9266,111.76
9282,111.76
9297,111.76
9314,111.76
9329,78.74
9345,78.74
9361,81.28
9376,78.74
9392,81.28
9408,81.28
9423,78.74
9439,76.20
9455,76.20
9470,76.20
9486,76.20
9502,76.20
9518,76.20
9533,76.20
9549,76.20
9565,76.20
9580,76.20
9596,76.20
9612,76.20
9627,76.20
9644,76.20
9659,76.20
9674,76.20
9691,78.74
9706,76.20
9721,76.20
9738,76.20
9753,78.74
9768,76.20
9785,76.20
9800,76.20
9816,76.20
9832,76.20
9847,76.20
9863,76.20
9879,78.74
9894,78.74
9910,78.74
9926,78.74
9942,78.74
9957,78.74
9973,111.76
9989,109.22
10004,109.22
10020,109.22
10036,111.76
10052,109.22
10067,109.22
-1,-1
11083,109.22
11100,109.22
11115,109.22
11130,109.22
11147,109.22
11162,109.22
11179,109.22
11194,109.22
11210,109.22
11226,109.22
11241,109.22
11257,109.22
11273,109.22
11289,109.22
11304,109.22
11320,109.22
11336,109.22
11352,109.22
11368,109.22
11383,109.22
11400,109.22
11415,109.22
11430,111.76
11447,109.22
11462,109.22
11479,109.22
11494,109.22
11510,78.74
11526,78.74
11541,78.74
11557,78.74
11573,78.74
11588,78.74
11604,78.74
11620,78.74
11636,78.74
11652,76.20
11667,76.20
11683,76.20
11699,76.20
11714,76.20
11730,76.20
11746,76.20
11762,76.20
11778,76.20
11793,76.20
11809,76.20
11825,76.20
11840,76.20
11856,78.74
11872,78.74
11888,78.74
11904,76.20
11919,76.20
11935,78.74
11951,76.20
11966,76.20
11982,76.20
11998,76.20
12014,76.20
12029,76.20
12045,76.20
12061,76.20
12077,76.20
12092,76.20
12108,78.74
12124,78.74
12140,78.74
12155,114.30
12171,114.30
12187,111.76
12203,111.76
12219,111.76
12234,111.76
12250,111.76
12266,111.76
12281,111.76
12298,111.76
12313,111.76
12329,111.76
12345,111.76
12360,111.76
12377,111.76
12392,111.76
12408,111.76
12424,111.76
12440,111.76
12455,111.76
12471,111.76
12487,111.76
12503,111.76
12519,111.76
12534,114.30
12550,114.30
12566,111.76
12581,114.30
12598,114.30
12613,114.30
12630,114.30
12645,111.76
12660,111.76
12677,114.30
12692,111.76
12708,111.76
12724,111.76
12740,119.38
12755,116.84
12771,114.30
12787,116.84
12803,162.56
12819,162.56
12834,162.56
12850,162.56
12866,160.02
12881,160.02
12898,162.56
12913,162.56
12930,160.02
12945,160.02
12960,160.02
12977,160.02
12992,162.56
13008,160.02
13024,160.02
13039,160.02
13056,162.56
13071,162.56
13087,162.56
13103,162.56
13119,162.56
13134,162.56
13150,160.02
13166,160.02
13181,160.02
13198,160.02
13213,160.02
13230,162.56
13245,160.02
13260,160.02
13277,160.02
13292,160.02
13308,160.02
13324,160.02
13339,160.02
13356,160.02
13371,160.02
13387,160.02
13403,162.56
13419,160.02
13434,162.56
13450,162.56
13466,162.56
13481,162.56
13498,165.10
13513,165.10
13529,162.56
13545,165.10
13560,167.64
13577,165.10
13592,167.64
13608,317.50
13624,320.04
13639,320.04
13656,297.18
13671,297.18
13687,119.38
13703,119.38
13718,121.92
13734,121.92
13750,365.76
13766,363.22
-1,-1
14782,289.56
14797,292.10
14814,292.10
14829,297.18
14844,297.18
14861,297.18
14876,297.18
14893,294.64
14908,294.64
14924,294.64
14940,297.18
14955,297.18
14971,294.64
14987,294.64
15003,294.64
15019,297.18
15035,302.26
15050,302.26
15066,302.26
15082,297.18
15097,297.18
15114,297.18
15129,294.64
15144,294.64
15161,297.18
15176,299.72
15193,294.64
15208,299.72
15224,297.18
15240,302.26
15255,299.72
15271,134.62
15287,132.08
15303,132.08
15319,154.94
15335,167.64
15350,167.64
15366,165.10
15382,165.10
15397,162.56
15414,106.68
15429,121.92
15444,121.92
15461,119.38
15476,160.02
15493,160.02
15508,160.02
15524,160.02
15540,162.56
15555,162.56
15571,160.02
15587,160.02
15603,162.56
15619,160.02
15634,160.02
15650,162.56
15666,162.56
15682,160.02
15697,162.56
15714,160.02
15729,160.02
15745,160.02
15761,160.02
15776,162.56
15793,160.02
15808,160.02
15823,160.02
15840,162.56
15855,162.56
15872,160.02
15887,162.56
15903,160.02
15919,160.02
15934,160.02
15950,160.02
15966,160.02
15982,160.02
15997,162.56
16014,119.38
16029,119.38
16045,119.38
16061,114.30
16076,116.84
16093,116.84
16108,111.76
16123,111.76
16140,111.76
16155,114.30
16172,111.76
16187,111.76
16203,114.30
16219,114.30
16234,111.76
16250,111.76
16266,111.76
16282,114.30
16297,114.30
16314,111.76
16329,111.76
16345,114.30
16361,111.76
16376,111.76
16393,114.30
16408,111.76
16423,111.76
16440,111.76
16455,111.76
16472,111.76
16487,111.76
16503,111.76
16519,116.84
16534,114.30
16550,114.30
16566,111.76
16582,114.30
16598,114.30
16614,111.76
16629,111.76
16645,114.30
16661,114.30
16676,111.76
16693,111.76
16708,111.76
16723,111.76
16740,111.76
16755,81.28
16772,81.28
16787,81.28
16802,76.20
16819,78.74
16834,76.20
16850,76.20
16866,78.74
16881,78.74
16898,76.20
16913,76.20
16928,76.20
16945,76.20
16960,76.20
16976,76.20
16992,76.20
17007,76.20
17024,78.74
17039,76.20
17054,78.74
17071,78.74
17086,78.74
17102,76.20
17118,76.20
17133,76.20
17149,81.28
17165,78.74
17180,81.28
17197,78.74
17212,76.20
17228,78.74
17244,76.20
17259,76.20
17275,76.20
17291,76.20
17306,83.82
17323,83.82
17338,83.82
17354,78.74
17370,78.74
17385,78.74
17401,111.76
17417,111.76
17433,111.76
17448,109.22
17464,109.22
-1,-1
18480,109.22
18496,109.22
18511,109.22
18528,109.22
18543,111.76
18560,109.22
18575,109.22
18590,109.22
18607,109.22
18622,109.22
18638,109.22
18654,109.22
18669,109.22
18685,109.22
18701,109.22
18717,109.22
18733,109.22
18749,109.22
18764,109.22
18780,109.22
18796,109.22
18811,109.22
18828,111.76
18843,109.22
18860,109.22
18875,109.22
18890,109.22
18907,109.22
18922,109.22
18938,78.74
18954,78.74
18969,81.28
18985,78.74
19001,78.74
19017,78.74
19033,78.74
19048,78.74
19064,78.74
19080,78.74
19095,78.74
19111,78.74
19127,78.74
19143,78.74
19159,78.74
19174,78.74
19190,78.74
19206,78.74
19221,78.74
19237,76.20
19253,76.20
19269,76.20
19284,76.20
19300,76.20
19316,78.74
19332,76.20
19347,76.20
19363,76.20
19379,76.20
19395,76.20
19410,78.74
19426,76.20
19442,76.20
19458,76.20
19473,83.82
19489,114.30
19505,114.30
19521,114.30
19536,111.76
19553,111.76
19568,111.76
19584,114.30
19600,111.76
19615,111.76
19632,111.76
19647,111.76
19662,111.76
19679,111.76
19694,111.76
19710,111.76
19726,111.76
19742,111.76
19758,111.76
19773,114.30
19789,111.76
19805,111.76
19821,114.30
19836,111.76
19852,111.76
19868,111.76
19884,114.30
19900,111.76
19915,114.30
19932,111.76
19947,111.76
19962,111.76
19979,111.76
19994,111.76
20011,111.76
20026,111.76
20042,111.76
20058,111.76
20073,111.76
20089,111.76
20105,111.76
20121,114.30
20136,114.30
20152,114.30
20168,111.76
20184,111.76
20200,111.76
20215,111.76
20232,162.56
20247,162.56
20262,162.56
20279,160.02
20294,160.02
20311,160.02
20326,160.02
20342,162.56
20358,160.02
20373,160.02
20389,160.02
20405,162.56
20421,160.02
20436,160.02
20452,160.02
20468,160.02
20484,160.02
20500,160.02
20515,160.02
20532,160.02
20547,160.02
20562,160.02
20579,160.02
20594,162.56
20611,160.02
20626,162.56
20641,162.56
20658,160.02
20673,160.02
20689,160.02
20705,160.02
20721,162.56
20737,160.02
20752,160.02
20768,160.02
20784,160.02
20800,160.02
20815,165.10
20831,165.10
20847,167.64
20862,165.10
20879,162.56
20894,162.56
20911,162.56
20926,162.56
20941,162.56
20958,165.10
20973,327.66
20989,347.98
21005,347.98
21020,119.38
21037,121.92
21052,121.92
21068,116.84
21084,116.84
21100,119.38
21115,119.38
21131,292.10
21147,292.10
21163,294.64
-1,-1
22178,289.56
22195,292.10
22210,294.64
22226,294.64
22242,294.64
22257,292.10
22274,294.64
22289,294.64
22305,294.64
22321,287.02
22337,287.02
22352,287.02
22368,304.80
22384,304.80
22400,302.26
22416,297.18
22431,299.72
22447,302.26
22463,294.64
22478,294.64
22495,297.18
22510,297.18
22526,297.18
22542,297.18
22557,340.36
22574,360.68
22589,358.14
22605,116.84
22621,116.84
22637,116.84
22652,114.30
22668,114.30
22684,119.38
22700,116.84
22716,119.38
22731,119.38
22747,119.38
22763,116.84
22778,119.38
22795,127.00
22810,162.56
22827,162.56
22842,99.06
22857,116.84
22874,116.84
22889,119.38
22905,162.56
22921,162.56
22936,162.56
22952,160.02
22968,162.56
22984,160.02
23000,160.02
23016,160.02
23031,162.56
23047,162.56
23063,162.56
23078,162.56
23095,160.02
23110,160.02
23126,160.02
23142,165.10
23157,160.02
23174,160.02
23189,162.56
23205,160.02
23221,160.02
23236,160.02
23252,160.02
23268,160.02
23284,160.02
23300,160.02
23315,162.56
23331,160.02
23347,162.56
23363,162.56
23378,162.56
23395,160.02
23410,160.02
23426,160.02
23442,114.30
23457,111.76
23474,111.76
23489,114.30
23505,114.30
23521,114.30
23536,111.76
23553,111.76
23568,111.76
23584,111.76
23600,111.76
23615,111.76
23631,111.76
23647,111.76
23663,111.76
23678,111.76
23695,114.30
23710,114.30
23726,116.84
23742,111.76
23757,111.76
23774,114.30
23789,111.76
23805,111.76
23821,111.76
23836,111.76
23853,114.30
23868,114.30
23884,111.76
23900,114.30
23915,111.76
23931,111.76
23947,114.30
23963,111.76
23979,111.76
23995,111.76
24010,111.76
24026,111.76
24042,114.30
24057,111.76
24074,111.76
24089,111.76
24105,111.76
24121,111.76
24136,78.74
24153,81.28
24168,81.28
24184,81.28
24200,81.28
24215,81.28
24231,76.20
24247,76.20
24262,76.20
24279,81.28
24294,81.28
24310,78.74
24326,78.74
24341,78.74
24357,78.74
24373,78.74
24388,76.20
24404,76.20
24420,76.20
24436,78.74
24452,78.74
24467,78.74
24483,76.20
24499,76.20
24514,76.20
24530,76.20
24546,76.20
24562,76.20
24578,76.20
24593,76.20
24609,76.20
24625,76.20
24640,76.20
24656,76.20
24672,76.20
24688,76.20
24704,76.20
24719,76.20
24735,78.74
24751,81.28
24766,78.74
24782,78.74
24798,78.74
24814,78.74
24829,111.76
24845,111.76
24861,111.76
-1,-1
25877,111.76
25892,109.22
25909,109.22
25924,109.22
25940,109.22
25956,109.22
25971,111.76
25988,109.22
26003,109.22
26019,111.76
26035,109.22
26050,109.22
26066,109.22
26082,109.22
26098,109.22
26114,109.22
26130,111.76
26145,109.22
26161,109.22
26177,111.76
26192,111.76
26209,109.22
26224,109.22
26241,109.22
26256,63.50
26271,81.28
26288,78.74
26303,78.74
26318,78.74
26335,78.74
26350,78.74
26366,76.20
26382,76.20
26397,76.20
26414,76.20
26429,76.20
26444,76.20
26461,76.20
26476,76.20
26492,76.20
26508,76.20
26523,76.20
26540,76.20
26555,78.74
26570,76.20
26587,76.20
26602,76.20
26618,78.74
26634,76.20
26649,76.20
26665,76.20
26681,76.20
26696,76.20
26713,76.20
26728,76.20
26744,76.20
26760,78.74
26775,78.74
26791,78.74
26807,76.20
26822,76.20
26839,76.20
26854,76.20
26870,76.20
26886,76.20
26901,86.36
26917,111.76
26933,114.30
26949,111.76
26964,114.30
26980,114.30
26996,116.84
27012,111.76
27028,111.76
27043,111.76
27060,114.30
27075,114.30
27090,114.30
27107,111.76
27122,111.76
27139,111.76
27154,114.30
27169,111.76
27186,111.76
27201,111.76
27217,111.76
27233,111.76
27249,111.76
27265,111.76
27280,114.30
27296,111.76
27312,111.76
27328,111.76
27343,111.76
27360,111.76
27375,111.76
27390,111.76
27407,111.76
27422,111.76
27439,111.76
27454,111.76
27469,111.76
27486,111.76
27501,111.76
27517,111.76
27533,111.76
27549,111.76
27565,111.76
27580,111.76
27596,111.76
27612,160.02
27628,160.02
27643,160.02
27660,160.02
27675,162.56
27691,162.56
27707,162.56
27722,160.02
27739,160.02
27754,162.56
27769,160.02
27786,160.02
27801,160.02
27817,160.02
27833,160.02
27849,160.02
27865,162.56
27880,160.02
27896,160.02
27912,160.02
27928,160.02
27943,162.56
27959,162.56
27975,162.56
27991,162.56
28007,165.10
28022,165.10
28039,165.10
28054,160.02
28069,160.02
28086,160.02
28101,160.02
28118,160.02
28133,160.02
28148,162.56
28165,160.02
28180,162.56
28196,121.92
28212,121.92
28228,121.92
28243,116.84
28259,119.38
28275,116.84
28291,114.30
28307,114.30
28322,114.30
28338,114.30
28354,114.30
28369,114.30
28386,116.84
28401,114.30
28418,116.84
28433,116.84
28448,114.30
28465,114.30
28480,114.30
28496,114.30
28512,114.30
28528,114.30
28544,114.30
28559,114.30
-1,-1
29575,119.38
29591,116.84
29606,116.84
29623,116.84
29638,119.38
29655,119.38
29670,119.38
29685,116.84
29702,116.84
29717,116.84
29733,116.84
29749,116.84
29764,116.84
29780,116.84
29796,299.72
29812,297.18
29828,121.92
29844,121.92
29859,124.46
29875,119.38
29891,116.84
29906,119.38
29923,116.84
29938,116.84
29955,116.84
29970,114.30
29985,114.30
30002,114.30
30017,116.84
30033,114.30
30049,114.30
30065,114.30
30081,114.30
30096,114.30
30112,114.30
30128,116.84
30144,116.84
30159,116.84
30175,116.84
30191,116.84
30206,116.84
30223,134.62
30238,160.02
30255,160.02
30270,160.02
30285,160.02
30302,162.56
30317,162.56
30333,160.02
30349,160.02
30365,160.02
30381,160.02
30396,162.56
30412,162.56
30428,160.02
30444,160.02
30459,160.02
30475,160.02
30491,160.02
30507,160.02
30523,160.02
30538,160.02
30555,160.02
30570,160.02
30585,160.02
30602,160.02
30617,162.56
30633,160.02
30649,160.02
30664,160.02
30681,162.56
30696,162.56
30712,160.02
30728,160.02
30744,160.02
30759,160.02
30775,162.56
30791,160.02
30807,160.02
30823,165.10
30838,165.10
30855,162.56
30870,114.30
30885,116.84
30902,114.30
30917,114.30
30934,111.76
30949,111.76
30964,111.76
30981,111.76
30996,111.76
31012,114.30
31028,111.76
31044,111.76
31059,114.30
31075,111.76
31091,111.76
31107,111.76
31123,114.30
31138,114.30
31155,111.76
31170,111.76
31185,111.76
31202,111.76
31217,111.76
31234,111.76
31249,111.76
31264,111.76
31281,111.76
31296,111.76
31312,111.76
31328,111.76
31344,111.76
31360,111.76
31375,111.76
31391,111.76
31407,111.76
31423,111.76
31438,111.76
31455,111.76
31470,111.76
31485,111.76
31502,114.30
31517,78.74
31534,81.28
31549,78.74
31564,78.74
31581,78.74
31596,78.74
31611,76.20
31628,78.74
31643,78.74
31660,76.20
31675,76.20
31690,76.20
31707,76.20
31722,76.20
31737,76.20
31754,76.20
31769,76.20
31785,76.20
31801,76.20
31816,76.20
31833,76.20
31848,76.20
31864,76.20
31880,76.20
31895,76.20
31911,78.74
31927,76.20
31942,76.20
31959,76.20
31974,76.20
31990,76.20
32006,78.74
32021,76.20
32037,76.20
32053,76.20
32068,76.20
32084,76.20
32100,83.82
32116,78.74
32132,81.28
32147,78.74
32163,111.76
32179,111.76
32195,111.76
32210,109.22
32226,109.22
32242,109.22
32258,109.22
-1,-1
33273,109.22
33290,109.22
33305,111.76
33321,111.76
33337,111.76
33352,109.22
33369,109.22
33384,109.22
33400,109.22
33416,109.22
33431,109.22
33447,109.22
33463,109.22
33479,109.22
33495,109.22
33511,109.22
33526,109.22
33542,109.22
33558,109.22
33573,109.22
33590,109.22
33605,109.22
33622,109.22
33637,109.22
33652,109.22
33669,111.76
33684,71.12
33700,78.74
33716,78.74
33731,66.04
33747,78.74
33763,81.28
33778,78.74
33795,78.74
33810,78.74
33826,78.74
33842,78.74
33857,78.74
33873,78.74
33889,78.74
33904,78.74
33921,78.74
33936,76.20
33952,76.20
33968,76.20
33983,76.20
33999,76.20
34015,76.20
34031,76.20
34046,76.20
34062,76.20
34078,76.20
34094,76.20
34109,76.20
34125,78.74
34141,76.20
34157,76.20
34172,76.20
34188,76.20
34204,76.20
34220,76.20
34235,76.20
34251,76.20
34267,76.20
34283,81.28
34298,78.74
34314,78.74
34330,96.52
34345,114.30
34361,114.30
34377,114.30
34393,111.76
34409,111.76
34424,111.76
34441,111.76
34456,111.76
34471,111.76
34488,111.76
34503,111.76
34520,111.76
34535,111.76
34550,111.76
34567,111.76
34582,111.76
34598,111.76
34614,111.76
34630,111.76
34646,111.76
34661,111.76
34677,111.76
34693,111.76
34709,111.76
34724,111.76
34741,111.76
34756,111.76
34771,111.76
34788,114.30
34803,114.30
34820,111.76
34835,111.76
34851,111.76
34867,111.76
34882,111.76
34898,111.76
34914,111.76
34930,111.76
34946,111.76
34961,111.76
34977,165.10
34993,162.56
35009,162.56
35024,162.56
35041,157.48
35056,160.02
35072,162.56
35088,160.02
35103,160.02
35120,160.02
35135,160.02
35150,160.02
35167,162.56
35182,162.56
35198,162.56
35214,160.02
35230,160.02
35246,160.02
35261,162.56
35277,160.02
35293,160.02
35309,160.02
35324,160.02
35341,160.02
35356,160.02
35372,160.02
35388,160.02
35403,162.56
35420,160.02
35435,160.02
35450,160.02
35467,162.56
35482,162.56
35499,162.56
35514,160.02
35530,160.02
35546,160.02
35561,162.56
35577,162.56
35593,162.56
35609,160.02
35624,165.10
35641,162.56
35656,162.56
35672,162.56
35688,162.56
35703,162.56
35720,162.56
35735,165.10
35750,162.56
35767,106.68
35782,119.38
35799,119.38
35814,119.38
35830,165.10
35846,165.10
35861,165.10
35877,119.38
35893,119.38
35909,119.38
35924,119.38
35941,347.98
35956,347.98
-1,-1
36972,350.52
36987,350.52
37004,350.52
37019,327.66
37036,287.02
37051,289.56
37067,287.02
37083,287.02
37098,287.02
37114,287.02
37130,289.56
37146,289.56
37161,287.02
37177,287.02
37193,287.02
37209,287.02
37225,363.22
37240,363.22
37257,360.68
37272,322.58
37287,309.88
37304,309.88
37319,350.52
37336,350.52
37351,132.08
37367,116.84
37383,116.84
37398,119.38
37414,119.38
37430,119.38
37446,119.38
37462,116.84
37478,119.38
37493,119.38
37509,116.84
37525,119.38
37540,119.38
37557,165.10
37572,162.56
37587,162.56
37604,162.56
37619,160.02
37636,162.56
37651,160.02
37667,160.02
37683,160.02
37698,160.02
37714,160.02
37730,160.02
37746,160.02
37762,160.02
37778,160.02
37793,160.02
37809,160.02
37825,162.56
37840,160.02
37857,160.02
37872,160.02
37888,160.02
37904,160.02
37919,160.02
37936,160.02
37951,162.56
37967,162.56
37983,160.02
37998,160.02
38014,160.02
38030,162.56
38046,162.56
38062,160.02
38077,160.02
38093,160.02
38109,165.10
38125,165.10
38140,162.56
38157,160.02
38172,160.02
38188,160.02
38204,167.64
38219,167.64
38236,167.64
38251,162.56
38266,162.56
38283,162.56
38298,111.76
38315,114.30
38330,114.30
38346,114.30
38362,111.76
38377,111.76
38393,111.76
38409,111.76
38425,111.76
38440,111.76
38457,111.76
38472,114.30
38488,114.30
38504,111.76
38519,111.76
38536,111.76
38551,111.76
38566,114.30
38583,111.76
38598,111.76
38615,111.76
38630,111.76
38646,114.30
38662,111.76
38677,111.76
38693,114.30
38709,111.76
38725,111.76
38740,111.76
38757,114.30
38772,111.76
38788,114.30
38804,111.76
38819,111.76
38836,111.76
38851,111.76
38867,114.30
38883,111.76
38898,111.76
38915,111.76
38930,114.30
38946,78.74
38962,81.28
38977,81.28
38993,76.20
39009,78.74
39024,78.74
39041,76.20
39056,76.20
39072,76.20
39088,76.20
39103,76.20
39119,76.20
39135,76.20
39151,76.20
39166,78.74
39182,76.20
39198,76.20
39214,76.20
39229,76.20
39245,76.20
39261,76.20
39277,76.20
39292,78.74
39308,81.28
39324,78.74
39340,76.20
39355,76.20
39371,76.20
39387,78.74
39403,78.74
39418,78.74
39434,76.20
39450,76.20
39465,78.74
39481,81.28
39497,78.74
39513,78.74
39529,78.74
39544,78.74
39560,78.74
39576,78.74
39591,109.22
39608,109.22
39623,109.22
39639,111.76
39655,111.76
-1,-1
40671,109.22
40686,109.22
40702,111.76
40718,109.22
40734,109.22
40750,109.22
40765,109.22
40781,109.22
40797,109.22
40813,109.22
40828,109.22
40844,109.22
40860,109.22
40876,109.22
40892,111.76
40907,109.22
40924,109.22
40939,109.22
40954,109.22
40971,109.22
40986,109.22
41003,109.22
41018,111.76
41034,111.76
41050,111.76
41065,109.22
41081,109.22
41097,109.22
41113,73.66
41128,78.74
41144,81.28
41160,81.28
41176,78.74
41192,78.74
41207,78.74
41223,76.20
41239,78.74
41254,78.74
41270,76.20
41286,76.20
41302,76.20
41318,76.20
41333,78.74
41349,78.74
41365,78.74
41380,83.82
41396,83.82
41412,78.74
41427,76.20
41444,76.20
41459,76.20
41475,76.20
41491,76.20
41506,76.20
41522,76.20
41538,76.20
41553,76.20
41570,76.20
41585,76.20
41601,76.20
41617,78.74
41632,78.74
41648,78.74
41664,78.74
41679,78.74
41695,78.74
41711,114.30
41726,114.30
41743,114.30
41758,111.76
41775,111.76
41790,111.76
41805,111.76
41822,111.76
41837,111.76
41853,111.76
41869,111.76
41884,111.76
41901,111.76
41916,111.76
41932,111.76
41948,111.76
41964,111.76
41979,111.76
41995,111.76
42011,111.76
42027,111.76
42043,111.76
42058,111.76
42075,111.76
42090,111.76
42105,111.76
42122,111.76
42137,111.76
42153,111.76
42169,111.76
42185,111.76
42201,114.30
42216,111.76
42232,111.76
42248,111.76
42264,111.76
42279,111.76
42295,111.76
42311,114.30
42327,114.30
42343,114.30
42358,111.76
42375,111.76
42390,111.76
42405,160.02
42422,160.02
42437,160.02
42454,165.10
42469,160.02
42484,160.02
42501,160.02
42516,160.02
42532,160.02
42548,160.02
42564,160.02
42579,160.02
42595,160.02
42611,162.56
42627,162.56
42643,160.02
42658,160.02
42675,162.56
42690,160.02
42705,160.02
42722,162.56
42737,162.56
42754,162.56
42769,160.02
42784,162.56
42801,160.02
42816,160.02
42832,162.56
42848,162.56
42864,162.56
42880,160.02
42895,162.56
42911,160.02
42927,160.02
42943,160.02
42958,160.02
42974,160.02
42990,160.02
43005,165.10
43022,165.10
43037,165.10
43054,119.38
43069,121.92
43084,121.92
43101,116.84
43116,116.84
43132,116.84
43148,116.84
43163,116.84
43180,116.84
43195,114.30
43211,114.30
43227,114.30
43243,116.84
43258,114.30
43274,116.84
43290,114.30
43305,114.30
43322,114.30
43337,116.84
43354,119.38
-1,-1
44369,119.38
44385,119.38
44400,294.64
44417,294.64
44432,289.56
44448,363.22
44464,360.68
44480,360.68
44495,360.68
44511,360.68
44527,358.14
44542,347.98
44559,302.26
44574,302.26
44591,299.72
44606,299.72
44621,302.26
44638,302.26
44653,365.76
44669,365.76
44685,119.38
44700,119.38
44717,121.92
44732,116.84
44748,114.30
44764,114.30
44780,114.30
44795,114.30
44811,114.30
44827,114.30
44843,114.30
44859,116.84
44874,116.84
44891,116.84
44906,116.84
44921,116.84
44938,162.56
44953,162.56
44969,162.56
44985,160.02
45000,162.56
45017,162.56
45032,160.02
45048,160.02
45064,160.02
45080,160.02
45095,160.02
45111,160.02
45127,167.64
45143,160.02
45159,162.56
45174,162.56
45190,160.02
45206,160.02
45221,160.02
45238,162.56
45253,160.02
45270,160.02
45285,162.56
45300,162.56
45317,162.56
45332,160.02
45348,160.02
45364,160.02
45380,162.56
45395,162.56
45411,162.56
45427,160.02
45443,162.56
45459,162.56
45474,162.56
45490,160.02
45506,160.02
45521,162.56
45538,160.02
45553,160.02
45570,160.02
45585,116.84
45600,116.84
45617,119.38
45632,114.30
45648,114.30
45664,114.30
45679,111.76
45696,111.76
45711,111.76
45727,111.76
45743,114.30
45759,114.30
45774,111.76
45790,111.76
45806,111.76
45821,111.76
45838,111.76
45853,111.76
45870,111.76
45885,111.76
45900,114.30
45917,111.76
45932,114.30
45948,111.76
45964,111.76
45979,111.76
45996,111.76
46011,111.76
46027,111.76
46043,114.30
46059,111.76
46074,111.76
46090,111.76
46106,111.76
46121,111.76
46138,111.76
46153,111.76
46170,111.76
46185,111.76
46200,114.30
46217,111.76
46232,111.76
46248,111.76
46264,114.30
46279,116.84
46296,114.30
46311,66.04
46327,78.74
46343,81.28
46358,81.28
46374,78.74
46390,78.74
46406,78.74
46422,78.74
46437,78.74
46453,78.74
46469,76.20
46484,76.20
46500,78.74
46516,76.20
46532,76.20
46547,76.20
46563,76.20
46579,76.20
46595,76.20
46610,76.20
46626,76.20
46642,76.20
46658,83.82
46673,78.74
46689,78.74
46705,78.74
46721,76.20
46736,76.20
46752,76.20
46768,78.74
46784,81.28
46799,81.28
46815,78.74
46831,78.74
46846,78.74
46862,76.20
46878,76.20
46894,73.66
46910,78.74
46925,78.74
46941,78.74
46957,78.74
46972,78.74
46989,78.74
47004,78.74
47020,111.76
47036,111.76
47051,111.76
-1,-1
48067,109.22
48083,109.22
48099,109.22
48114,109.22
48131,109.22
48146,109.22
48162,109.22
48178,109.22
48194,109.22
48209,109.22
48225,109.22
48241,109.22
48257,109.22
48273,109.22
48288,109.22
48304,109.22
48320,109.22
48335,109.22
48352,109.22
48367,109.22
48384,109.22
48399,109.22
48414,109.22
48431,109.22
48446,109.22
48462,109.22
48478,109.22
48494,81.28
48509,81.28
48525,81.28
48541,78.74
48557,78.74
48572,78.74
48588,81.28
48604,78.74
48620,78.74
48635,78.74
48651,76.20
48667,76.20
48683,76.20
48698,73.66
48714,76.20
48730,76.20
48746,76.20
48761,76.20
48777,76.20
48793,76.20
48808,76.20
48824,76.20
48840,78.74
48856,76.20
48872,76.20
48887,76.20
48903,78.74
48919,78.74
48934,76.20
48950,76.20
48966,78.74
48982,78.74
48998,76.20
49013,76.20
49029,76.20
49045,78.74
49060,78.74
49076,78.74
49092,78.74
49107,78.74
49124,78.74
49139,114.30
49155,114.30
49171,114.30
49186,111.76
49203,111.76
49218,111.76
49233,111.76
49250,111.76
49265,111.76
49282,111.76
49297,111.76
49313,111.76
49329,111.76
49344,111.76
49360,111.76
49376,111.76
49392,111.76
49408,111.76
49424,111.76
49439,111.76
49455,111.76
49471,111.76
49486,111.76
49503,111.76
49518,111.76
49533,111.76
49550,111.76
49565,111.76
49582,111.76
49597,111.76
49613,111.76
49629,111.76
49644,111.76
49660,114.30
49676,111.76
49692,111.76
49708,111.76
49724,114.30
49739,111.76
49755,114.30
49771,114.30
49786,111.76
49803,114.30
49818,114.30
49833,162.56
49850,162.56
49865,162.56
49882,162.56
49897,162.56
49913,162.56
49929,162.56
49944,162.56
49960,162.56
49976,160.02
49992,160.02
50008,162.56
50024,162.56
50039,162.56
50055,162.56
50071,162.56
50086,160.02
50103,160.02
50118,160.02
50134,160.02
50150,160.02
50165,162.56
50182,160.02
50197,160.02
50213,160.02
50229,160.02
50244,162.56
50260,160.02
50276,160.02
50292,160.02
50308,162.56
50324,162.56
50339,160.02
50355,160.02
50371,160.02
50386,119.38
50403,121.92
50418,119.38
50434,116.84
50450,114.30
50465,116.84
50482,116.84
50497,114.30
50513,114.30
50529,114.30
50544,114.30
50561,114.30
50576,114.30
50592,114.30
50608,114.30
50624,114.30
50639,114.30
50655,114.30
50671,121.92
50686,116.84
50703,119.38
50718,116.84
50734,116.84
50750,116.84
-1,-1
51766,119.38
51781,119.38
51798,119.38
51813,116.84
51829,119.38
51845,119.38
51860,119.38
51876,330.20
51892,327.66
51908,325.12
51923,119.38
51940,121.92
51955,119.38
51971,121.92
51987,347.98
52002,347.98
52019,347.98
52034,355.60
52050,358.14
52066,119.38
52081,116.84
52098,116.84
52113,116.84
52129,119.38
52145,119.38
52160,114.30
52176,114.30
52192,114.30
52208,114.30
52224,114.30
52240,114.30
52255,119.38
52271,116.84
52287,119.38
52302,119.38
52319,116.84
52334,116.84
52350,119.38
52366,162.56
52381,162.56
52398,162.56
52413,160.02
52429,160.02
52445,160.02
52460,160.02
52476,160.02
52492,160.02
52508,160.02
52524,160.02
52540,160.02
52555,160.02
52571,162.56
52587,162.56
52602,162.56
52619,160.02
52634,160.02
52649,160.02
52666,160.02
52681,160.02
52698,160.02
52713,160.02
52729,160.02
52745,162.56
52760,160.02
52776,160.02
52792,162.56
52808,162.56
52824,160.02
52839,162.56
52855,160.02
52871,160.02
52887,162.56
52902,160.02
52919,162.56
52934,162.56
52950,162.56
52966,165.10
52981,165.10
52998,162.56
53013,114.30
53028,116.84
53045,116.84
53060,111.76
53076,111.76
53092,114.30
53108,111.76
53124,111.76
53139,111.76
53155,111.76
53171,111.76
53187,114.30
53202,111.76
53219,114.30
53234,111.76
53250,111.76
53266,111.76
53281,111.76
53298,111.76
53313,111.76
53328,111.76
53345,111.76
53360,111.76
53377,111.76
53392,111.76
53408,111.76
53424,111.76
53439,111.76
53455,114.30
53471,114.30
53487,114.30
53502,111.76
53519,111.76
53534,111.76
53550,114.30
53566,114.30
53581,114.30
53598,111.76
53613,114.30
53628,111.76
53645,111.76
53660,111.76
53677,111.76
53692,111.76
53708,111.76
53724,111.76
53739,71.12
53755,78.74
53771,78.74
53787,81.28
53803,114.30
53818,114.30
53834,116.84
53850,78.74
53866,81.28
53881,81.28
53897,76.20
53913,76.20
53928,78.74
53944,76.20
53960,76.20
53976,76.20
53992,76.20
54007,76.20
54023,76.20
54039,76.20
54054,76.20
54070,76.20
54086,76.20
54102,76.20
54118,76.20
54133,78.74
54149,76.20
54165,76.20
54180,76.20
54196,76.20
54212,76.20
54227,76.20
54244,76.20
54259,76.20
54275,76.20
54291,78.74
54306,78.74
54323,78.74
54338,78.74
54353,78.74
54370,78.74
54385,88.90
54401,111.76
54417,109.22
54432,111.76
54449,109.22
-1,-1
55464,109.22
55480,109.22
55496,109.22
55512,109.22
55527,111.76
55543,109.22
55559,111.76
55575,109.22
55590,109.22
55606,109.22
55622,111.76
55638,109.22
55654,109.22
55669,111.76
55686,109.22
55701,109.22
55716,109.22
55733,109.22
55748,111.76
55764,111.76
55780,109.22
55796,109.22
55812,109.22
55827,109.22
55843,111.76
55859,109.22
55875,109.22
55890,109.22
55906,109.22
55922,81.28
55938,81.28
55954,81.28
55969,78.74
55985,76.20
56001,76.20
56016,76.20
56033,78.74
56048,76.20
56064,76.20
56080,76.20
56095,76.20
56111,78.74
56127,76.20
56142,76.20
56159,76.20
56174,76.20
56189,76.20
56206,76.20
56221,76.20
56237,76.20
56253,76.20
56268,76.20
56285,76.20
56300,76.20
56315,76.20
56332,76.20
56347,76.20
56363,76.20
56379,78.74
56394,78.74
56411,78.74
56426,78.74
56441,78.74
56458,78.74
56473,78.74
56489,78.74
56505,78.74
56520,114.30
56537,114.30
56552,114.30
56568,111.76
56584,111.76
56599,111.76
56615,111.76
56631,111.76
56647,111.76
56663,111.76
56678,111.76
56694,114.30
56710,114.30
56726,114.30
56741,114.30
56758,114.30
56773,114.30
56788,111.76
56805,114.30
56820,111.76
56837,111.76
56852,111.76
56868,111.76
56884,111.76
56899,111.76
56915,111.76
56931,111.76
56947,111.76
56963,116.84
56978,114.30
56994,114.30
57010,111.76
57026,111.76
57041,111.76
57058,111.76
57073,111.76
57089,111.76
57105,111.76
57120,114.30
57137,114.30
57152,114.30
57167,114.30
57184,114.30
57199,114.30
57216,162.56
57231,162.56
57247,162.56
57263,160.02
57278,160.02
57294,160.02
57310,160.02
57326,160.02
57341,160.02
57358,160.02
57373,160.02
57389,162.56
57405,160.02
57420,160.02
57437,162.56
57452,162.56
57467,160.02
57484,160.02
57499,160.02
57516,162.56
57531,162.56
57547,162.56
57563,160.02
57578,160.02
57594,162.56
57610,160.02
57626,160.02
57641,160.02
57658,160.02
57673,160.02
57689,160.02
57705,160.02
57720,160.02
57737,160.02
57752,162.56
57767,160.02
57784,160.02
57799,160.02
57816,121.92
57831,121.92
57847,119.38
57863,114.30
57878,114.30
57894,114.30
57910,116.84
57926,116.84
57942,116.84
57957,114.30
57973,114.30
57989,114.30
58005,114.30
58020,114.30
58037,116.84
58052,114.30
58067,114.30
58084,114.30
58099,121.92
58116,119.38
58131,119.38
58147,116.84
-1,-1
59163,355.60
59179,355.60
59194,264.16
59210,210.82
59226,213.36
59242,121.92
59257,121.92
59274,121.92
59289,121.92
59304,116.84
59321,116.84
59336,119.38
59353,330.20
59368,355.60
59383,353.06
59400,124.46
59415,124.46
59431,124.46
59447,116.84
59463,119.38
59479,119.38
59494,119.38
59510,355.60
59526,355.60
59542,119.38
59557,119.38
59574,119.38
59589,116.84
59604,114.30
59621,114.30
59636,114.30
59653,114.30
59668,114.30
59683,119.38
59700,119.38
59715,119.38
59731,116.84
59747,116.84
59763,116.84
59779,116.84
59794,162.56
59810,162.56
59826,162.56
59842,160.02
59857,160.02
59873,162.56
59889,160.02
59905,160.02
59921,160.02
59936,162.56
59953,160.02
59968,162.56
59983,160.02
60000,160.02
60015,162.56
60032,162.56
60047,160.02
60063,160.02
60079,160.02
60094,160.02
60110,160.02
60126,162.56
60142,160.02
60157,160.02
60173,162.56
60189,160.02
60205,162.56
60221,162.56
60236,162.56
60253,162.56
60268,162.56
60283,160.02
60300,162.56
60315,162.56
60332,160.02
60347,160.02
60362,160.02
60379,160.02
60394,162.56
60410,162.56
60426,162.56
60442,116.84
60457,116.84
60473,116.84
60489,111.76
60505,111.76
60521,114.30
60536,116.84
60553,114.30
60568,114.30
60583,111.76
60600,111.76
60615,111.76
60632,111.76
60647,111.76
60662,111.76
60679,111.76
60694,111.76
60710,111.76
60726,111.76
60742,111.76
60758,114.30
60773,111.76
60789,111.76
60805,111.76
60821,111.76
60836,111.76
60853,111.76
60868,111.76
60883,111.76
60900,111.76
60915,114.30
60932,111.76
60947,111.76
60962,111.76
60979,111.76
60994,111.76
61010,111.76
61026,111.76
61042,111.76
61058,111.76
61073,111.76
61089,111.76
61105,111.76
61121,111.76
61136,111.76
61153,111.76
61168,66.04
61184,78.74
61200,78.74
61215,81.28
61231,129.54
61247,129.54
61262,129.54
61279,83.82
61294,81.28
61309,83.82
61326,76.20
61341,76.20
61358,78.74
61373,78.74
61388,78.74
61405,78.74
61420,76.20
61436,76.20
61452,76.20
61467,76.20
61484,78.74
61499,76.20
61514,76.20
61531,76.20
61546,76.20
61562,78.74
61578,76.20
61593,76.20
61609,76.20
61625,76.20
61640,76.20
61657,76.20
61672,78.74
61688,78.74
61704,78.74
61719,111.76
61735,111.76
61751,109.22
61767,109.22
61783,109.22
61798,109.22
61814,109.22
61830,109.22
61846,109.22
-1,-1
62862,109.22
62877,109.22
62894,109.22
62909,109.22
62924,109.22
62941,109.22
62956,109.22
62972,109.22
62988,109.22
63004,109.22
63020,109.22
63035,109.22
63051,109.22
63067,109.22
63083,109.22
63098,109.22
63114,109.22
63130,109.22
63145,109.22
63162,109.22
63177,109.22
63194,109.22
63209,109.22
63224,109.22
63241,109.22
63256,111.76
63272,109.22
63288,111.76
63304,109.22
63320,109.22
63335,111.76
63351,78.74
63367,76.20
63383,76.20
63398,76.20
63414,76.20
63430,78.74
63446,76.20
63461,76.20
63477,76.20
63493,78.74
63509,76.20
63524,76.20
63540,78.74
63556,76.20
63571,76.20
63588,76.20
63603,76.20
63619,76.20
63635,76.20
63650,76.20
63666,76.20
63682,76.20
63697,81.28
63714,78.74
63729,78.74
63745,76.20
63761,76.20
63776,76.20
63792,81.28
63808,78.74
63823,78.74
63840,78.74
63855,78.74
63870,78.74
63887,78.74
63902,78.74
63919,78.74
63934,78.74
63949,114.30
63966,114.30
63981,114.30
63997,111.76
64013,111.76
64028,111.76
64045,111.76
64060,111.76
64076,111.76
64092,111.76
64107,111.76
64123,114.30
64139,111.76
64155,111.76
64171,111.76
64187,111.76
64202,111.76
64218,111.76
64234,111.76
64249,111.76
64266,111.76
64281,111.76
64297,111.76
64313,111.76
64328,111.76
64345,111.76
64360,111.76
64376,111.76
64392,111.76
64407,114.30
64423,114.30
64439,111.76
64455,111.76
64471,111.76
64487,109.22
64502,111.76
64518,111.76
64534,114.30
64549,114.30
64566,114.30
64581,114.30
64598,114.30
64613,114.30
64628,114.30
64645,162.56
64660,162.56
64676,160.02
64692,160.02
64707,160.02
64723,160.02
64739,160.02
64755,160.02
64771,160.02
64787,160.02
64802,160.02
64818,160.02
64834,160.02
64849,160.02
64866,160.02
64881,162.56
64897,160.02
64913,160.02
64928,160.02
64945,162.56
64960,162.56
64976,160.02
64992,160.02
65007,162.56
65024,162.56
65039,160.02
65055,160.02
65071,160.02
65086,160.02
65102,160.02
65118,160.02
65134,160.02
65149,165.10
65166,167.64
65181,167.64
65197,162.56
65213,162.56
65228,165.10
65245,165.10
65260,165.10
65275,165.10
65292,116.84
65307,116.84
65324,119.38
65339,116.84
65355,119.38
65371,116.84
65386,116.84
65402,116.84
65418,116.84
65434,116.84
65449,116.84
65466,119.38
65481,119.38
65497,358.14
65513,355.60
65528,195.58
65545,119.38
-1,-1
66561,363.22
66576,121.92
66592,124.46
66608,124.46
66623,127.00
66639,353.06
66655,353.06
66671,353.06
66686,360.68
66702,360.68
66718,360.68
66734,332.74
66750,289.56
66765,292.10
66782,355.60
66797,368.30
66812,365.76
66829,368.30
66844,368.30
66861,365.76
66876,365.76
66892,350.52
66908,353.06
66923,119.38
66939,119.38
66955,119.38
66971,116.84
66987,119.38
67002,116.84
67018,116.84
67034,119.38
67050,119.38
67065,116.84
67082,114.30
67097,114.30
67112,116.84
67129,162.56
67144,162.56
67161,162.56
67176,162.56
67192,162.56
67208,162.56
67223,165.10
67239,165.10
67255,162.56
67271,160.02
67287,160.02
67302,160.02
67318,160.02
67334,160.02
67350,162.56
67365,162.56
67382,162.56
67397,160.02
67412,160.02
67429,162.56
67444,162.56
67461,162.56
67476,162.56
67491,162.56
67508,162.56
67523,162.56
67539,160.02
67555,160.02
67571,160.02
67587,160.02
67602,160.02
67618,160.02
67634,160.02
67650,160.02
67665,160.02
67682,160.02
67697,160.02
67713,160.02
67729,160.02
67744,162.56
67761,167.64
67776,162.56
67791,162.56
67808,101.60
67823,114.30
67840,114.30
67855,116.84
67871,111.76
67887,111.76
67902,111.76
67918,114.30
67934,114.30
67950,114.30
67965,114.30
67982,111.76
67997,111.76
68013,111.76
68029,114.30
68044,114.30
68061,111.76
68076,111.76
68091,111.76
68108,111.76
68123,111.76
68140,111.76
68155,111.76
68171,111.76
68187,111.76
68202,111.76
68218,111.76
68234,111.76
68250,114.30
68265,111.76
68282,111.76
68297,111.76
68313,111.76
68329,114.30
68344,111.76
68361,114.30
68376,111.76
68391,111.76
68408,111.76
68423,111.76
68440,111.76
68455,81.28
68471,78.74
68487,81.28
68502,78.74
68518,78.74
68534,78.74
68549,78.74
68566,76.20
68581,76.20
68597,76.20
68613,76.20
68628,76.20
68644,76.20
68660,76.20
68675,76.20
68691,76.20
68707,76.20
68723,76.20
68739,76.20
68754,76.20
68770,78.74
68786,78.74
68801,76.20
68817,78.74
68833,76.20
68849,76.20
68865,78.74
68880,78.74
68896,76.20
68912,78.74
68928,76.20
68943,76.20
68959,76.20
68975,76.20
68990,76.20
69006,76.20
69022,76.20
69038,76.20
69054,76.20
69069,76.20
69085,76.20
69101,78.74
69116,78.74
69132,78.74
69148,78.74
69164,78.74
69180,78.74
69195,109.22
69211,109.22
69227,109.22
69242,109.22
-1,-1
70258,109.22
70275,109.22
70290,109.22
70306,109.22
70322,109.22
70337,109.22
70353,109.22
70369,109.22
70385,109.22
70401,109.22
70416,109.22
70432,109.22
70448,109.22
70464,109.22
70479,109.22
70496,109.22
70511,109.22
70526,109.22
70543,109.22
70558,109.22
70575,109.22
70590,109.22
70606,109.22
70622,111.76
70637,109.22
70653,109.22
70669,111.76
70685,81.28
70701,78.74
70716,78.74
70732,76.20
70748,76.20
70764,76.20
70779,76.20
70795,78.74
70811,78.74
70827,76.20
70842,76.20
70858,76.20
70874,76.20
70890,78.74
70905,78.74
70921,78.74
70937,76.20
70952,76.20
70968,78.74
70984,76.20
71000,76.20
71016,76.20
71031,76.20
71047,76.20
71063,76.20
71078,76.20
71095,76.20
71110,76.20
71126,76.20
71142,76.20
71157,76.20
71173,81.28
71189,78.74
71204,78.74
71221,78.74
71236,78.74
71251,78.74
71268,78.74
71283,114.30
71300,111.76
71315,114.30
71330,111.76
71347,111.76
71362,111.76
71378,111.76
71394,111.76
71409,111.76
71426,111.76
71441,111.76
71457,111.76
71473,111.76
71489,111.76
71504,111.76
71520,119.38
71536,111.76
71552,111.76
71568,111.76
71583,111.76
71600,111.76
71615,111.76
71630,114.30
71647,111.76
71662,111.76
71678,114.30
71694,114.30
71709,114.30
71726,111.76
71741,111.76
71757,114.30
71773,111.76
71789,111.76
71804,111.76
71820,111.76
71836,111.76
71852,111.76
71868,111.76
71883,111.76
71900,111.76
71915,111.76
71930,111.76
71947,111.76
71962,111.76
71979,111.76
71994,111.76
72009,111.76
72026,162.56
72041,162.56
72057,160.02
72073,162.56
72089,160.02
72104,160.02
72120,165.10
72136,167.64
72152,167.64
72168,165.10
72183,160.02
72200,160.02
72215,160.02
72230,160.02
72247,160.02
72262,160.02
72279,160.02
72294,162.56
72309,162.56
72326,160.02
72341,160.02
72357,160.02
72373,160.02
72389,160.02
72404,160.02
72420,160.02
72436,160.02
72452,162.56
72468,162.56
72483,160.02
72499,160.02
72515,165.10
72530,165.10
72547,165.10
72562,162.56
72579,162.56
72594,165.10
72609,132.08
72626,116.84
72641,116.84
72657,119.38
72673,119.38
72688,116.84
72705,116.84
72720,114.30
72736,114.30
72752,114.30
72768,114.30
72783,350.52
72799,347.98
72815,121.92
72830,121.92
72847,121.92
72862,121.92
72879,213.36
72894,213.36
72909,210.82
72926,363.22
72941,360.68
-1,-1
73957,363.22
73973,373.38
73989,370.84
74005,370.84
74020,360.68
74036,360.68
74052,363.22
74067,368.30
74084,368.30
74099,370.84
74115,370.84
74131,368.30
74146,368.30
74163,360.68
74178,363.22
74194,365.76
74210,363.22
74225,363.22
74242,363.22
74257,365.76
74273,358.14
74289,358.14
74305,358.14
74320,358.14
74336,360.68
74352,358.14
74368,365.76
74384,365.76
74399,365.76
74416,325.12
74431,299.72
74446,121.92
74463,121.92
74478,124.46
74494,124.46
74510,165.10
74526,167.64
74542,167.64
74557,165.10
74573,165.10
74589,162.56
74605,162.56
74620,162.56
74636,162.56
74652,162.56
74668,162.56
74684,162.56
74699,160.02
74716,160.02
74731,160.02
74746,160.02
74763,160.02
74778,162.56
74795,162.56
74810,160.02
74826,160.02
74842,160.02
74857,162.56
74873,162.56
74889,160.02
74905,160.02
74920,162.56
74936,162.56
74952,160.02
74968,160.02
74984,160.02
74999,162.56
75016,162.56
75031,162.56
75046,162.56
75063,162.56
75078,162.56
75095,162.56
75110,162.56
75126,162.56
75142,162.56
75157,165.10
75173,162.56
75189,114.30
75205,111.76
75220,114.30
75237,111.76
75252,111.76
75268,111.76
75284,111.76
75299,111.76
75316,111.76
75331,111.76
75346,111.76
75363,111.76
75378,111.76
75395,114.30
75410,111.76
75426,114.30
75442,114.30
75457,114.30
75473,114.30
75489,111.76
75505,111.76
75521,111.76
75537,111.76
75552,111.76
75568,111.76
75584,111.76
75599,111.76
75616,111.76
75631,111.76
75646,111.76
75663,114.30
75678,111.76
75695,111.76
75710,111.76
75726,114.30
75742,111.76
75757,111.76
75773,111.76
75789,111.76
75805,111.76
75821,114.30
75837,114.30
75852,111.76
75868,111.76
75884,111.76
75899,111.76
75916,114.30
75931,81.28
75947,78.74
75963,78.74
75978,78.74
75995,76.20
76010,78.74
76025,78.74
76042,78.74
76057,78.74
76072,78.74
76089,76.20
76104,76.20
76121,76.20
76136,78.74
76151,78.74
76168,78.74
76183,76.20
76199,76.20
76215,76.20
76230,76.20
76247,76.20
76262,76.20
76277,81.28
76294,78.74
76309,78.74
76325,76.20
76341,78.74
76356,78.74
76372,78.74
76388,129.54
76404,129.54
76420,129.54
76435,83.82
76451,83.82
76467,83.82
76483,111.76
76498,111.76
76514,111.76
76530,81.28
76546,81.28
76562,81.28
76577,111.76
76593,109.22
76609,109.22
76624,109.22
76641,109.22
-1,-1
77657,109.22
77672,109.22
77687,109.22
77704,109.22
77719,109.22
77735,111.76
77751,109.22
77767,109.22
77783,109.22
77798,109.22
77814,111.76
77830,111.76
77846,111.76
77861,109.22
77878,109.22
77893,109.22
77908,116.84
77925,111.76
77940,111.76
77957,111.76
77972,109.22
77987,109.22
78004,109.22
78019,111.76
78035,111.76
78051,111.76
78067,109.22
78083,109.22
78098,109.22
78114,111.76
78130,111.76
78146,111.76
78161,81.28
78177,81.28
78193,81.28
78209,78.74
78225,78.74
78240,78.74
78256,76.20
78272,76.20
78287,78.74
78303,76.20
78319,76.20
78334,76.20
78351,76.20
78366,76.20
78382,76.20
78398,76.20
78413,78.74
78430,78.74
78445,78.74
78460,76.20
78477,76.20
78492,78.74
78508,78.74
78524,78.74
78539,78.74
78556,132.08
78571,129.54
78586,129.54
78603,81.28
78618,81.28
78635,81.28
78650,81.28
78665,116.84
78682,116.84
78697,116.84
78713,111.76
78729,114.30
78744,114.30
78760,114.30
78776,111.76
78792,114.30
78808,111.76
78824,111.76
78839,111.76
78855,111.76
78871,111.76
78886,111.76
78903,111.76
78918,111.76
78934,111.76
78950,111.76
78965,111.76
78982,114.30
78997,111.76
79013,114.30
79029,114.30
79044,114.30
79060,111.76
79076,111.76
79092,111.76
79108,111.76
79124,111.76
79139,111.76
79155,116.84
79171,114.30
79186,114.30
79203,114.30
79218,114.30
79234,111.76
79250,111.76
79265,114.30
79282,114.30
79297,101.60
79313,114.30
79329,114.30
79344,114.30
79361,111.76
79376,111.76
79392,111.76
79408,162.56
79424,162.56
79439,162.56
79455,162.56
79471,165.10
79486,162.56
79503,160.02
79518,160.02
79534,160.02
79550,160.02
79565,160.02
79582,160.02
79597,160.02
79613,160.02
79629,160.02
79644,160.02
79661,162.56
79676,160.02
79692,160.02
79708,160.02
79724,160.02
79739,162.56
79755,160.02
79771,160.02
79787,160.02
79803,162.56
79818,160.02
79834,162.56
79850,160.02
79865,160.02
79882,162.56
79897,162.56
79913,162.56
79929,162.56
79944,162.56
79961,162.56
79976,162.56
79992,167.64
80008,165.10
80024,165.10
80039,165.10
80055,162.56
80071,162.56
80087,162.56
80103,119.38
80118,116.84
80134,119.38
80150,114.30
80165,114.30
80182,114.30
80197,114.30
80214,114.30
80229,114.30
80244,114.30
80261,114.30
80276,114.30
80292,116.84
80308,116.84
80324,116.84
80339,116.84
-1,-1
81355,119.38
81371,119.38
81387,279.40
81402,292.10
81419,289.56
81434,287.02
81451,287.02
81466,289.56
81481,119.38
81498,116.84
81513,116.84
81529,119.38
81545,297.18
81560,294.64
81576,106.68
81592,116.84
81608,116.84
81624,119.38
81640,294.64
81655,292.10
81671,292.10
81687,119.38
81702,119.38
81719,119.38
81734,119.38
81751,119.38
81766,119.38
81781,114.30
81798,114.30
81813,116.84
81829,114.30
81845,114.30
81860,114.30
81876,165.10
81892,162.56
81908,162.56
81924,127.00
81940,132.08
81955,132.08
81971,132.08
81987,165.10
82002,165.10
82019,165.10
82034,160.02
82050,160.02
82066,160.02
82081,160.02
82098,160.02
82113,160.02
82129,160.02
82145,162.56
82160,160.02
82177,160.02
82192,160.02
82208,162.56
82224,162.56
82239,160.02
82255,162.56
82271,160.02
82287,160.02
82302,160.02
82319,162.56
82334,160.02
82350,160.02
82366,162.56
82381,160.02
82398,160.02
82413,160.02
82428,160.02
82445,162.56
82460,162.56
82477,160.02
82492,160.02
82508,160.02
82524,160.02
82539,160.02
82555,160.02
82571,116.84
82587,116.84
82603,116.84
82619,111.76
82634,111.76
82650,114.30
82666,114.30
82681,111.76
82698,111.76
82713,114.30
82728,114.30
82745,114.30
82760,114.30
82777,111.76
82792,114.30
82808,114.30
82824,111.76
82839,111.76
82855,111.76
82871,111.76
82887,114.30
82903,114.30
82919,114.30
82934,111.76
82950,114.30
82966,111.76
82981,111.76
82998,114.30
83013,111.76
83028,111.76
83045,111.76
83060,111.76
83077,111.76
83092,111.76
83108,111.76
83124,111.76
83139,111.76
83155,111.76
83171,111.76
83187,111.76
83203,111.76
83219,111.76
83234,111.76
83250,111.76
83266,114.30
83281,111.76
83298,114.30
83313,78.74
83329,81.28
83345,81.28
83360,78.74
83377,78.74
83392,81.28
83407,76.20
83424,76.20
83439,76.20
83454,76.20
83471,76.20
83486,76.20
83503,76.20
83518,78.74
83533,78.74
83550,78.74
83565,76.20
83580,76.20
83597,76.20
83612,76.20
83629,76.20
83644,78.74
83659,76.20
83676,76.20
83691,78.74
83706,81.28
83723,78.74
83738,78.74
83755,78.74
83770,78.74
83785,78.74
83802,78.74
83817,76.20
83832,76.20
83849,78.74
83864,78.74
83880,78.74
83896,81.28
83911,114.30
83928,114.30
83943,114.30
83959,109.22
83975,109.22
83990,109.22
84006,111.76
84022,109.22
84038,109.22
-1,-1
85054,109.22
85069,109.22
85086,109.22
85101,109.22
85116,109.22
85133,109.22
85148,109.22
85165,111.76
85180,109.22
85196,109.22
85212,109.22
85227,109.22
85243,109.22
85259,109.22
85275,109.22
85291,109.22
85307,106.68
85322,109.22
85338,116.84
85354,111.76
85369,111.76
85386,111.76
85401,111.76
85417,109.22
85433,109.22
85448,109.22
85465,109.22
85480,109.22
85496,111.76
85512,111.76
85527,111.76
85543,78.74
85559,78.74
85575,81.28
85591,76.20
85606,76.20
85622,76.20
85638,76.20
85654,76.20
85669,76.20
85685,76.20
85701,76.20
85716,76.20
85732,76.20
85748,76.20
85764,76.20
85780,76.20
85795,76.20
85811,76.20
85827,76.20
85842,76.20
85858,76.20
85874,76.20
85890,76.20
85906,76.20
85921,76.20
85937,76.20
85953,76.20
85968,76.20
85984,78.74
86000,78.74
86016,78.74
86032,78.74
86047,78.74
86063,78.74
86079,78.74
86094,114.30
86110,114.30
86126,114.30
86141,111.76
86158,111.76
86173,114.30
86190,111.76
86205,111.76
86220,111.76
86237,111.76
86252,111.76
86268,111.76
86284,111.76
86300,114.30
86316,114.30
86331,111.76
86347,111.76
86363,111.76
86379,111.76
86394,111.76
86410,111.76
86426,111.76
86441,111.76
86458,111.76
86473,114.30
86490,111.76
86505,111.76
86520,111.76
86537,111.76
86552,111.76
86568,111.76
86584,111.76
86600,111.76
86616,111.76
86631,114.30
86647,111.76
86663,111.76
86679,111.76
86694,111.76
86710,111.76
86726,111.76
86742,165.10
86758,162.56
86773,162.56
86790,162.56
86805,162.56
86820,162.56
86837,162.56
86852,162.56
86868,162.56
86884,160.02
86899,160.02
86916,160.02
86931,160.02
86947,160.02
86963,160.02
86979,160.02
86994,160.02
87010,162.56
87026,160.02
87042,160.02
87058,160.02
87073,162.56
87090,160.02
87105,160.02
87120,160.02
87137,162.56
87152,162.56
87169,160.02
87184,160.02
87199,160.02
87216,162.56
87231,160.02
87247,162.56
87263,160.02
87279,160.02
87294,160.02
87310,160.02
87326,162.56
87342,162.56
87358,162.56
87373,162.56
87389,162.56
87405,162.56
87420,162.56
87437,162.56
87452,165.10
87469,162.56
87484,162.56
87499,162.56
87516,162.56
87531,116.84
87547,119.38
87563,119.38
87578,119.38
87595,345.44
87610,345.44
87626,116.84
87642,119.38
87658,119.38
87673,119.38
87689,292.10
87705,292.10
87720,289.56
87737,347.98
-1,-1
