14,38.10
30,38.10
46,35.56
61,35.56
76,38.10
93,91.44
108,106.68
123,106.68
140,50.80
155,40.64
171,38.10
186,38.10
202,38.10
218,38.10
233,38.10
249,109.22
265,111.76
280,109.22
296,149.86
312,160.02
327,160.02
344,50.80
359,40.64
374,40.64
390,38.10
406,38.10
421,38.10
437,40.64
453,40.64
468,40.64
484,38.10
499,38.10
516,38.10
531,38.10
546,40.64
563,40.64
578,40.64
593,38.10
609,38.10
625,35.56
641,38.10
656,38.10
672,38.10
688,40.64
703,40.64
718,40.64
735,40.64
750,38.10
765,40.64
782,48.26
797,111.76
813,114.30
829,93.98
844,43.18
860,38.10
875,38.10
891,111.76
907,129.54
922,129.54
939,132.08
954,132.08
969,129.54
986,134.62
1001,160.02
1016,160.02
1033,137.16
1048,116.84
1064,116.84
1080,116.84
1095,116.84
1112,116.84
1127,116.84
1142,114.30
1159,114.30
1174,114.30
1190,111.76
1206,114.30
1221,114.30
1238,45.72
1253,38.10
1268,35.56
1285,38.10
1300,35.56
1315,38.10
1332,63.50
1347,111.76
1362,111.76
1379,71.12
1394,40.64
1411,38.10
1426,38.10
1441,38.10
1458,40.64
1473,38.10
1488,38.10
1505,35.56
1520,35.56
1536,35.56
1552,38.10
1567,38.10
1583,38.10
1599,38.10
1614,38.10
1630,66.04
1646,109.22
1661,109.22
1677,109.22
1693,109.22
1709,109.22
1724,109.22
1740,111.76
1756,109.22
1772,109.22
1787,109.22
1803,109.22
1819,109.22
1835,109.22
1850,109.22
1866,109.22
1882,50.80
1898,40.64
1913,38.10
1929,73.66
1945,106.68
1960,109.22
1976,109.22
1992,111.76
2008,111.76
2023,111.76
2039,111.76
2055,111.76
2071,106.68
2086,43.18
2102,38.10
2118,35.56
2134,35.56
2149,38.10
2165,38.10
2181,83.82
2196,111.76
2212,114.30
2228,53.34
2243,38.10
2259,38.10
2275,55.88
2290,111.76
2307,114.30
2322,81.28
2337,40.64
2354,38.10
2369,38.10
2384,101.60
2401,109.22
2416,111.76
2433,109.22
2448,109.22
2463,109.22
2480,109.22
2495,111.76
2510,111.76
2527,111.76
2542,111.76
2558,111.76
2574,111.76
2589,111.76
2606,111.76
2621,109.22
2636,109.22
2653,109.22
2668,111.76
2684,109.22
-1,-1
3700,38.10
3716,43.18
3731,104.14
3747,104.14
3763,86.36
3778,40.64
3794,38.10
3810,38.10
3825,38.10
3842,40.64
3857,38.10
3872,38.10
3889,35.56
3904,35.56
3919,78.74
3936,104.14
3951,106.68
3966,109.22
3983,109.22
3998,109.22
4015,109.22
4030,109.22
4045,109.22
4062,109.22
4077,109.22
4092,109.22
4109,109.22
4124,109.22
4141,109.22
4156,109.22
4171,109.22
4188,109.22
4203,109.22
4218,109.22
4235,109.22
4250,109.22
4267,111.76
4282,111.76
4297,111.76
4314,66.04
4329,43.18
4344,40.64
4361,38.10
4376,114.30
4391,124.46
4408,119.38
4423,43.18
4440,38.10
4455,38.10
4470,38.10
4487,38.10
4502,38.10
4517,38.10
4534,38.10
4549,35.56
4564,68.58
4581,109.22
4596,109.22
4612,68.58
4628,43.18
4643,40.64
4659,38.10
4675,106.68
4690,109.22
4706,109.22
4722,111.76
4738,111.76
4754,111.76
4769,109.22
4785,109.22
4801,109.22
4816,109.22
4832,109.22
4848,111.76
4864,109.22
4880,109.22
4895,109.22
4911,111.76
4927,109.22
4942,109.22
4958,109.22
4974,109.22
4989,109.22
5006,109.22
5021,109.22
5037,111.76
5053,111.76
5068,43.18
5084,38.10
5100,38.10
5115,38.10
5131,38.10
5147,38.10
5163,35.56
5178,35.56
5194,38.10
5210,35.56
5225,35.56
5241,35.56
5257,40.64
5272,106.68
5288,109.22
5304,93.98
5320,43.18
5336,38.10
5351,38.10
5367,38.10
5383,38.10
5398,35.56
5414,86.36
5430,111.76
5445,111.76
5462,111.76
5477,111.76
5492,114.30
5509,114.30
5524,114.30
5540,114.30
5556,114.30
5571,111.76
5587,114.30
5603,111.76
5618,152.40
5635,160.02
5650,160.02
5666,119.38
5682,116.84
5697,116.84
5713,127.00
5729,129.54
5744,129.54
5761,121.92
5776,119.38
5792,119.38
5808,60.96
5823,43.18
5839,40.64
5855,43.18
5870,111.76
5886,116.84
5902,116.84
5917,114.30
5934,114.30
5949,116.84
5964,116.84
5981,114.30
5996,114.30
6012,45.72
6028,40.64
6043,38.10
6060,38.10
6075,38.10
6090,38.10
6107,38.10
6122,40.64
6137,40.64
6154,38.10
6169,38.10
6184,38.10
6201,38.10
6216,104.14
6232,109.22
6248,109.22
6263,43.18
6279,38.10
6295,38.10
6310,30.48
6326,27.94
6342,27.94
6358,35.56
6373,38.10
-1,-1
7389,109.22
7405,43.18
7420,38.10
7436,38.10
7452,38.10
7468,38.10
7483,38.10
7499,27.94
7515,25.40
7530,22.86
7546,30.48
7562,35.56
7577,38.10
7593,35.56
7609,38.10
7624,38.10
7641,38.10
7656,38.10
7671,38.10
7688,38.10
7703,40.64
7718,40.64
7735,40.64
7750,38.10
7766,38.10
7782,40.64
7797,38.10
7813,38.10
7829,38.10
7844,38.10
7860,38.10
7876,40.64
7891,40.64
7907,106.68
7923,111.76
7939,111.76
7955,116.84
7970,114.30
7986,114.30
8002,45.72
8017,40.64
8033,38.10
8049,35.56
8065,38.10
8080,38.10
8096,66.04
8112,111.76
8127,111.76
8143,114.30
8159,114.30
8175,114.30
8190,114.30
8206,129.54
8222,129.54
8238,129.54
8253,119.38
8269,119.38
8285,119.38
8301,129.54
8316,132.08
8332,132.08
8348,121.92
8364,119.38
8379,119.38
8395,116.84
8411,114.30
8427,116.84
8442,116.84
8458,116.84
8474,114.30
8489,83.82
8505,43.18
8521,40.64
8537,40.64
8552,104.14
8568,111.76
8584,111.76
8599,111.76
8615,111.76
8631,111.76
8647,45.72
8663,38.10
8678,38.10
8694,38.10
8710,35.56
8725,38.10
8741,35.56
8757,35.56
8772,38.10
8788,38.10
8804,38.10
8819,38.10
8836,38.10
8851,104.14
8866,106.68
8883,106.68
8898,45.72
8913,38.10
8930,38.10
8945,86.36
8961,106.68
8977,106.68
8992,53.34
9008,40.64
9024,38.10
9039,55.88
9055,106.68
9071,109.22
9086,109.22
9103,109.22
9118,109.22
9134,109.22
9150,109.22
9165,109.22
9181,109.22
9197,109.22
9212,109.22
9229,111.76
9244,48.26
9260,40.64
9276,38.10
9291,76.20
9307,109.22
9323,109.22
9338,109.22
9354,109.22
9370,109.22
9385,109.22
9402,111.76
9417,111.76
9433,111.76
9449,111.76
9464,111.76
9481,111.76
9496,43.18
9511,38.10
9528,35.56
9543,38.10
9559,38.10
9575,38.10
9590,76.20
9606,116.84
9622,116.84
9637,121.92
9653,124.46
9669,124.46
9684,124.46
9700,124.46
9716,124.46
9732,127.00
9748,111.76
9763,114.30
9779,111.76
9795,111.76
9810,111.76
9826,111.76
9842,111.76
9858,111.76
9874,111.76
9889,111.76
9905,111.76
9921,111.76
9936,109.22
9952,111.76
9968,109.22
9984,109.22
10000,111.76
10015,111.76
10031,109.22
10047,109.22
10062,109.22
-1,-1
11078,58.42
11095,40.64
11110,38.10
11126,43.18
11142,101.60
11157,106.68
11173,104.14
11189,106.68
11205,106.68
11220,106.68
11236,109.22
11252,109.22
11268,109.22
11284,109.22
11299,109.22
11316,109.22
11331,109.22
11346,109.22
11363,109.22
11378,109.22
11395,109.22
11410,109.22
11425,109.22
11442,109.22
11457,109.22
11473,109.22
11489,109.22
11505,109.22
11521,109.22
11536,109.22
11552,109.22
11568,109.22
11584,109.22
11599,109.22
11616,109.22
11631,109.22
11646,109.22
11663,109.22
11678,111.76
11695,111.76
11710,111.76
11725,55.88
11742,38.10
11757,35.56
11773,35.56
11789,38.10
11804,38.10
11821,38.10
11836,35.56
11852,38.10
11868,38.10
11883,35.56
11899,38.10
11915,35.56
11930,35.56
11947,38.10
11962,35.56
11978,83.82
11994,109.22
12009,111.76
12025,111.76
12041,111.76
12057,111.76
12072,66.04
12088,43.18
12104,40.64
12120,38.10
12136,106.68
12151,109.22
12167,109.22
12183,111.76
12198,109.22
12215,109.22
12230,45.72
12246,40.64
12262,38.10
12277,91.44
12294,106.68
12309,109.22
12324,109.22
12341,109.22
12356,109.22
12372,111.76
12388,111.76
12404,111.76
12420,111.76
12435,109.22
12451,109.22
12467,86.36
12483,40.64
12498,38.10
12514,35.56
12530,38.10
12546,38.10
12561,38.10
12577,38.10
12593,35.56
12609,35.56
12624,38.10
12640,38.10
12656,38.10
12672,71.12
12688,109.22
12703,111.76
12719,111.76
12735,111.76
12750,111.76
12767,111.76
12782,111.76
12797,111.76
12814,111.76
12829,114.30
12846,114.30
12861,114.30
12877,45.72
12893,38.10
12908,38.10
12924,88.90
12940,111.76
12956,114.30
12972,116.84
12987,116.84
13003,116.84
13019,116.84
13035,116.84
13050,116.84
13066,116.84
13082,154.94
13097,160.02
13114,160.02
13129,142.24
13146,139.70
13161,142.24
13176,121.92
13193,121.92
13208,121.92
13224,119.38
13240,119.38
13255,119.38
13272,116.84
13287,114.30
13303,116.84
13319,116.84
13335,114.30
13350,116.84
13366,60.96
13382,40.64
13398,38.10
13414,38.10
13429,35.56
13445,38.10
13461,38.10
13476,106.68
13493,114.30
13508,114.30
13523,43.18
13540,38.10
13555,38.10
13571,38.10
13587,40.64
13602,40.64
13619,38.10
13634,38.10
13649,38.10
13666,38.10
13681,35.56
13698,38.10
13713,33.02
13728,27.94
13745,27.94
13760,30.48
-1,-1
14776,38.10
14791,38.10
14808,38.10
14823,38.10
14838,38.10
14855,33.02
14870,25.40
14886,25.40
14902,22.86
14917,101.60
14934,111.76
14949,111.76
14965,43.18
14981,38.10
14996,38.10
15012,38.10
15028,38.10
15044,40.64
15059,71.12
15075,109.22
15091,111.76
15107,50.80
15122,25.40
15138,22.86
15154,30.48
15170,35.56
15185,35.56
15201,35.56
15217,104.14
15233,111.76
15249,111.76
15264,43.18
15280,38.10
15296,38.10
15311,86.36
15328,111.76
15343,111.76
15358,53.34
15375,43.18
15390,40.64
15407,60.96
15422,111.76
15437,111.76
15454,114.30
15469,114.30
15485,114.30
15501,114.30
15516,114.30
15533,114.30
15548,114.30
15564,114.30
15580,114.30
15596,114.30
15611,121.92
15627,124.46
15643,124.46
15659,134.62
15675,139.70
15690,139.70
15706,134.62
15722,132.08
15737,132.08
15754,127.00
15769,119.38
15785,119.38
15801,119.38
15816,119.38
15833,116.84
15848,119.38
15864,116.84
15880,116.84
15895,119.38
15911,137.16
15927,142.24
15943,142.24
15959,116.84
15975,111.76
15990,114.30
16006,114.30
16022,111.76
16037,111.76
16054,55.88
16069,40.64
16084,38.10
16101,45.72
16116,106.68
16133,109.22
16148,83.82
16163,43.18
16180,38.10
16195,38.10
16211,99.06
16227,109.22
16242,109.22
16259,45.72
16274,40.64
16289,38.10
16306,83.82
16321,109.22
16337,109.22
16353,53.34
16368,40.64
16385,38.10
16400,38.10
16416,35.56
16432,38.10
16447,38.10
16463,104.14
16479,109.22
16495,109.22
16510,109.22
16526,109.22
16542,109.22
16558,109.22
16574,109.22
16589,109.22
16605,48.26
16621,40.64
16636,40.64
16653,38.10
16668,40.64
16684,40.64
16700,63.50
16715,106.68
16732,109.22
16747,109.22
16762,111.76
16779,109.22
16794,111.76
16811,114.30
16826,111.76
16842,111.76
16858,43.18
16873,38.10
16889,38.10
16905,38.10
16920,38.10
16936,38.10
16952,81.28
16968,114.30
16984,114.30
16999,114.30
17015,116.84
17031,114.30
17047,114.30
17062,116.84
17079,114.30
17094,114.30
17110,111.76
17126,114.30
17141,114.30
17158,114.30
17173,114.30
17188,111.76
17205,111.76
17220,109.22
17236,109.22
17252,109.22
17268,111.76
17284,111.76
17299,109.22
17315,111.76
17331,111.76
17347,111.76
17362,111.76
17379,111.76
17394,111.76
17410,111.76
17426,109.22
17441,109.22
17458,109.22
-1,-1
18473,35.56
18489,60.96
18504,104.14
18521,104.14
18536,106.68
18552,109.22
18568,109.22
18584,93.98
18599,40.64
18615,38.10
18631,38.10
18647,93.98
18662,104.14
18678,104.14
18694,109.22
18710,109.22
18725,109.22
18742,109.22
18757,106.68
18772,109.22
18789,109.22
18804,109.22
18821,109.22
18836,109.22
18851,109.22
18868,109.22
18883,109.22
18899,109.22
18915,109.22
18931,109.22
18947,109.22
18962,111.76
18978,109.22
18994,109.22
19010,109.22
19025,109.22
19042,111.76
19057,111.76
19073,111.76
19089,48.26
19104,38.10
19121,35.56
19136,60.96
19151,121.92
19168,124.46
19183,73.66
19200,40.64
19215,38.10
19230,35.56
19247,106.68
19262,114.30
19277,111.76
19294,43.18
19309,35.56
19325,35.56
19341,35.56
19356,35.56
19373,38.10
19388,81.28
19404,111.76
19420,111.76
19435,111.76
19451,109.22
19467,109.22
19483,109.22
19499,109.22
19514,109.22
19530,109.22
19546,109.22
19562,109.22
19577,109.22
19594,109.22
19609,109.22
19624,109.22
19641,109.22
19656,109.22
19673,109.22
19688,109.22
19704,109.22
19720,109.22
19735,109.22
19751,109.22
19767,109.22
19783,55.88
19799,40.64
19814,40.64
19830,38.10
19846,35.56
19862,38.10
19877,38.10
19893,38.10
19909,38.10
19924,40.64
19940,38.10
19956,38.10
19972,35.56
19988,35.56
20003,35.56
20019,38.10
20035,35.56
20050,35.56
20066,35.56
20082,35.56
20098,38.10
20114,35.56
20129,55.88
20145,109.22
20161,109.22
20176,111.76
20193,111.76
20208,111.76
20224,111.76
20240,111.76
20255,111.76
20272,109.22
20287,111.76
20303,111.76
20319,111.76
20334,114.30
20350,114.30
20366,114.30
20382,132.08
20398,160.02
20413,160.02
20429,134.62
20445,116.84
20461,116.84
20476,116.84
20493,129.54
20508,129.54
20524,129.54
20540,116.84
20555,116.84
20572,116.84
20587,119.38
20603,119.38
20619,119.38
20634,114.30
20651,116.84
20666,116.84
20682,116.84
20698,116.84
20713,116.84
20729,53.34
20745,40.64
20761,40.64
20776,40.64
20792,38.10
20808,38.10
20824,38.10
20840,38.10
20855,38.10
20871,38.10
20887,38.10
20902,40.64
20918,40.64
20934,38.10
20950,38.10
20966,38.10
20981,40.64
20997,38.10
21013,40.64
21028,38.10
21044,38.10
21060,38.10
21075,38.10
21092,38.10
21107,38.10
21123,38.10
21139,40.64
21154,40.64
-1,-1
22170,27.94
22185,25.40
22202,22.86
22217,30.48
22234,35.56
22249,35.56
22264,35.56
22281,35.56
22296,38.10
22311,35.56
22328,38.10
22343,35.56
22360,38.10
22375,35.56
22390,38.10
22407,35.56
22422,27.94
22437,25.40
22454,22.86
22469,22.86
22486,20.32
22501,22.86
22516,30.48
22533,35.56
22548,38.10
22563,35.56
22580,35.56
22595,35.56
22611,38.10
22627,38.10
22642,38.10
22659,38.10
22674,38.10
22690,38.10
22706,35.56
22721,35.56
22737,38.10
22753,38.10
22768,38.10
22785,38.10
22800,38.10
22816,38.10
22832,35.56
22847,38.10
22863,38.10
22879,109.22
22894,114.30
22910,114.30
22926,114.30
22942,114.30
22958,114.30
22974,116.84
22989,116.84
23005,119.38
23021,116.84
23036,116.84
23053,114.30
23068,129.54
23084,157.48
23100,157.48
23115,157.48
23132,160.02
23147,160.02
23163,154.94
23179,116.84
23194,114.30
23211,116.84
23226,111.76
23242,111.76
23258,114.30
23274,114.30
23289,114.30
23305,116.84
23321,114.30
23336,114.30
23353,116.84
23368,114.30
23384,111.76
23400,111.76
23415,111.76
23432,114.30
23447,111.76
23463,60.96
23479,40.64
23494,38.10
23511,38.10
23526,38.10
23541,38.10
23558,38.10
23573,104.14
23589,109.22
23605,109.22
23620,43.18
23636,38.10
23652,38.10
23668,35.56
23684,38.10
23699,38.10
23715,78.74
23731,106.68
23747,109.22
23762,109.22
23778,109.22
23794,109.22
23810,68.58
23826,43.18
23841,38.10
23857,40.64
23873,104.14
23888,106.68
23905,109.22
23920,109.22
23936,109.22
23952,109.22
23967,109.22
23984,109.22
23999,109.22
24015,45.72
24031,38.10
24046,38.10
24062,73.66
24078,109.22
24094,106.68
24110,111.76
24125,111.76
24141,111.76
24157,111.76
24173,111.76
24188,111.76
24204,111.76
24220,111.76
24236,111.76
24252,111.76
24267,43.18
24284,38.10
24299,38.10
24314,93.98
24331,111.76
24346,111.76
24361,48.26
24378,38.10
24393,38.10
24410,66.04
24425,111.76
24440,114.30
24457,114.30
24472,124.46
24488,124.46
24504,124.46
24520,114.30
24536,111.76
24551,114.30
24567,114.30
24583,111.76
24599,114.30
24614,111.76
24630,111.76
24646,111.76
24662,111.76
24678,109.22
24693,109.22
24710,109.22
24725,111.76
24740,111.76
24757,111.76
24772,111.76
24788,111.76
24804,111.76
24820,111.76
24836,109.22
24851,109.22
-1,-1
25867,106.68
25883,109.22
25899,106.68
25915,106.68
25930,109.22
25947,109.22
25962,109.22
25977,106.68
25994,106.68
26009,106.68
26025,106.68
26041,109.22
26056,106.68
26073,109.22
26088,106.68
26104,109.22
26120,109.22
26136,109.22
26151,106.68
26167,106.68
26183,106.68
26199,109.22
26215,109.22
26230,109.22
26247,109.22
26262,109.22
26277,109.22
26294,109.22
26309,109.22
26326,109.22
26341,109.22
26356,109.22
26373,109.22
26388,109.22
26404,111.76
26420,109.22
26436,111.76
26451,109.22
26467,109.22
26483,109.22
26499,50.80
26515,40.64
26530,38.10
26546,38.10
26562,38.10
26577,35.56
26594,38.10
26609,111.76
26625,116.84
26641,116.84
26656,114.30
26673,114.30
26688,114.30
26703,43.18
26720,38.10
26735,38.10
26752,91.44
26767,109.22
26782,111.76
26799,50.80
26814,40.64
26830,38.10
26846,68.58
26861,109.22
26877,109.22
26893,109.22
26909,111.76
26925,111.76
26940,83.82
26956,43.18
26972,40.64
26988,40.64
27003,104.14
27019,111.76
27035,111.76
27051,111.76
27067,109.22
27082,109.22
27098,109.22
27114,109.22
27129,109.22
27146,109.22
27161,109.22
27177,109.22
27193,55.88
27208,38.10
27225,38.10
27240,43.18
27255,106.68
27272,106.68
27287,88.90
27303,43.18
27319,38.10
27334,38.10
27351,35.56
27366,38.10
27382,38.10
27398,38.10
27413,38.10
27429,38.10
27445,38.10
27461,35.56
27476,38.10
27492,68.58
27508,109.22
27524,109.22
27539,63.50
27555,38.10
27571,38.10
27587,38.10
27602,109.22
27618,111.76
27634,111.76
27650,111.76
27666,111.76
27681,111.76
27697,111.76
27713,111.76
27728,111.76
27745,134.62
27760,160.02
27777,160.02
27792,129.54
27807,116.84
27824,116.84
27839,116.84
27855,157.48
27871,160.02
27887,157.48
27902,132.08
27918,132.08
27934,132.08
27950,129.54
27966,129.54
27981,129.54
27997,116.84
28013,116.84
28028,116.84
28045,119.38
28060,119.38
28077,119.38
28092,116.84
28107,116.84
28124,116.84
28139,116.84
28155,114.30
28171,114.30
28187,63.50
28203,40.64
28218,40.64
28234,40.64
28250,38.10
28265,38.10
28281,35.56
28297,38.10
28313,38.10
28328,38.10
28344,38.10
28360,38.10
28376,38.10
28391,38.10
28407,38.10
28423,38.10
28439,35.56
28454,35.56
28470,38.10
28486,30.48
28502,27.94
28517,27.94
28533,35.56
28549,35.56
-1,-1
29564,35.56
29581,38.10
29596,35.56
29612,38.10
29628,38.10
29643,38.10
29660,38.10
29675,40.64
29690,38.10
29707,38.10
29722,35.56
29737,25.40
29754,25.40
29769,22.86
29786,35.56
29801,35.56
29816,38.10
29833,35.56
29848,35.56
29863,35.56
29880,27.94
29895,25.40
29912,22.86
29927,33.02
29942,38.10
29959,38.10
29974,38.10
29989,38.10
30006,35.56
30021,38.10
30038,40.64
30053,38.10
30068,40.64
30085,91.44
30100,114.30
30116,114.30
30132,48.26
30147,38.10
30163,38.10
30179,38.10
30194,40.64
30211,40.64
30226,53.34
30242,111.76
30258,114.30
30273,114.30
30289,114.30
30305,114.30
30321,114.30
30337,116.84
30353,116.84
30368,116.84
30384,116.84
30400,116.84
30415,119.38
30432,132.08
30447,142.24
30462,142.24
30479,134.62
30494,132.08
30511,132.08
30526,132.08
30542,157.48
30558,160.02
30573,160.02
30589,162.56
30605,160.02
30621,160.02
30637,119.38
30653,119.38
30668,119.38
30684,116.84
30700,114.30
30715,116.84
30732,114.30
30747,111.76
30763,111.76
30779,111.76
30794,111.76
30811,111.76
30826,111.76
30842,111.76
30858,111.76
30873,111.76
30889,114.30
30905,111.76
30921,76.20
30937,40.64
30952,38.10
30968,38.10
30984,35.56
31000,38.10
31015,38.10
31031,35.56
31047,38.10
31063,38.10
31078,35.56
31094,35.56
31110,35.56
31126,35.56
31141,35.56
31157,38.10
31173,66.04
31188,109.22
31205,109.22
31220,109.22
31236,109.22
31252,109.22
31267,111.76
31284,109.22
31299,109.22
31314,109.22
31331,109.22
31346,109.22
31363,109.22
31378,43.18
31394,38.10
31410,38.10
31425,38.10
31441,40.64
31457,40.64
31472,76.20
31489,106.68
31504,106.68
31520,111.76
31536,111.76
31552,111.76
31567,111.76
31583,111.76
31599,111.76
31614,96.52
31631,40.64
31646,38.10
31662,38.10
31678,38.10
31693,38.10
31710,38.10
31725,38.10
31740,38.10
31757,38.10
31772,35.56
31788,35.56
31804,38.10
31819,66.04
31836,111.76
31851,114.30
31866,114.30
31883,124.46
31898,124.46
31915,124.46
31930,114.30
31945,111.76
31962,111.76
31977,111.76
31993,114.30
32009,114.30
32025,111.76
32040,109.22
32056,109.22
32072,109.22
32088,109.22
32104,109.22
32119,109.22
32136,111.76
32151,111.76
32166,111.76
32183,109.22
32198,109.22
32215,111.76
32230,109.22
32245,109.22
-1,-1
33262,106.68
33277,106.68
33293,106.68
33309,106.68
33325,106.68
33341,106.68
33356,106.68
33372,106.68
33388,109.22
33403,106.68
33420,106.68
33435,106.68
33452,109.22
33467,106.68
33482,109.22
33499,109.22
33514,109.22
33530,109.22
33546,109.22
33561,109.22
33577,109.22
33593,109.22
33609,109.22
33625,109.22
33641,109.22
33656,109.22
33672,109.22
33688,109.22
33703,109.22
33720,109.22
33735,109.22
33752,109.22
33767,109.22
33782,111.76
33799,109.22
33814,109.22
33830,109.22
33846,109.22
33861,111.76
33878,111.76
33893,111.76
33909,53.34
33925,43.18
33941,40.64
33956,48.26
33972,119.38
33988,124.46
34003,124.46
34020,124.46
34035,124.46
34051,111.76
34067,43.18
34082,38.10
34099,38.10
34114,96.52
34129,111.76
34146,111.76
34161,45.72
34178,38.10
34193,35.56
34208,76.20
34225,109.22
34240,109.22
34256,111.76
34272,111.76
34287,111.76
34304,111.76
34319,109.22
34335,111.76
34351,109.22
34366,109.22
34382,109.22
34398,109.22
34414,109.22
34429,109.22
34446,109.22
34461,109.22
34477,109.22
34493,109.22
34508,109.22
34525,109.22
34540,109.22
34556,109.22
34572,109.22
34587,109.22
34604,58.42
34619,38.10
34635,35.56
34651,38.10
34666,38.10
34682,38.10
34698,40.64
34713,38.10
34729,35.56
34745,38.10
34761,35.56
34777,35.56
34792,38.10
34808,35.56
34824,35.56
34839,38.10
34855,81.28
34871,106.68
34887,109.22
34903,55.88
34918,40.64
34934,38.10
34950,35.56
34966,35.56
34981,38.10
34997,38.10
35013,106.68
35028,109.22
35045,111.76
35060,114.30
35076,114.30
35092,114.30
35107,111.76
35124,111.76
35139,111.76
35154,111.76
35171,111.76
35186,111.76
35203,114.30
35218,116.84
35234,116.84
35250,116.84
35265,132.08
35281,132.08
35297,132.08
35313,139.70
35329,139.70
35345,139.70
35360,124.46
35376,124.46
35392,121.92
35407,129.54
35424,129.54
35439,132.08
35454,119.38
35471,114.30
35486,114.30
35503,116.84
35518,114.30
35534,114.30
35550,58.42
35565,40.64
35581,40.64
35597,53.34
35613,111.76
35629,114.30
35644,83.82
35660,40.64
35676,38.10
35692,38.10
35707,38.10
35723,38.10
35739,38.10
35755,40.64
35770,40.64
35786,40.64
35802,40.64
35818,38.10
35833,40.64
35849,76.20
35865,111.76
35880,111.76
35897,58.42
35912,40.64
35928,38.10
35944,38.10
-1,-1
36960,40.64
36975,38.10
36990,38.10
37007,38.10
37022,38.10
37039,38.10
37054,35.56
37069,38.10
37086,38.10
37101,38.10
37116,38.10
37133,40.64
37148,38.10
37165,38.10
37180,40.64
37195,93.98
37212,111.76
37227,111.76
37243,111.76
37259,111.76
37274,111.76
37291,45.72
37306,30.48
37322,27.94
37338,33.02
37353,35.56
37369,35.56
37385,38.10
37400,38.10
37416,38.10
37432,40.64
37448,38.10
37464,40.64
37479,40.64
37495,99.06
37511,114.30
37527,114.30
37542,50.80
37558,43.18
37574,40.64
37590,38.10
37605,35.56
37621,38.10
37637,38.10
37653,38.10
37668,38.10
37684,38.10
37700,109.22
37715,111.76
37732,114.30
37747,116.84
37763,116.84
37779,116.84
37794,127.00
37811,129.54
37826,127.00
37842,132.08
37858,129.54
37873,129.54
37890,134.62
37905,139.70
37921,139.70
37937,139.70
37952,160.02
37968,160.02
37984,152.40
38000,116.84
38016,116.84
38032,116.84
38047,111.76
38063,111.76
38079,114.30
38094,111.76
38111,111.76
38126,111.76
38142,43.18
38158,38.10
38173,38.10
38190,86.36
38205,109.22
38220,111.76
38237,50.80
38252,38.10
38268,38.10
38284,38.10
38299,38.10
38316,38.10
38331,40.64
38347,106.68
38363,109.22
38378,91.44
38394,43.18
38410,38.10
38426,38.10
38441,38.10
38457,40.64
38473,38.10
38489,38.10
38504,35.56
38520,38.10
38536,81.28
38552,106.68
38567,109.22
38583,109.22
38599,109.22
38615,109.22
38631,109.22
38646,109.22
38662,109.22
38678,109.22
38693,109.22
38710,109.22
38725,109.22
38742,109.22
38757,109.22
38772,109.22
38789,109.22
38804,109.22
38820,111.76
38836,109.22
38852,109.22
38867,109.22
38883,109.22
38899,111.76
38915,109.22
38931,111.76
38946,111.76
38962,111.76
38978,111.76
38993,111.76
39010,111.76
39025,88.90
39042,40.64
39057,38.10
39072,38.10
39089,38.10
39104,38.10
39119,38.10
39136,38.10
39151,38.10
39168,38.10
39183,83.82
39198,116.84
39215,116.84
39230,121.92
39246,124.46
39262,124.46
39277,119.38
39293,111.76
39309,111.76
39325,111.76
39341,114.30
39357,111.76
39372,111.76
39388,111.76
39404,111.76
39419,111.76
39436,109.22
39451,109.22
39468,111.76
39483,109.22
39498,109.22
39515,109.22
39530,109.22
39546,111.76
39562,111.76
39577,109.22
39593,111.76
39609,111.76
39625,109.22
39641,109.22
-1,-1
40656,109.22
40673,106.68
40688,106.68
40704,106.68
40720,106.68
40735,109.22
40752,106.68
40767,73.66
40783,40.64
40799,40.64
40814,40.64
40830,101.60
40846,106.68
40862,106.68
40878,106.68
40893,106.68
40909,106.68
40925,106.68
40941,106.68
40956,106.68
40972,109.22
40988,109.22
41004,109.22
41020,109.22
41035,109.22
41052,109.22
41067,109.22
41082,109.22
41099,109.22
41114,109.22
41131,109.22
41146,109.22
41161,109.22
41178,109.22
41193,109.22
41209,109.22
41225,109.22
41241,109.22
41256,109.22
41272,111.76
41288,111.76
41304,111.76
41320,116.84
41335,116.84
41352,116.84
41367,119.38
41382,124.46
41399,124.46
41414,71.12
41431,40.64
41446,38.10
41461,38.10
41478,35.56
41493,35.56
41508,38.10
41525,38.10
41540,40.64
41556,38.10
41572,93.98
41587,109.22
41604,109.22
41619,111.76
41635,111.76
41651,111.76
41666,111.76
41682,111.76
41698,111.76
41714,111.76
41730,109.22
41746,109.22
41761,109.22
41777,109.22
41793,109.22
41808,109.22
41825,109.22
41840,109.22
41857,109.22
41872,109.22
41887,109.22
41904,111.76
41919,109.22
41935,109.22
41951,111.76
41966,111.76
41982,109.22
41998,109.22
42014,109.22
42030,109.22
42046,109.22
42061,66.04
42077,40.64
42093,38.10
42108,35.56
42125,35.56
42140,35.56
42156,38.10
42172,35.56
42187,38.10
42203,38.10
42219,96.52
42234,106.68
42251,106.68
42266,48.26
42281,40.64
42298,38.10
42313,38.10
42330,35.56
42345,38.10
42360,55.88
42377,109.22
42392,109.22
42408,76.20
42424,40.64
42439,38.10
42456,38.10
42471,106.68
42486,114.30
42503,114.30
42518,111.76
42534,111.76
42550,111.76
42566,137.16
42582,160.02
42597,160.02
42613,160.02
42629,160.02
42645,162.56
42660,160.02
42676,160.02
42692,160.02
42707,157.48
42724,132.08
42739,132.08
42756,129.54
42771,119.38
42786,119.38
42803,119.38
42818,119.38
42834,119.38
42850,119.38
42866,45.72
42882,38.10
42897,35.56
42913,38.10
42929,38.10
42944,38.10
42960,38.10
42976,40.64
42992,38.10
43008,38.10
43023,38.10
43039,38.10
43055,38.10
43070,38.10
43086,38.10
43102,38.10
43118,38.10
43133,38.10
43149,38.10
43165,38.10
43181,35.56
43196,38.10
43212,40.64
43228,40.64
43244,40.64
43259,38.10
43275,38.10
43291,38.10
43307,30.48
43323,27.94
43338,27.94
-1,-1
44354,35.56
44369,35.56
44386,38.10
44401,35.56
44417,35.56
44433,35.56
44448,38.10
44465,38.10
44480,40.64
44495,33.02
44512,25.40
44527,25.40
44542,22.86
44559,101.60
44574,114.30
44591,114.30
44606,33.02
44621,25.40
44638,25.40
44653,35.56
44669,35.56
44685,38.10
44700,30.48
44717,27.94
44732,27.94
44747,33.02
44764,35.56
44779,38.10
44795,38.10
44811,38.10
44826,38.10
44843,40.64
44858,38.10
44873,38.10
44890,35.56
44905,35.56
44921,35.56
44937,38.10
44952,38.10
44968,40.64
44984,40.64
44999,38.10
45016,38.10
45031,38.10
45047,48.26
45063,111.76
45078,116.84
45094,116.84
45110,114.30
45126,114.30
45142,114.30
45158,116.84
45173,116.84
45189,116.84
45205,129.54
45220,129.54
45237,129.54
45252,129.54
45267,129.54
45284,129.54
45299,132.08
45316,132.08
45331,132.08
45347,132.08
45363,129.54
45378,129.54
45394,81.28
45410,43.18
45426,40.64
45442,40.64
45457,127.00
45473,142.24
45489,142.24
45505,114.30
45520,111.76
45536,114.30
45552,111.76
45568,111.76
45584,111.76
45599,48.26
45616,38.10
45631,38.10
45646,35.56
45663,38.10
45678,38.10
45693,38.10
45710,35.56
45725,38.10
45742,38.10
45757,38.10
45772,38.10
45789,38.10
45804,40.64
45819,38.10
45836,40.64
45851,38.10
45868,35.56
45883,38.10
45898,35.56
45915,35.56
45930,35.56
45945,76.20
45962,106.68
45977,109.22
45993,109.22
46009,109.22
46025,109.22
46041,109.22
46056,109.22
46072,109.22
46088,88.90
46104,43.18
46119,40.64
46135,38.10
46151,99.06
46167,109.22
46183,109.22
46198,45.72
46214,40.64
46230,38.10
46245,83.82
46261,106.68
46277,109.22
46292,53.34
46309,40.64
46324,38.10
46340,50.80
46356,109.22
46371,111.76
46388,111.76
46403,111.76
46419,111.76
46435,104.14
46450,40.64
46467,38.10
46482,38.10
46497,38.10
46514,38.10
46529,38.10
46545,38.10
46561,38.10
46576,38.10
46593,81.28
46608,124.46
46624,124.46
46640,60.96
46655,40.64
46671,38.10
46687,40.64
46703,109.22
46718,111.76
46734,111.76
46750,109.22
46766,109.22
46782,109.22
46797,109.22
46813,109.22
46829,109.22
46844,109.22
46861,109.22
46876,109.22
46893,109.22
46908,109.22
46923,109.22
46940,109.22
46955,109.22
46971,111.76
46987,63.50
47002,43.18
47019,40.64
47034,40.64
-1,-1
48050,106.68
48066,106.68
48081,66.04
48097,40.64
48113,40.64
48129,40.64
48145,38.10
48160,35.56
48176,38.10
48192,99.06
48207,104.14
48224,104.14
48239,43.18
48254,38.10
48271,38.10
48286,38.10
48302,38.10
48318,40.64
48333,78.74
48350,106.68
48365,106.68
48380,109.22
48397,109.22
48412,109.22
48429,109.22
48444,109.22
48460,109.22
48476,109.22
48491,109.22
48507,109.22
48523,109.22
48539,109.22
48555,109.22
48570,109.22
48586,109.22
48602,109.22
48618,109.22
48633,111.76
48650,111.76
48665,111.76
48680,53.34
48697,38.10
48712,38.10
48729,50.80
48744,124.46
48759,124.46
48776,86.36
48791,40.64
48807,38.10
48823,38.10
48838,38.10
48855,38.10
48870,38.10
48885,35.56
48902,35.56
48917,35.56
48933,86.36
48949,111.76
48964,111.76
48980,111.76
48996,111.76
49012,111.76
49028,111.76
49043,111.76
49059,111.76
49075,111.76
49091,114.30
49106,111.76
49123,114.30
49138,111.76
49154,109.22
49170,111.76
49185,109.22
49202,109.22
49217,109.22
49232,109.22
49249,109.22
49264,109.22
49281,109.22
49296,109.22
49312,109.22
49328,109.22
49343,109.22
49359,109.22
49375,109.22
49391,109.22
49406,109.22
49423,109.22
49438,111.76
49454,109.22
49470,93.98
49485,40.64
49502,38.10
49517,38.10
49532,38.10
49549,38.10
49564,38.10
49580,35.56
49596,38.10
49611,38.10
49628,78.74
49643,106.68
49658,109.22
49675,58.42
49690,43.18
49707,38.10
49722,45.72
49737,109.22
49754,111.76
49769,91.44
49785,40.64
49801,38.10
49816,38.10
49832,38.10
49848,38.10
49863,35.56
49880,93.98
49895,116.84
49911,116.84
49927,116.84
49942,116.84
49958,116.84
49974,116.84
49990,114.30
50006,114.30
50022,114.30
50037,132.08
50053,132.08
50069,132.08
50084,157.48
50101,160.02
50116,160.02
50132,124.46
50148,121.92
50163,124.46
50180,129.54
50195,129.54
50211,129.54
50227,116.84
50242,116.84
50258,116.84
50274,50.80
50290,40.64
50306,38.10
50321,38.10
50337,38.10
50353,38.10
50369,38.10
50384,40.64
50400,38.10
50416,40.64
50432,38.10
50447,38.10
50463,38.10
50479,38.10
50495,38.10
50510,38.10
50526,38.10
50542,40.64
50557,40.64
50574,38.10
50589,38.10
50605,38.10
50621,38.10
50636,38.10
50652,38.10
50668,33.02
50683,27.94
50700,27.94
50715,33.02
50731,38.10
-1,-1
51746,35.56
51763,30.48
51778,25.40
51793,25.40
51810,22.86
51825,22.86
51842,22.86
51857,22.86
51872,35.56
51889,35.56
51904,35.56
51919,38.10
51936,40.64
51951,38.10
51968,27.94
51983,25.40
51998,22.86
52015,35.56
52030,35.56
52045,35.56
52062,35.56
52077,35.56
52093,35.56
52109,38.10
52124,38.10
52141,38.10
52156,40.64
52171,104.14
52188,111.76
52203,111.76
52219,43.18
52235,38.10
52250,38.10
52267,38.10
52282,38.10
52298,38.10
52314,38.10
52329,35.56
52345,38.10
52361,38.10
52377,38.10
52392,38.10
52408,38.10
52424,38.10
52440,38.10
52455,38.10
52471,109.22
52487,119.38
52503,119.38
52518,116.84
52534,114.30
52550,114.30
52566,119.38
52582,119.38
52597,119.38
52614,114.30
52629,111.76
52644,111.76
52661,116.84
52676,129.54
52692,129.54
52708,129.54
52723,157.48
52740,160.02
52755,160.02
52771,119.38
52787,119.38
52803,119.38
52818,116.84
52834,116.84
52850,116.84
52866,114.30
52882,114.30
52897,111.76
52914,114.30
52929,114.30
52944,114.30
52961,111.76
52976,114.30
52993,114.30
53008,111.76
53023,111.76
53040,111.76
53055,66.04
53071,40.64
53087,38.10
53102,38.10
53118,106.68
53134,109.22
53150,101.60
53166,43.18
53181,38.10
53197,38.10
53213,35.56
53229,38.10
53244,38.10
53260,38.10
53276,38.10
53292,38.10
53308,73.66
53323,106.68
53339,106.68
53355,109.22
53370,109.22
53387,109.22
53402,109.22
53417,109.22
53434,109.22
53449,109.22
53466,109.22
53481,109.22
53497,109.22
53513,109.22
53528,109.22
53544,109.22
53560,109.22
53576,109.22
53592,109.22
53607,109.22
53623,109.22
53639,109.22
53655,55.88
53670,40.64
53687,40.64
53702,55.88
53718,109.22
53734,111.76
53749,111.76
53766,111.76
53781,111.76
53796,111.76
53813,111.76
53828,111.76
53844,111.76
53860,43.18
53875,38.10
53892,38.10
53907,38.10
53923,38.10
53939,38.10
53954,76.20
53970,111.76
53986,114.30
54002,114.30
54018,114.30
54033,114.30
54049,71.12
54065,40.64
54081,38.10
54096,38.10
54112,38.10
54128,38.10
54144,38.10
54159,101.60
54175,109.22
54191,109.22
54207,109.22
54222,109.22
54239,109.22
54254,109.22
54269,109.22
54286,109.22
54301,111.76
54318,111.76
54333,111.76
54349,63.50
54365,43.18
54380,40.64
54396,40.64
54412,106.68
54428,106.68
-1,-1
55444,60.96
55459,40.64
55475,38.10
55491,38.10
55506,38.10
55522,38.10
55538,38.10
55554,101.60
55570,106.68
55585,106.68
55601,106.68
55617,109.22
55632,109.22
55649,48.26
55664,40.64
55680,40.64
55696,81.28
55711,109.22
55728,109.22
55743,109.22
55758,109.22
55775,109.22
55790,66.04
55806,43.18
55822,40.64
55837,40.64
55854,104.14
55869,109.22
55885,109.22
55901,111.76
55917,111.76
55932,111.76
55948,109.22
55964,109.22
55980,109.22
55996,111.76
56011,111.76
56027,111.76
56043,50.80
56058,38.10
56075,35.56
56090,58.42
56105,121.92
56122,124.46
56137,124.46
56154,114.30
56169,114.30
56185,96.52
56201,40.64
56216,38.10
56232,38.10
56248,38.10
56263,35.56
56280,38.10
56295,91.44
56311,109.22
56327,111.76
56342,111.76
56358,111.76
56374,111.76
56390,111.76
56406,111.76
56422,111.76
56437,111.76
56453,111.76
56469,111.76
56484,114.30
56501,111.76
56516,114.30
56531,109.22
56548,45.72
56563,40.64
56580,40.64
56595,96.52
56610,109.22
56627,109.22
56642,109.22
56658,109.22
56674,109.22
56690,109.22
56706,109.22
56721,111.76
56737,109.22
56753,109.22
56769,109.22
56784,73.66
56800,38.10
56816,38.10
56832,38.10
56848,35.56
56863,35.56
56879,38.10
56895,35.56
56910,38.10
56926,38.10
56942,35.56
56957,35.56
56974,38.10
56989,35.56
57005,35.56
57021,35.56
57036,66.04
57053,106.68
57068,106.68
57083,66.04
57100,40.64
57115,38.10
57131,38.10
57147,35.56
57162,38.10
57179,38.10
57194,101.60
57209,111.76
57226,111.76
57241,116.84
57257,116.84
57273,116.84
57289,116.84
57305,116.84
57320,116.84
57336,116.84
57352,114.30
57368,114.30
57383,116.84
57399,114.30
57415,114.30
57431,114.30
57447,132.08
57462,132.08
57479,132.08
57494,129.54
57509,129.54
57526,129.54
57541,132.08
57558,129.54
57573,129.54
57588,119.38
57605,116.84
57620,116.84
57636,116.84
57652,116.84
57668,116.84
57683,114.30
57699,116.84
57715,116.84
57731,66.04
57747,40.64
57762,38.10
57778,38.10
57794,38.10
57809,38.10
57826,38.10
57841,38.10
57857,38.10
57873,38.10
57888,96.52
57904,111.76
57920,111.76
57935,45.72
57952,38.10
57967,38.10
57982,40.64
57999,40.64
58014,40.64
58031,40.64
58046,38.10
58061,38.10
58078,38.10
58093,38.10
58108,38.10
58125,33.02
-1,-1
59141,35.56
59156,38.10
59172,30.48
59188,25.40
59203,25.40
59219,25.40
59235,35.56
59250,35.56
59267,35.56
59282,35.56
59298,38.10
59314,38.10
59329,38.10
59345,38.10
59361,38.10
59376,27.94
59393,25.40
59408,22.86
59424,33.02
59440,35.56
59455,38.10
59471,30.48
59487,25.40
59502,22.86
59518,25.40
59534,35.56
59550,35.56
59566,35.56
59581,38.10
59597,38.10
59613,38.10
59629,86.36
59644,111.76
59660,111.76
59676,50.80
59692,38.10
59707,38.10
59723,38.10
59739,40.64
59755,40.64
59770,40.64
59786,38.10
59802,35.56
59817,38.10
59834,38.10
59849,38.10
59865,40.64
59881,38.10
59896,38.10
59912,38.10
59928,38.10
59943,38.10
59960,40.64
59975,38.10
59991,38.10
60007,40.64
60022,66.04
60038,124.46
60054,124.46
60069,127.00
60086,157.48
60101,160.02
60118,160.02
60133,121.92
60148,119.38
60165,119.38
60180,119.38
60196,119.38
60212,119.38
60228,119.38
60243,114.30
60259,116.84
60275,114.30
60291,114.30
60307,114.30
60322,111.76
60338,111.76
60354,114.30
60369,114.30
60386,111.76
60401,111.76
60418,73.66
60433,40.64
60448,38.10
60465,35.56
60480,35.56
60495,38.10
60512,38.10
60527,99.06
60544,109.22
60559,109.22
60574,45.72
60591,40.64
60606,38.10
60622,38.10
60638,38.10
60653,38.10
60669,35.56
60685,35.56
60701,35.56
60717,45.72
60732,106.68
60748,109.22
60764,109.22
60780,109.22
60795,109.22
60811,109.22
60827,109.22
60843,109.22
60859,106.68
60874,109.22
60890,109.22
60906,109.22
60921,109.22
60938,109.22
60953,109.22
60969,109.22
60985,109.22
61000,109.22
61017,109.22
61032,109.22
61048,109.22
61064,109.22
61080,109.22
61095,111.76
61111,109.22
61127,111.76
61143,114.30
61159,111.76
61174,114.30
61191,111.76
61206,111.76
61221,111.76
61238,111.76
61253,114.30
61270,114.30
61285,111.76
61300,114.30
61317,53.34
61332,40.64
61348,38.10
61364,45.72
61379,114.30
61395,116.84
61411,86.36
61427,43.18
61443,38.10
61458,38.10
61474,35.56
61490,38.10
61506,38.10
61521,96.52
61537,111.76
61553,111.76
61569,109.22
61585,109.22
61600,109.22
61616,109.22
61632,109.22
61647,109.22
61664,109.22
61679,109.22
61696,111.76
61711,73.66
61726,38.10
61743,38.10
61758,38.10
61773,104.14
61790,109.22
61805,109.22
61821,43.18
-1,-1
62837,109.22
62853,96.52
62869,43.18
62884,40.64
62900,40.64
62916,91.44
62931,104.14
62947,104.14
62963,106.68
62979,106.68
62995,106.68
63010,48.26
63027,40.64
63042,38.10
63057,66.04
63074,106.68
63089,106.68
63106,106.68
63121,106.68
63136,106.68
63153,106.68
63168,109.22
63184,109.22
63200,106.68
63215,43.18
63232,40.64
63247,38.10
63263,38.10
63279,38.10
63294,38.10
63310,88.90
63326,109.22
63342,109.22
63357,109.22
63373,109.22
63389,109.22
63405,109.22
63421,109.22
63436,109.22
63453,109.22
63468,111.76
63483,111.76
63500,96.52
63515,45.72
63532,40.64
63547,38.10
63562,104.14
63579,114.30
63594,114.30
63610,114.30
63626,114.30
63641,114.30
63657,48.26
63673,38.10
63689,38.10
63705,66.04
63720,109.22
63736,109.22
63752,63.50
63768,38.10
63783,35.56
63799,35.56
63815,104.14
63831,109.22
63847,109.22
63862,111.76
63878,111.76
63894,111.76
63909,111.76
63926,109.22
63941,111.76
63958,109.22
63973,109.22
63988,109.22
64005,109.22
64020,109.22
64036,111.76
64052,111.76
64067,109.22
64083,109.22
64099,109.22
64115,109.22
64131,109.22
64147,109.22
64162,109.22
64178,109.22
64194,106.68
64209,40.64
64226,35.56
64241,38.10
64257,35.56
64273,35.56
64288,35.56
64305,38.10
64320,38.10
64335,40.64
64352,73.66
64367,106.68
64382,109.22
64399,109.22
64414,109.22
64431,109.22
64446,76.20
64462,38.10
64478,35.56
64493,38.10
64509,35.56
64525,38.10
64540,38.10
64557,99.06
64572,111.76
64588,111.76
64604,111.76
64619,111.76
64635,111.76
64651,111.76
64667,111.76
64683,111.76
64699,114.30
64714,114.30
64730,114.30
64746,114.30
64761,157.48
64778,160.02
64793,160.02
64808,160.02
64825,160.02
64840,160.02
64857,134.62
64872,132.08
64888,132.08
64904,119.38
64919,116.84
64935,116.84
64951,121.92
64967,121.92
64983,121.92
64998,116.84
65014,114.30
65030,116.84
65046,114.30
65061,116.84
65078,116.84
65093,116.84
65108,114.30
65125,116.84
65140,114.30
65157,114.30
65172,114.30
65187,114.30
65204,114.30
65219,116.84
65235,114.30
65251,114.30
65267,111.76
65283,111.76
65298,48.26
65314,40.64
65330,38.10
65346,38.10
65361,38.10
65377,38.10
65393,38.10
65409,40.64
65424,40.64
65440,40.64
65456,40.64
65472,40.64
65487,40.64
65503,38.10
65519,38.10
-1,-1
66535,38.10
66550,35.56
66566,35.56
66582,35.56
66597,38.10
66614,38.10
66629,38.10
66644,38.10
66661,38.10
66676,40.64
66692,27.94
66708,25.40
66723,22.86
66740,68.58
66755,114.30
66770,114.30
66787,60.96
66802,40.64
66819,38.10
66834,38.10
66849,40.64
66866,40.64
66881,35.56
66896,27.94
66913,27.94
66928,27.94
66945,35.56
66960,35.56
66975,35.56
66992,38.10
67007,38.10
67022,38.10
67039,78.74
67054,111.76
67070,111.76
67086,114.30
67101,116.84
67118,116.84
67133,71.12
67149,40.64
67165,38.10
67180,38.10
67196,109.22
67212,111.76
67228,111.76
67244,116.84
67260,116.84
67275,116.84
67291,114.30
67307,114.30
67322,114.30
67339,116.84
67354,116.84
67369,116.84
67386,121.92
67401,129.54
67418,132.08
67433,132.08
67449,132.08
67465,132.08
67480,132.08
67496,157.48
67512,160.02
67528,160.02
67544,160.02
67559,160.02
67575,160.02
67591,121.92
67607,119.38
67622,119.38
67639,116.84
67654,114.30
67670,116.84
67686,111.76
67701,111.76
67718,114.30
67733,55.88
67749,40.64
67765,38.10
67780,45.72
67796,109.22
67812,109.22
67827,88.90
67844,40.64
67859,38.10
67875,35.56
67891,101.60
67906,111.76
67922,111.76
67938,43.18
67954,38.10
67970,35.56
67985,38.10
68001,40.64
68017,40.64
68033,38.10
68048,35.56
68064,38.10
68080,35.56
68096,38.10
68111,38.10
68127,38.10
68143,106.68
68159,109.22
68174,96.52
68190,43.18
68206,40.64
68221,38.10
68238,99.06
68253,109.22
68269,109.22
68285,109.22
68300,109.22
68317,109.22
68332,109.22
68347,109.22
68364,109.22
68379,58.42
68396,40.64
68411,38.10
68426,48.26
68443,106.68
68458,109.22
68474,88.90
68490,43.18
68505,38.10
68521,40.64
68537,101.60
68553,106.68
68569,106.68
68584,111.76
68600,111.76
68616,111.76
68632,111.76
68647,111.76
68664,111.76
68679,53.34
68695,38.10
68711,38.10
68726,38.10
68743,38.10
68758,38.10
68773,38.10
68790,109.22
68805,114.30
68822,111.76
68837,124.46
68852,124.46
68869,124.46
68884,111.76
68900,114.30
68916,111.76
68931,111.76
68947,109.22
68963,111.76
68979,109.22
68995,109.22
69011,109.22
69026,109.22
69042,109.22
69058,111.76
69073,111.76
69090,109.22
69105,111.76
69122,111.76
69137,111.76
69152,111.76
69169,109.22
69184,109.22
69200,111.76
69216,111.76
-1,-1
70232,104.14
70248,106.68
70263,96.52
70279,43.18
70295,38.10
70310,38.10
70326,38.10
70342,40.64
70358,40.64
70374,91.44
70389,104.14
70405,106.68
70421,109.22
70436,109.22
70453,109.22
70468,58.42
70483,43.18
70500,40.64
70515,48.26
70532,106.68
70547,109.22
70562,106.68
70579,109.22
70594,109.22
70610,109.22
70626,109.22
70642,109.22
70658,109.22
70673,109.22
70689,109.22
70705,109.22
70721,109.22
70736,109.22
70753,109.22
70768,109.22
70784,109.22
70800,109.22
70815,60.96
70832,38.10
70847,35.56
70862,38.10
70879,109.22
70894,111.76
70910,99.06
70926,43.18
70941,38.10
70958,35.56
70973,35.56
70988,35.56
71005,38.10
71020,91.44
71036,111.76
71052,111.76
71067,48.26
71084,38.10
71099,35.56
71115,66.04
71131,109.22
71146,111.76
71162,111.76
71178,111.76
71194,111.76
71209,111.76
71226,111.76
71241,111.76
71257,111.76
71273,111.76
71288,111.76
71305,111.76
71320,111.76
71335,111.76
71352,109.22
71367,109.22
71384,111.76
71399,111.76
71415,109.22
71431,109.22
71446,109.22
71462,109.22
71478,109.22
71494,109.22
71510,109.22
71526,109.22
71541,109.22
71557,88.90
71573,43.18
71588,40.64
71605,40.64
71620,101.60
71635,109.22
71652,109.22
71667,45.72
71684,40.64
71699,38.10
71714,81.28
71731,109.22
71746,109.22
71762,53.34
71778,40.64
71793,38.10
71810,35.56
71825,35.56
71840,35.56
71857,35.56
71872,35.56
71888,38.10
71904,38.10
71919,99.06
71936,111.76
71951,109.22
71967,43.18
71983,38.10
71998,38.10
72014,83.82
72030,111.76
72045,114.30
72061,114.30
72077,114.30
72093,114.30
72109,116.84
72125,116.84
72140,116.84
72156,116.84
72172,114.30
72187,114.30
72204,116.84
72219,132.08
72236,132.08
72251,132.08
72266,152.40
72283,160.02
72298,160.02
72314,50.80
72330,40.64
72345,40.64
72361,38.10
72377,38.10
72393,38.10
72409,38.10
72424,38.10
72440,38.10
72456,50.80
72471,109.22
72487,111.76
72503,114.30
72519,111.76
72535,111.76
72551,106.68
72566,45.72
72582,40.64
72598,40.64
72613,38.10
72629,38.10
72645,38.10
72660,86.36
72677,111.76
72692,111.76
72708,50.80
72724,38.10
72739,38.10
72756,38.10
72771,35.56
72786,38.10
72803,38.10
72818,38.10
72834,38.10
72850,35.56
72865,30.48
72882,27.94
72897,25.40
72912,25.40
-1,-1
73928,38.10
73945,38.10
73960,38.10
73976,38.10
73992,38.10
74007,38.10
74023,38.10
74039,38.10
74054,38.10
74071,40.64
74086,40.64
74102,38.10
74118,38.10
74133,38.10
74149,35.56
74165,38.10
74180,38.10
74196,38.10
74212,38.10
74228,40.64
74244,40.64
74259,38.10
74275,38.10
74291,38.10
74307,30.48
74322,27.94
74338,27.94
74354,35.56
74370,38.10
74385,38.10
74401,38.10
74417,38.10
74433,35.56
74448,38.10
74464,38.10
74480,40.64
74496,45.72
74511,111.76
74527,114.30
74543,114.30
74559,114.30
74574,114.30
74591,114.30
74606,116.84
74621,116.84
74638,116.84
74653,116.84
74670,116.84
74685,119.38
74700,116.84
74717,114.30
74732,114.30
74748,116.84
74764,116.84
74780,116.84
74796,119.38
74811,129.54
74827,129.54
74843,129.54
74859,132.08
74874,132.08
74891,132.08
74906,119.38
74921,114.30
74938,114.30
74953,129.54
74970,132.08
74985,132.08
75000,119.38
75017,116.84
75032,114.30
75048,114.30
75064,114.30
75080,114.30
75096,114.30
75111,111.76
75127,114.30
75143,111.76
75159,114.30
75174,111.76
75190,81.28
75206,40.64
75222,38.10
75238,38.10
75253,38.10
75269,38.10
75285,38.10
75300,96.52
75317,109.22
75332,109.22
75347,48.26
75364,40.64
75379,38.10
75396,38.10
75411,38.10
75426,38.10
75443,38.10
75458,35.56
75473,35.56
75490,40.64
75505,106.68
75522,109.22
75537,96.52
75552,43.18
75569,40.64
75584,40.64
75600,99.06
75616,109.22
75631,109.22
75648,109.22
75663,109.22
75679,109.22
75695,109.22
75710,109.22
75726,109.22
75742,55.88
75758,40.64
75773,38.10
75789,53.34
75805,106.68
75821,109.22
75837,106.68
75852,111.76
75869,114.30
75884,111.76
75899,111.76
75916,111.76
75931,111.76
75948,111.76
75963,111.76
75978,111.76
75995,45.72
76010,38.10
76026,38.10
76042,38.10
76057,38.10
76073,38.10
76089,38.10
76105,38.10
76121,38.10
76136,35.56
76152,38.10
76168,38.10
76183,38.10
76199,35.56
76215,38.10
76231,38.10
76247,114.30
76262,124.46
76278,124.46
76294,48.26
76310,38.10
76325,38.10
76341,81.28
76357,109.22
76372,109.22
76389,109.22
76404,109.22
76420,111.76
76436,109.22
76451,109.22
76468,109.22
76483,109.22
76499,109.22
76515,109.22
76530,101.60
76547,45.72
76562,40.64
76578,40.64
76594,99.06
76609,109.22
-1,-1
77625,38.10
77641,38.10
77657,35.56
77673,35.56
77688,99.06
77704,106.68
77720,106.68
77735,45.72
77752,38.10
77767,35.56
77783,81.28
77799,104.14
77814,106.68
77831,53.34
77846,40.64
77861,38.10
77878,48.26
77893,106.68
77908,109.22
77925,109.22
77940,106.68
77957,106.68
77972,106.68
77988,109.22
78004,109.22
78019,109.22
78035,109.22
78051,109.22
78067,109.22
78083,109.22
78098,109.22
78114,109.22
78130,109.22
78146,109.22
78161,109.22
78178,109.22
78193,109.22
78209,109.22
78225,109.22
78240,111.76
78257,111.76
78272,111.76
78288,111.76
78304,111.76
78319,111.76
78336,124.46
78351,124.46
78367,124.46
78383,45.72
78398,38.10
78414,38.10
78430,35.56
78446,38.10
78461,38.10
78477,38.10
78493,38.10
78509,38.10
78525,50.80
78540,109.22
78556,111.76
78572,111.76
78587,111.76
78604,111.76
78619,111.76
78635,111.76
78651,111.76
78666,111.76
78683,45.72
78698,40.64
78713,40.64
78730,88.90
78745,109.22
78761,109.22
78777,109.22
78792,109.22
78809,109.22
78824,111.76
78840,109.22
78856,109.22
78872,109.22
78887,109.22
78903,109.22
78919,109.22
78935,109.22
78951,109.22
78966,109.22
78983,109.22
78998,109.22
79013,109.22
79030,43.18
79045,38.10
79062,38.10
79077,35.56
79092,38.10
79109,38.10
79124,38.10
79139,38.10
79156,38.10
79171,35.56
79187,35.56
79203,35.56
79218,35.56
79235,35.56
79250,38.10
79265,35.56
79282,38.10
79297,38.10
79313,38.10
79329,96.52
79344,109.22
79361,109.22
79376,111.76
79392,111.76
79408,111.76
79424,114.30
79439,114.30
79455,114.30
79471,116.84
79486,116.84
79503,116.84
79518,116.84
79534,132.08
79550,132.08
79565,129.54
79582,119.38
79597,116.84
79613,116.84
79629,129.54
79644,129.54
79661,129.54
79676,48.26
79692,40.64
79708,40.64
79723,38.10
79739,38.10
79755,38.10
79771,35.56
79787,35.56
79802,38.10
79818,38.10
79834,40.64
79849,40.64
79865,40.64
79881,109.22
79897,114.30
79912,104.14
79928,40.64
79944,38.10
79960,38.10
79976,99.06
79991,111.76
80007,111.76
80023,45.72
80038,38.10
80055,38.10
80070,38.10
80086,35.56
80102,38.10
80117,38.10
80133,38.10
80149,35.56
80164,38.10
80181,38.10
80196,40.64
80211,40.64
80228,38.10
80243,38.10
80259,35.56
80275,27.94
80290,25.40
80307,22.86
-1,-1
81323,25.40
81338,25.40
81353,22.86
81370,35.56
81385,35.56
81400,35.56
81417,27.94
81432,25.40
81448,22.86
81464,35.56
81479,35.56
81496,38.10
81511,27.94
81527,25.40
81543,22.86
81558,27.94
81574,38.10
81590,38.10
81605,38.10
81622,38.10
81637,38.10
81653,35.56
81669,30.48
81684,27.94
81700,27.94
81716,35.56
81731,35.56
81747,33.02
81763,68.58
81779,111.76
81795,111.76
81810,60.96
81826,38.10
81842,38.10
81858,38.10
81873,109.22
81889,114.30
81905,101.60
81921,43.18
81937,38.10
81952,35.56
81968,99.06
81984,114.30
81999,114.30
82016,114.30
82031,114.30
82046,114.30
82063,50.80
82078,40.64
82095,38.10
82110,38.10
82125,40.64
82142,40.64
82157,38.10
82172,38.10
82189,38.10
82204,38.10
82221,38.10
82236,38.10
82251,38.10
82268,101.60
82283,111.76
82299,111.76
82315,139.70
82330,160.02
82347,160.02
82362,129.54
82378,119.38
82394,119.38
82409,119.38
82425,116.84
82441,116.84
82457,116.84
82472,111.76
82489,111.76
82504,114.30
82520,114.30
82536,114.30
82551,99.06
82568,43.18
82583,38.10
82598,38.10
82615,38.10
82630,35.56
82647,38.10
82662,91.44
82677,109.22
82694,109.22
82709,50.80
82725,40.64
82741,38.10
82756,38.10
82772,38.10
82788,38.10
82803,35.56
82820,35.56
82835,38.10
82851,35.56
82867,35.56
82882,38.10
82898,38.10
82914,99.06
82929,109.22
82946,109.22
82961,109.22
82977,109.22
82993,109.22
83009,109.22
83024,109.22
83040,109.22
83056,109.22
83072,109.22
83088,109.22
83103,109.22
83119,109.22
83135,109.22
83150,78.74
83167,43.18
83182,38.10
83197,40.64
83214,101.60
83229,106.68
83246,109.22
83261,111.76
83277,114.30
83293,111.76
83308,111.76
83324,111.76
83340,111.76
83356,111.76
83372,111.76
83388,111.76
83403,111.76
83419,111.76
83435,111.76
83450,68.58
83467,40.64
83482,38.10
83497,38.10
83514,109.22
83529,111.76
83546,111.76
83561,116.84
83576,119.38
83593,116.84
83608,114.30
83624,111.76
83640,111.76
83655,114.30
83672,114.30
83687,114.30
83703,55.88
83719,43.18
83735,40.64
83750,60.96
83766,109.22
83782,111.76
83798,111.76
83814,109.22
83829,109.22
83845,109.22
83861,109.22
83876,111.76
83893,109.22
83908,109.22
83923,111.76
83940,109.22
83955,109.22
83972,109.22
83987,109.22
84003,48.26
-1,-1
85019,38.10
85035,35.56
85050,91.44
85066,106.68
85082,106.68
85098,48.26
85113,38.10
85129,38.10
85145,66.04
85160,106.68
85177,109.22
85192,109.22
85208,109.22
85224,109.22
85239,86.36
85256,43.18
85271,38.10
85286,40.64
85303,38.10
85318,35.56
85334,38.10
85350,38.10
85365,40.64
85382,40.64
85397,88.90
85412,106.68
85429,109.22
85444,109.22
85460,109.22
85476,109.22
85491,109.22
85508,109.22
85523,109.22
85539,109.22
85555,109.22
85571,109.22
85586,93.98
85602,40.64
85618,35.56
85634,38.10
85650,99.06
85665,109.22
85681,111.76
85697,121.92
85712,124.46
85729,124.46
85744,124.46
85760,124.46
85776,124.46
85791,58.42
85808,40.64
85823,38.10
85838,38.10
85855,38.10
85870,38.10
85886,38.10
85902,106.68
85917,111.76
85934,111.76
85949,111.76
85965,111.76
85981,111.76
85996,111.76
86012,111.76
86028,111.76
86044,111.76
86060,109.22
86076,109.22
86091,53.34
86107,40.64
86123,38.10
86138,60.96
86154,106.68
86170,109.22
86185,109.22
86202,109.22
86217,109.22
86234,109.22
86249,109.22
86264,109.22
86281,109.22
86296,109.22
86312,109.22
86328,109.22
86344,43.18
86360,38.10
86375,35.56
86391,38.10
86407,38.10
86422,40.64
86438,38.10
86454,38.10
86470,38.10
86486,38.10
86501,38.10
86517,35.56
86533,35.56
86548,104.14
86564,109.22
86580,104.14
86596,43.18
86611,38.10
86627,35.56
86643,35.56
86659,35.56
86675,38.10
86690,35.56
86706,35.56
86722,35.56
86737,35.56
86754,35.56
86769,35.56
86785,53.34
86801,109.22
86816,109.22
86833,109.22
86848,114.30
86863,114.30
86880,114.30
86895,114.30
86912,114.30
86927,114.30
86942,147.32
86959,157.48
86974,157.48
86990,137.16
87006,132.08
87022,132.08
87037,129.54
87053,132.08
87069,129.54
87085,63.50
87101,43.18
87116,40.64
87132,45.72
87148,114.30
87163,116.84
87180,116.84
87195,116.84
87211,116.84
87227,116.84
87242,116.84
87259,116.84
87274,114.30
87290,45.72
87306,40.64
87321,38.10
87337,83.82
87353,111.76
87369,114.30
87385,53.34
87400,40.64
87416,38.10
87432,38.10
87447,40.64
87463,40.64
87479,40.64
87495,38.10
87511,38.10
87526,38.10
87542,40.64
87558,38.10
87573,40.64
87589,99.06
87605,111.76
87621,111.76
87636,48.26
87652,40.64
87668,40.64
87684,81.28
87700,111.76
-1,-1