14,35.56
30,33.02
46,35.56
61,35.56
76,33.02
93,33.02
108,35.56
123,35.56
139,35.56
155,35.56
171,35.56
186,35.56
202,33.02
218,33.02
233,35.56
248,35.56
265,33.02
280,35.56
295,35.56
312,35.56
327,35.56
343,35.56
359,35.56
374,35.56
390,35.56
405,35.56
421,35.56
437,35.56
452,33.02
468,33.02
484,33.02
499,33.02
515,35.56
531,33.02
546,33.02
562,35.56
578,35.56
593,35.56
609,35.56
624,35.56
641,35.56
656,35.56
671,35.56
688,35.56
703,38.10
718,38.10
734,38.10
750,38.10
765,38.10
781,38.10
797,40.64
813,43.18
828,43.18
843,43.18
860,40.64
875,38.10
890,38.10
907,38.10
922,38.10
937,38.10
953,40.64
969,40.64
985,40.64
1000,58.42
1016,60.96
1032,60.96
1047,63.50
1063,63.50
1079,63.50
1094,48.26
1111,40.64
1126,40.64
1141,40.64
1158,40.64
1173,40.64
1188,40.64
1205,40.64
1220,40.64
1235,40.64
1252,40.64
1267,40.64
1283,40.64
1299,66.04
1314,68.58
1330,68.58
1346,71.12
1361,71.12
1377,71.12
1393,68.58
1409,71.12
1424,71.12
1440,71.12
1456,106.68
1471,109.22
1487,109.22
1503,111.76
1519,109.22
1534,109.22
1550,111.76
1566,111.76
1582,111.76
1597,48.26
1613,40.64
1629,40.64
1644,40.64
1660,40.64
1676,40.64
1691,76.20
1708,109.22
1723,109.22
1738,111.76
1755,111.76
1770,111.76
1786,81.28
1802,43.18
1817,43.18
1833,40.64
1849,38.10
1864,38.10
1881,38.10
1896,38.10
1911,38.10
1928,38.10
1943,55.88
1958,58.42
1975,58.42
1990,60.96
2006,60.96
2022,60.96
2037,48.26
2053,43.18
2069,40.64
2084,40.64
2100,40.64
2116,40.64
2131,40.64
2147,58.42
2163,58.42
2179,58.42
2194,43.18
2210,40.64
2226,40.64
2241,55.88
2257,58.42
2273,58.42
2288,58.42
2305,58.42
2320,58.42
2335,45.72
2352,38.10
2367,38.10
2382,38.10
2399,38.10
2414,38.10
2429,38.10
2446,38.10
2461,38.10
2477,38.10
2493,38.10
2508,35.56
2524,35.56
2540,35.56
2555,35.56
2571,35.56
2587,35.56
2603,35.56
2618,35.56
2634,35.56
2650,35.56
2665,35.56
2681,35.56
-1,-1
3697,35.56
3713,35.56
3728,35.56
3744,38.10
3760,38.10
3775,35.56
3791,35.56
3807,35.56
3822,38.10
3838,38.10
3854,35.56
3869,35.56
3886,38.10
3901,35.56
3916,38.10
3933,35.56
3948,35.56
3963,35.56
3980,35.56
3995,35.56
4011,35.56
4027,35.56
4042,35.56
4058,38.10
4074,38.10
4089,38.10
4105,38.10
4121,38.10
4136,38.10
4152,35.56
4168,38.10
4184,40.64
4199,38.10
4215,38.10
4231,38.10
4246,38.10
4262,40.64
4278,40.64
4293,40.64
4310,40.64
4325,43.18
4340,40.64
4357,40.64
4372,50.80
4387,58.42
4404,58.42
4419,58.42
4434,58.42
4451,60.96
4466,63.50
4482,63.50
4498,60.96
4513,63.50
4529,48.26
4545,43.18
4560,40.64
4576,40.64
4592,40.64
4608,40.64
4623,53.34
4639,58.42
4655,58.42
4670,48.26
4686,40.64
4702,40.64
4717,40.64
4733,38.10
4749,38.10
4764,38.10
4781,38.10
4796,38.10
4811,38.10
4828,63.50
4843,66.04
4858,66.04
4875,81.28
4890,106.68
4905,109.22
4922,109.22
4937,109.22
4954,109.22
4969,66.04
4984,43.18
5001,40.64
5016,40.64
5031,104.14
5048,106.68
5063,109.22
5079,111.76
5095,111.76
5110,109.22
5126,48.26
5142,40.64
5157,40.64
5173,63.50
5189,68.58
5204,68.58
5220,68.58
5236,68.58
5252,68.58
5267,68.58
5283,68.58
5299,71.12
5314,58.42
5330,43.18
5346,43.18
5361,40.64
5378,40.64
5393,40.64
5408,40.64
5425,40.64
5440,40.64
5455,40.64
5472,38.10
5487,38.10
5502,38.10
5519,40.64
5534,40.64
5550,40.64
5566,50.80
5581,60.96
5597,63.50
5613,63.50
5628,63.50
5644,63.50
5660,60.96
5676,43.18
5691,40.64
5707,40.64
5723,38.10
5738,38.10
5754,38.10
5770,38.10
5785,38.10
5801,38.10
5817,38.10
5832,38.10
5849,38.10
5864,38.10
5880,38.10
5896,38.10
5911,38.10
5927,35.56
5943,35.56
5958,35.56
5975,35.56
5990,35.56
6005,38.10
6022,35.56
6037,35.56
6052,35.56
6069,35.56
6084,35.56
6099,35.56
6116,35.56
6131,35.56
6147,35.56
6163,35.56
6178,35.56
6194,35.56
6210,35.56
6225,35.56
6241,35.56
6257,35.56
6273,35.56
6288,35.56
6304,35.56
6320,35.56
6335,35.56
6351,38.10
6367,35.56
-1,-1
7383,35.56
7398,35.56
7413,33.02
7430,35.56
7445,35.56
7460,35.56
7477,35.56
7492,35.56
7507,35.56
7524,33.02
7539,33.02
7555,35.56
7571,35.56
7586,35.56
7602,35.56
7618,35.56
7633,35.56
7649,35.56
7665,35.56
7681,35.56
7696,35.56
7712,35.56
7728,35.56
7743,35.56
7759,35.56
7775,35.56
7790,35.56
7806,35.56
7822,35.56
7837,35.56
7854,35.56
7869,35.56
7884,35.56
7901,35.56
7916,35.56
7931,35.56
7948,35.56
7963,35.56
7979,35.56
7995,35.56
8010,35.56
8026,35.56
8042,35.56
8057,38.10
8073,38.10
8089,35.56
8104,38.10
8120,38.10
8136,38.10
8152,38.10
8167,38.10
8183,38.10
8199,38.10
8214,38.10
8230,38.10
8246,38.10
8261,38.10
8278,38.10
8293,38.10
8309,40.64
8325,40.64
8340,40.64
8356,60.96
8372,63.50
8387,63.50
8403,45.72
8419,40.64
8434,40.64
8451,40.64
8466,40.64
8481,40.64
8498,40.64
8513,40.64
8528,40.64
8545,40.64
8560,40.64
8576,40.64
8592,40.64
8607,40.64
8623,40.64
8639,40.64
8654,40.64
8670,43.18
8686,43.18
8701,66.04
8717,68.58
8733,68.58
8749,71.12
8764,73.66
8780,71.12
8796,73.66
8811,106.68
8827,111.76
8843,109.22
8858,111.76
8875,111.76
8890,109.22
8905,109.22
8922,109.22
8937,109.22
8953,109.22
8969,109.22
8984,109.22
9000,48.26
9016,40.64
9031,40.64
9048,76.20
9063,106.68
9078,106.68
9095,109.22
9110,109.22
9126,109.22
9142,93.98
9157,66.04
9174,66.04
9189,60.96
9204,40.64
9221,38.10
9236,38.10
9251,40.64
9268,40.64
9283,38.10
9298,58.42
9315,60.96
9330,60.96
9346,58.42
9362,58.42
9377,58.42
9393,48.26
9409,40.64
9424,38.10
9440,38.10
9456,38.10
9472,40.64
9487,40.64
9503,58.42
9519,58.42
9534,58.42
9550,55.88
9566,55.88
9581,58.42
9597,58.42
9613,58.42
9628,58.42
9645,43.18
9660,38.10
9675,35.56
9692,38.10
9707,38.10
9722,38.10
9739,38.10
9754,38.10
9769,38.10
9786,38.10
9801,38.10
9817,38.10
9833,38.10
9848,35.56
9864,35.56
9880,35.56
9895,33.02
9911,35.56
9927,35.56
9943,35.56
9958,35.56
9974,35.56
9990,35.56
10005,35.56
10021,35.56
10037,35.56
10052,35.56
-1,-1
11068,33.02
11084,35.56
11100,35.56
11116,35.56
11131,35.56
11147,35.56
11163,35.56
11179,35.56
11195,35.56
11210,35.56
11226,35.56
11242,35.56
11257,35.56
11273,35.56
11289,35.56
11304,35.56
11321,35.56
11336,35.56
11352,35.56
11368,35.56
11383,35.56
11399,35.56
11415,35.56
11430,35.56
11447,35.56
11462,35.56
11478,35.56
11494,35.56
11509,33.02
11525,35.56
11541,35.56
11556,35.56
11573,35.56
11588,35.56
11603,38.10
11620,35.56
11635,35.56
11651,35.56
11667,38.10
11682,38.10
11699,38.10
11714,38.10
11729,38.10
11746,35.56
11761,38.10
11777,38.10
11793,38.10
11808,40.64
11825,40.64
11840,55.88
11855,55.88
11872,55.88
11887,58.42
11902,58.42
11919,58.42
11934,40.64
11951,38.10
11966,35.56
11981,55.88
11998,58.42
12013,58.42
12029,58.42
12045,58.42
12060,58.42
12077,48.26
12092,40.64
12107,40.64
12124,38.10
12139,38.10
12155,38.10
12171,40.64
12186,38.10
12203,38.10
12218,38.10
12233,99.06
12250,109.22
12265,111.76
12281,109.22
12297,111.76
12312,109.22
12328,53.34
12344,40.64
12360,40.64
12376,38.10
12391,40.64
12407,40.64
12423,48.26
12439,106.68
12454,109.22
12470,109.22
12486,109.22
12502,109.22
12518,109.22
12533,109.22
12550,109.22
12565,109.22
12580,73.66
12597,71.12
12612,71.12
12627,71.12
12644,71.12
12659,68.58
12676,48.26
12691,43.18
12706,40.64
12723,38.10
12738,40.64
12754,40.64
12770,40.64
12785,40.64
12802,40.64
12817,40.64
12832,38.10
12849,38.10
12864,38.10
12880,38.10
12896,40.64
12911,40.64
12928,40.64
12943,40.64
12958,40.64
12975,55.88
12990,60.96
13006,60.96
13022,60.96
13037,58.42
13053,58.42
13069,48.26
13084,40.64
13101,38.10
13116,38.10
13132,35.56
13148,38.10
13163,38.10
13179,38.10
13195,38.10
13210,38.10
13227,38.10
13242,38.10
13258,38.10
13274,38.10
13289,38.10
13305,38.10
13321,35.56
13336,35.56
13352,35.56
13368,35.56
13384,35.56
13400,35.56
13415,35.56
13431,33.02
13447,33.02
13462,35.56
13478,35.56
13494,35.56
13510,35.56
13526,35.56
13541,35.56
13557,35.56
13573,35.56
13588,35.56
13604,35.56
13620,35.56
13636,35.56
13651,35.56
13667,35.56
13683,35.56
13699,35.56
13714,35.56
13730,35.56
13746,35.56
-1,-1
14761,35.56
14778,35.56
14793,35.56
14809,35.56
14825,35.56
14840,35.56
14856,35.56
14872,35.56
14887,35.56
14904,35.56
14919,35.56
14935,35.56
14951,35.56
14966,35.56
14982,35.56
14998,35.56
15013,35.56
15030,35.56
15045,35.56
15060,35.56
15077,35.56
15092,35.56
15109,35.56
15124,35.56
15139,35.56
15156,35.56
15171,35.56
15186,35.56
15203,35.56
15218,35.56
15235,35.56
15250,35.56
15265,35.56
15282,35.56
15297,35.56
15312,35.56
15329,33.02
15344,35.56
15361,35.56
15376,35.56
15391,35.56
15408,35.56
15423,33.02
15438,35.56
15455,35.56
15470,35.56
15486,35.56
15502,35.56
15517,35.56
15534,35.56
15549,35.56
15564,38.10
15581,38.10
15596,38.10
15612,35.56
15628,35.56
15643,35.56
15660,35.56
15675,38.10
15690,35.56
15707,53.34
15722,60.96
15738,60.96
15754,60.96
15769,60.96
15785,60.96
15801,53.34
15816,40.64
15833,40.64
15848,40.64
15864,38.10
15880,35.56
15895,35.56
15911,38.10
15927,38.10
15943,38.10
15959,38.10
15974,40.64
15990,40.64
16006,38.10
16021,40.64
16037,40.64
16053,50.80
16069,68.58
16084,68.58
16100,68.58
16116,71.12
16132,68.58
16147,68.58
16163,68.58
16179,68.58
16195,71.12
16210,99.06
16226,109.22
16242,109.22
16258,109.22
16274,109.22
16289,109.22
16305,109.22
16321,109.22
16336,109.22
16353,58.42
16368,43.18
16384,40.64
16400,40.64
16415,40.64
16431,40.64
16447,38.10
16462,104.14
16479,109.22
16494,109.22
16510,109.22
16526,111.76
16541,109.22
16558,45.72
16573,40.64
16589,38.10
16605,38.10
16620,35.56
16636,38.10
16652,55.88
16667,63.50
16684,63.50
16699,60.96
16715,60.96
16731,58.42
16746,50.80
16762,43.18
16778,40.64
16793,40.64
16809,38.10
16825,38.10
16841,38.10
16857,40.64
16872,40.64
16888,43.18
16904,60.96
16919,60.96
16935,60.96
16951,45.72
16967,40.64
16983,40.64
16998,53.34
17014,58.42
17030,58.42
17045,60.96
17061,60.96
17077,60.96
17093,53.34
17108,40.64
17124,40.64
17140,40.64
17156,38.10
17171,38.10
17187,40.64
17203,38.10
17219,35.56
17234,35.56
17250,35.56
17266,35.56
17282,35.56
17297,35.56
17313,35.56
17329,35.56
17345,35.56
17360,35.56
17376,35.56
17392,35.56
17408,35.56
17424,35.56
17439,35.56
-1,-1
18455,38.10
18470,38.10
18487,38.10
18502,38.10
18518,38.10
18534,38.10
18549,38.10
18566,38.10
18581,38.10
18596,38.10
18613,38.10
18628,38.10
18643,38.10
18660,38.10
18675,38.10
18692,38.10
18707,40.64
18722,40.64
18739,40.64
18754,43.18
18769,40.64
18786,43.18
18801,43.18
18818,43.18
18833,40.64
18848,38.10
18865,38.10
18880,38.10
18895,40.64
18912,40.64
18927,48.26
18944,48.26
18959,40.64
18974,48.26
18991,48.26
19006,50.80
19022,48.26
19038,43.18
19053,48.26
19069,43.18
19085,53.34
19100,63.50
19117,68.58
19132,66.04
19148,66.04
19164,68.58
19179,63.50
19195,53.34
19211,45.72
19226,45.72
19243,40.64
19258,38.10
19274,38.10
19290,55.88
19305,58.42
19321,58.42
19337,43.18
19352,40.64
19368,40.64
19384,53.34
19400,58.42
19416,58.42
19431,60.96
19447,60.96
19463,60.96
19478,50.80
19494,38.10
19510,38.10
19526,38.10
19542,38.10
19557,38.10
19573,38.10
19589,40.64
19604,40.64
19620,40.64
19636,91.44
19652,111.76
19667,114.30
19683,114.30
19699,114.30
19715,114.30
19731,66.04
19746,45.72
19762,43.18
19778,48.26
19793,109.22
19810,109.22
19825,114.30
19842,114.30
19857,119.38
19872,116.84
19889,116.84
19904,114.30
19920,114.30
19936,78.74
19951,76.20
19968,76.20
19983,76.20
19999,73.66
20015,76.20
20030,73.66
20046,73.66
20062,73.66
20077,73.66
20093,73.66
20109,73.66
20125,63.50
20141,50.80
20156,45.72
20172,45.72
20188,45.72
20203,45.72
20219,45.72
20235,43.18
20251,45.72
20267,45.72
20282,45.72
20298,45.72
20314,45.72
20330,60.96
20345,66.04
20361,66.04
20377,68.58
20392,68.58
20408,68.58
20424,55.88
20440,43.18
20456,43.18
20471,40.64
20487,40.64
20503,40.64
20518,40.64
20534,40.64
20550,40.64
20566,40.64
20582,40.64
20597,38.10
20613,38.10
20629,38.10
20644,38.10
20660,38.10
20676,38.10
20691,35.56
20708,35.56
20723,35.56
20739,35.56
20755,35.56
20770,35.56
20786,35.56
20802,35.56
20817,35.56
20834,35.56
20849,35.56
20865,35.56
20881,35.56
20896,35.56
20912,35.56
20928,35.56
20943,35.56
20960,35.56
20975,35.56
20990,35.56
21007,35.56
21022,35.56
21038,35.56
21054,33.02
21069,35.56
21086,33.02
21101,35.56
21116,35.56
21133,35.56
-1,-1
22149,35.56
22164,35.56
22179,35.56
22196,35.56
22211,35.56
22227,35.56
22243,35.56
22258,35.56
22275,35.56
22290,35.56
22305,35.56
22322,35.56
22337,33.02
22353,35.56
22369,35.56
22384,35.56
22401,33.02
22416,35.56
22431,35.56
22448,33.02
22463,33.02
22479,35.56
22495,35.56
22510,33.02
22526,35.56
22542,33.02
22557,35.56
22574,35.56
22589,35.56
22605,35.56
22621,35.56
22636,35.56
22652,35.56
22668,35.56
22683,35.56
22700,35.56
22715,33.02
22731,35.56
22747,35.56
22762,35.56
22778,35.56
22794,35.56
22809,38.10
22825,38.10
22841,38.10
22857,38.10
22873,38.10
22888,38.10
22904,38.10
22920,40.64
22936,40.64
22951,40.64
22967,38.10
22983,38.10
22999,38.10
23014,38.10
23030,38.10
23046,38.10
23062,40.64
23077,40.64
23093,40.64
23109,48.26
23124,60.96
23140,63.50
23156,53.34
23172,40.64
23188,40.64
23203,40.64
23219,38.10
23235,38.10
23250,38.10
23266,38.10
23282,38.10
23298,38.10
23314,40.64
23329,40.64
23345,40.64
23361,40.64
23376,40.64
23392,40.64
23408,40.64
23424,40.64
23440,40.64
23455,43.18
23471,68.58
23487,68.58
23502,68.58
23518,73.66
23534,73.66
23549,73.66
23566,71.12
23581,71.12
23597,76.20
23613,93.98
23628,111.76
23645,111.76
23660,114.30
23675,114.30
23692,114.30
23707,60.96
23724,45.72
23739,43.18
23754,43.18
23771,43.18
23786,40.64
23801,40.64
23818,40.64
23833,40.64
23849,40.64
23865,101.60
23880,109.22
23897,109.22
23912,45.72
23928,40.64
23944,40.64
23959,40.64
23975,40.64
23991,45.72
24007,43.18
24023,43.18
24038,43.18
24054,53.34
24070,63.50
24085,63.50
24101,60.96
24117,60.96
24133,60.96
24148,58.42
24164,48.26
24180,45.72
24196,43.18
24211,48.26
24227,48.26
24243,68.58
24259,63.50
24274,60.96
24290,60.96
24306,60.96
24322,63.50
24338,63.50
24353,60.96
24369,60.96
24385,60.96
24400,63.50
24416,63.50
24432,60.96
24448,55.88
24464,43.18
24479,40.64
24495,38.10
24511,38.10
24526,40.64
24542,38.10
24558,38.10
24573,38.10
24590,38.10
24605,38.10
24621,38.10
24637,38.10
24652,38.10
24668,35.56
24684,35.56
24699,35.56
24716,35.56
24731,35.56
24747,35.56
24763,35.56
24778,35.56
24795,35.56
24810,35.56
24825,35.56
-1,-1
25841,35.56
25858,35.56
25873,35.56
25888,35.56
25905,35.56
25920,35.56
25936,35.56
25952,35.56
25967,35.56
25984,35.56
25999,35.56
26014,35.56
26031,35.56
26046,35.56
26062,35.56
26078,35.56
26093,35.56
26109,35.56
26125,35.56
26140,35.56
26157,35.56
26172,35.56
26188,35.56
26204,35.56
26219,35.56
26235,35.56
26251,35.56
26266,35.56
26283,38.10
26298,38.10
26314,38.10
26330,38.10
26345,40.64
26361,40.64
26377,40.64
26392,40.64
26408,40.64
26424,40.64
26440,40.64
26456,40.64
26471,38.10
26487,43.18
26503,60.96
26518,60.96
26534,58.42
26550,58.42
26566,58.42
26582,58.42
26597,58.42
26613,58.42
26629,66.04
26644,63.50
26660,66.04
26676,66.04
26692,45.72
26707,43.18
26723,38.10
26739,40.64
26755,40.64
26770,40.64
26786,48.26
26802,60.96
26818,58.42
26833,60.96
26849,63.50
26865,63.50
26881,63.50
26897,43.18
26912,40.64
26928,38.10
26944,40.64
26959,40.64
26975,40.64
26991,86.36
27006,109.22
27023,109.22
27038,109.22
27054,111.76
27070,111.76
27085,111.76
27102,109.22
27117,109.22
27133,81.28
27149,43.18
27164,40.64
27181,40.64
27196,104.14
27211,109.22
27228,109.22
27243,111.76
27259,111.76
27275,111.76
27291,48.26
27307,40.64
27322,40.64
27338,40.64
27354,40.64
27369,40.64
27385,55.88
27401,71.12
27417,71.12
27432,71.12
27448,68.58
27464,68.58
27480,58.42
27495,43.18
27511,40.64
27527,40.64
27543,40.64
27558,40.64
27574,40.64
27590,38.10
27606,38.10
27621,38.10
27637,38.10
27653,38.10
27669,38.10
27684,40.64
27700,40.64
27716,40.64
27731,50.80
27747,63.50
27763,63.50
27779,53.34
27795,43.18
27810,40.64
27826,40.64
27842,38.10
27857,38.10
27873,38.10
27889,38.10
27905,38.10
27921,38.10
27936,40.64
27952,40.64
27968,40.64
27983,40.64
28000,38.10
28015,38.10
28030,38.10
28047,38.10
28062,38.10
28078,38.10
28094,35.56
28109,35.56
28126,35.56
28141,35.56
28156,35.56
28173,35.56
28188,35.56
28204,35.56
28220,35.56
28235,35.56
28252,35.56
28267,35.56
28282,35.56
28299,35.56
28314,35.56
28329,35.56
28346,35.56
28361,35.56
28378,35.56
28393,35.56
28408,35.56
28425,35.56
28440,35.56
28455,35.56
28472,35.56
28487,35.56
28504,35.56
28519,35.56
-1,-1
29535,35.56
29550,35.56
29566,35.56
29582,35.56
29597,35.56
29614,35.56
29629,35.56
29645,35.56
29661,35.56
29676,35.56
29692,35.56
29708,35.56
29724,33.02
29740,35.56
29755,35.56
29771,35.56
29787,35.56
29802,35.56
29818,35.56
29834,35.56
29850,35.56
29865,35.56
29881,35.56
29897,35.56
29913,33.02
29928,33.02
29944,35.56
29960,33.02
29976,35.56
29991,35.56
30007,35.56
30023,35.56
30039,35.56
30054,33.02
30070,35.56
30086,35.56
30102,35.56
30117,35.56
30133,35.56
30149,35.56
30164,35.56
30180,35.56
30196,35.56
30212,35.56
30228,38.10
30243,38.10
30259,38.10
30275,38.10
30290,38.10
30307,38.10
30322,38.10
30338,38.10
30354,38.10
30369,38.10
30385,38.10
30401,38.10
30416,38.10
30433,40.64
30448,40.64
30464,45.72
30480,60.96
30495,60.96
30511,60.96
30527,60.96
30542,60.96
30559,60.96
30574,43.18
30589,40.64
30606,40.64
30621,38.10
30638,38.10
30653,35.56
30668,38.10
30685,40.64
30700,38.10
30715,38.10
30732,40.64
30747,40.64
30764,38.10
30779,40.64
30794,40.64
30811,43.18
30826,66.04
30841,66.04
30858,66.04
30873,71.12
30889,71.12
30905,68.58
30920,71.12
30937,71.12
30952,71.12
30967,43.18
30984,40.64
30999,40.64
31015,76.20
31031,109.22
31046,111.76
31063,109.22
31078,109.22
31094,109.22
31110,73.66
31125,43.18
31141,40.64
31157,40.64
31173,40.64
31188,40.64
31204,40.64
31220,101.60
31236,109.22
31252,109.22
31267,73.66
31283,68.58
31299,68.58
31314,68.58
31330,68.58
31346,68.58
31362,48.26
31378,43.18
31393,43.18
31409,40.64
31425,40.64
31440,40.64
31456,43.18
31472,60.96
31488,60.96
31504,60.96
31519,60.96
31535,60.96
31551,60.96
31566,45.72
31583,43.18
31598,43.18
31613,60.96
31630,60.96
31645,63.50
31661,60.96
31677,60.96
31692,60.96
31709,60.96
31724,55.88
31739,58.42
31756,60.96
31771,60.96
31787,60.96
31803,60.96
31818,58.42
31835,58.42
31850,58.42
31865,40.64
31882,40.64
31897,38.10
31912,38.10
31929,38.10
31944,38.10
31961,38.10
31976,38.10
31991,38.10
32008,38.10
32023,35.56
32038,35.56
32055,38.10
32070,35.56
32087,38.10
32102,35.56
32117,38.10
32134,35.56
32149,35.56
32165,35.56
32181,35.56
32196,35.56
32212,35.56
-1,-1
33228,38.10
33244,38.10
33259,38.10
33275,38.10
33291,38.10
33307,38.10
33323,38.10
33338,38.10
33354,35.56
33370,38.10
33385,38.10
33401,38.10
33417,38.10
33433,38.10
33448,38.10
33464,38.10
33480,38.10
33496,38.10
33511,38.10
33527,38.10
33543,38.10
33559,38.10
33574,38.10
33590,38.10
33606,38.10
33622,38.10
33638,38.10
33653,38.10
33669,38.10
33685,35.56
33700,35.56
33716,35.56
33732,35.56
33747,38.10
33764,38.10
33779,38.10
33795,38.10
33811,38.10
33826,38.10
33842,40.64
33858,40.64
33873,40.64
33890,40.64
33905,55.88
33921,55.88
33937,58.42
33952,58.42
33968,58.42
33984,58.42
33999,58.42
34016,58.42
34031,58.42
34046,58.42
34063,58.42
34078,58.42
34095,45.72
34110,40.64
34125,40.64
34142,45.72
34157,58.42
34172,60.96
34189,60.96
34204,60.96
34221,60.96
34236,60.96
34251,45.72
34268,40.64
34283,40.64
34298,38.10
34315,38.10
34330,38.10
34347,38.10
34362,38.10
34377,38.10
34394,68.58
34409,106.68
34425,109.22
34441,66.04
34456,43.18
34472,38.10
34488,38.10
34503,40.64
34520,40.64
34535,40.64
34551,40.64
34567,40.64
34582,40.64
34598,96.52
34614,109.22
34630,109.22
34646,48.26
34661,40.64
34677,40.64
34693,40.64
34708,40.64
34724,40.64
34740,48.26
34756,68.58
34771,68.58
34787,55.88
34803,43.18
34819,40.64
34834,40.64
34850,63.50
34866,66.04
34882,66.04
34897,45.72
34913,40.64
34929,43.18
34945,40.64
34960,40.64
34976,40.64
34992,40.64
35008,40.64
35023,40.64
35039,40.64
35055,40.64
35070,40.64
35087,48.26
35102,60.96
35118,60.96
35134,60.96
35149,63.50
35165,63.50
35181,63.50
35196,43.18
35213,40.64
35228,40.64
35244,38.10
35260,38.10
35275,38.10
35291,38.10
35307,38.10
35322,38.10
35339,38.10
35354,38.10
35369,38.10
35386,38.10
35401,38.10
35417,38.10
35433,38.10
35448,38.10
35465,38.10
35480,38.10
35495,35.56
35512,35.56
35527,35.56
35544,35.56
35559,35.56
35574,35.56
35591,35.56
35606,35.56
35621,35.56
35638,35.56
35653,35.56
35670,35.56
35685,33.02
35700,35.56
35717,35.56
35732,35.56
35747,33.02
35764,35.56
35779,35.56
35795,35.56
35811,35.56
35826,35.56
35843,35.56
35858,35.56
35873,35.56
35890,35.56
35905,35.56
-1,-1
36921,35.56
36937,35.56
36953,35.56
36968,35.56
36984,35.56
37000,35.56
37015,35.56
37031,33.02
37047,35.56
37063,33.02
37079,35.56
37094,35.56
37110,35.56
37126,35.56
37141,35.56
37157,35.56
37173,35.56
37189,33.02
37204,35.56
37220,33.02
37236,35.56
37252,33.02
37268,35.56
37283,35.56
37299,35.56
37315,35.56
37330,35.56
37346,35.56
37362,35.56
37378,35.56
37394,35.56
37409,35.56
37425,35.56
37441,35.56
37456,35.56
37472,35.56
37488,35.56
37504,35.56
37520,35.56
37535,35.56
37551,33.02
37567,35.56
37582,35.56
37598,38.10
37614,35.56
37629,35.56
37646,35.56
37661,38.10
37677,38.10
37693,35.56
37708,35.56
37725,35.56
37740,38.10
37755,38.10
37772,38.10
37787,38.10
37803,38.10
37819,38.10
37834,38.10
37851,38.10
37866,40.64
37881,58.42
37898,58.42
37913,58.42
37928,43.18
37945,40.64
37960,38.10
37977,38.10
37992,38.10
38007,38.10
38024,35.56
38039,35.56
38055,38.10
38071,38.10
38086,38.10
38103,38.10
38118,45.72
38133,58.42
38150,60.96
38165,60.96
38181,68.58
38197,68.58
38212,68.58
38228,68.58
38244,68.58
38259,68.58
38276,68.58
38291,68.58
38307,68.58
38323,71.12
38338,71.12
38354,71.12
38370,78.74
38385,109.22
38402,109.22
38417,66.04
38433,43.18
38449,40.64
38464,40.64
38480,106.68
38496,109.22
38512,104.14
38528,43.18
38543,40.64
38559,40.64
38575,99.06
38591,109.22
38606,109.22
38622,111.76
38638,111.76
38653,111.76
38670,78.74
38685,71.12
38701,68.58
38717,71.12
38732,71.12
38749,68.58
38764,53.34
38779,43.18
38796,40.64
38811,40.64
38827,40.64
38843,40.64
38858,40.64
38875,60.96
38890,63.50
38905,63.50
38922,63.50
38937,63.50
38952,63.50
38969,45.72
38984,40.64
39001,40.64
39016,53.34
39031,58.42
39048,58.42
39063,58.42
39079,60.96
39095,58.42
39110,58.42
39127,58.42
39142,60.96
39157,58.42
39174,60.96
39189,60.96
39205,60.96
39221,45.72
39236,40.64
39252,40.64
39268,38.10
39283,38.10
39300,38.10
39315,38.10
39331,38.10
39347,38.10
39362,35.56
39378,35.56
39394,35.56
39409,35.56
39426,35.56
39441,35.56
39457,35.56
39473,35.56
39488,35.56
39504,35.56
39520,35.56
39536,35.56
39552,35.56
39567,35.56
39583,35.56
39599,35.56
-1,-1
40614,33.02
40630,35.56
40646,35.56
40662,35.56
40678,35.56
40693,35.56
40709,35.56
40725,35.56
40740,35.56
40756,35.56
40772,35.56
40787,35.56
40804,35.56
40819,35.56
40835,35.56
40851,35.56
40866,35.56
40883,35.56
40898,35.56
40913,35.56
40930,35.56
40945,35.56
40961,35.56
40977,35.56
40992,38.10
41009,35.56
41024,35.56
41039,35.56
41056,35.56
41071,35.56
41086,35.56
41103,35.56
41118,35.56
41135,35.56
41150,35.56
41165,38.10
41182,35.56
41197,38.10
41212,35.56
41229,38.10
41244,38.10
41261,38.10
41276,38.10
41291,38.10
41308,53.34
41323,55.88
41338,55.88
41355,55.88
41370,55.88
41387,55.88
41402,55.88
41417,55.88
41434,55.88
41449,58.42
41465,58.42
41481,58.42
41496,53.34
41512,43.18
41528,40.64
41543,40.64
41560,55.88
41575,55.88
41591,58.42
41607,43.18
41622,40.64
41638,38.10
41654,38.10
41669,35.56
41686,35.56
41701,38.10
41717,40.64
41733,38.10
41748,60.96
41764,106.68
41780,106.68
41796,106.68
41811,109.22
41827,109.22
41843,109.22
41859,109.22
41875,109.22
41890,109.22
41906,45.72
41922,40.64
41937,38.10
41954,93.98
41969,106.68
41985,106.68
42001,109.22
42016,109.22
42033,109.22
42048,109.22
42063,109.22
42080,109.22
42095,109.22
42112,109.22
42127,109.22
42143,101.60
42159,71.12
42174,71.12
42190,71.12
42206,68.58
42222,71.12
42237,71.12
42253,45.72
42269,40.64
42285,40.64
42300,38.10
42316,38.10
42332,38.10
42348,55.88
42363,60.96
42379,60.96
42395,45.72
42411,40.64
42426,40.64
42442,40.64
42458,38.10
42474,38.10
42489,38.10
42505,38.10
42521,40.64
42536,38.10
42552,58.42
42568,60.96
42584,60.96
42600,40.64
42615,38.10
42631,38.10
42647,35.56
42662,35.56
42678,38.10
42694,35.56
42710,35.56
42726,35.56
42741,35.56
42757,35.56
42773,35.56
42788,38.10
42804,35.56
42820,38.10
42835,35.56
42852,35.56
42867,33.02
42883,33.02
42899,33.02
42914,33.02
42931,35.56
42946,33.02
42961,33.02
42978,33.02
42993,35.56
43009,33.02
43025,35.56
43040,33.02
43057,33.02
43072,35.56
43087,33.02
43104,33.02
43119,33.02
43134,33.02
43151,35.56
43166,35.56
43183,33.02
43198,33.02
43213,35.56
43230,35.56
43245,35.56
43260,35.56
43277,35.56
43292,35.56
-1,-1
44308,33.02
44324,35.56
44340,35.56
44355,33.02
44371,33.02
44387,33.02
44402,35.56
44419,35.56
44434,33.02
44450,35.56
44466,33.02
44481,35.56
44497,33.02
44513,35.56
44528,33.02
44545,33.02
44560,35.56
44576,35.56
44592,33.02
44607,33.02
44623,35.56
44639,33.02
44654,33.02
44670,35.56
44686,35.56
44702,33.02
44718,33.02
44733,33.02
44749,33.02
44765,35.56
44780,33.02
44796,33.02
44812,33.02
44828,33.02
44844,33.02
44859,33.02
44875,35.56
44891,33.02
44906,35.56
44922,33.02
44938,33.02
44954,33.02
44969,33.02
44985,35.56
45001,35.56
45017,35.56
45032,38.10
45048,35.56
45064,35.56
45080,35.56
45095,35.56
45111,35.56
45127,35.56
45143,35.56
45158,35.56
45174,35.56
45190,35.56
45206,35.56
45221,35.56
45237,58.42
45253,60.96
45268,60.96
45284,60.96
45300,60.96
45316,60.96
45332,43.18
45347,40.64
45363,38.10
45379,38.10
45394,38.10
45410,38.10
45426,38.10
45442,38.10
45458,35.56
45473,38.10
45489,38.10
45505,38.10
45520,38.10
45537,38.10
45552,38.10
45568,38.10
45584,63.50
45599,68.58
45615,68.58
45631,68.58
45646,68.58
45663,68.58
45678,71.12
45693,71.12
45710,71.12
45725,76.20
45741,106.68
45757,109.22
45772,71.12
45789,43.18
45804,38.10
45819,38.10
45836,104.14
45851,109.22
45868,106.68
45883,109.22
45898,109.22
45915,109.22
45930,109.22
45946,109.22
45962,109.22
45978,109.22
45993,109.22
46009,109.22
46025,109.22
46041,109.22
46057,109.22
46072,60.96
46089,38.10
46104,38.10
46119,38.10
46136,38.10
46151,38.10
46167,38.10
46183,35.56
46198,35.56
46215,38.10
46230,58.42
46245,60.96
46262,60.96
46277,58.42
46292,60.96
46309,58.42
46324,43.18
46341,38.10
46356,38.10
46371,50.80
46388,58.42
46403,58.42
46418,58.42
46435,58.42
46450,60.96
46467,58.42
46482,60.96
46497,58.42
46514,58.42
46529,58.42
46545,58.42
46561,58.42
46576,40.64
46593,38.10
46608,35.56
46623,35.56
46640,35.56
46655,38.10
46671,35.56
46687,35.56
46702,38.10
46718,35.56
46734,35.56
46749,35.56
46766,35.56
46781,35.56
46797,33.02
46813,35.56
46828,33.02
46844,35.56
46860,35.56
46875,35.56
46892,33.02
46907,35.56
46923,33.02
46939,33.02
46954,35.56
46970,33.02
46986,35.56
-1,-1
48002,33.02
48017,33.02
48033,35.56
48049,33.02
48065,33.02
48080,33.02
48096,33.02
48112,33.02
48128,33.02
48143,33.02
48159,33.02
48175,33.02
48191,33.02
48206,33.02
48222,33.02
48238,35.56
48253,33.02
48269,33.02
48285,33.02
48301,33.02
48317,33.02
48332,33.02
48348,35.56
48364,35.56
48379,33.02
48396,35.56
48411,33.02
48427,35.56
48443,33.02
48458,35.56
48474,35.56
48490,35.56
48505,35.56
48522,35.56
48537,38.10
48552,35.56
48569,35.56
48584,35.56
48600,35.56
48616,38.10
48631,38.10
48648,40.64
48663,55.88
48678,55.88
48695,55.88
48710,55.88
48726,55.88
48742,55.88
48757,55.88
48774,55.88
48789,55.88
48804,58.42
48821,58.42
48836,58.42
48851,53.34
48868,43.18
48883,38.10
48900,38.10
48915,38.10
48930,38.10
48947,38.10
48962,55.88
48977,58.42
48994,58.42
49009,60.96
49026,60.96
49041,60.96
49056,45.72
49073,40.64
49088,40.64
49103,38.10
49120,38.10
49135,38.10
49152,40.64
49167,63.50
49182,66.04
49199,66.04
49214,99.06
49230,109.22
49246,106.68
49261,45.72
49277,38.10
49293,38.10
49308,38.10
49325,38.10
49340,38.10
49356,76.20
49372,106.68
49387,106.68
49403,109.22
49419,109.22
49435,109.22
49451,76.20
49466,43.18
49482,38.10
49498,38.10
49514,104.14
49529,106.68
49545,106.68
49561,71.12
49576,71.12
49593,71.12
49608,68.58
49624,66.04
49640,68.58
49655,45.72
49672,40.64
49687,38.10
49702,38.10
49719,38.10
49734,40.64
49750,48.26
49766,60.96
49781,60.96
49798,50.80
49813,40.64
49828,38.10
49845,35.56
49860,38.10
49875,35.56
49892,38.10
49907,38.10
49924,38.10
49939,38.10
49954,58.42
49971,60.96
49986,60.96
50001,43.18
50018,40.64
50033,38.10
50050,35.56
50065,38.10
50080,35.56
50097,35.56
50112,35.56
50128,38.10
50144,35.56
50159,35.56
50176,35.56
50191,38.10
50206,35.56
50223,35.56
50238,38.10
50254,35.56
50270,33.02
50285,33.02
50301,33.02
50317,33.02
50332,33.02
50349,33.02
50364,33.02
50380,33.02
50396,33.02
50411,33.02
50427,35.56
50443,35.56
50458,33.02
50475,35.56
50490,33.02
50506,33.02
50522,33.02
50537,33.02
50553,33.02
50569,33.02
50584,35.56
50600,33.02
50616,33.02
50632,33.02
50648,33.02
50663,33.02
50679,33.02
-1,-1
51695,33.02
51710,33.02
51726,33.02
51742,33.02
51758,35.56
51774,33.02
51789,33.02
51805,33.02
51821,35.56
51836,33.02
51852,33.02
51868,33.02
51884,33.02
51900,35.56
51915,33.02
51931,33.02
51947,33.02
51962,33.02
51978,33.02
51994,33.02
52009,33.02
52026,33.02
52041,33.02
52057,33.02
52073,35.56
52088,33.02
52104,33.02
52120,33.02
52135,33.02
52152,33.02
52167,33.02
52183,33.02
52199,33.02
52214,35.56
52230,33.02
52246,33.02
52261,33.02
52278,33.02
52293,33.02
52308,33.02
52325,33.02
52340,33.02
52356,33.02
52372,33.02
52387,35.56
52404,35.56
52419,35.56
52434,35.56
52451,35.56
52466,35.56
52482,35.56
52498,35.56
52513,35.56
52530,35.56
52545,35.56
52560,35.56
52577,35.56
52592,38.10
52608,38.10
52624,38.10
52639,58.42
52656,60.96
52671,60.96
52686,43.18
52703,38.10
52718,38.10
52733,38.10
52750,35.56
52765,35.56
52782,35.56
52797,35.56
52812,35.56
52829,38.10
52844,38.10
52859,38.10
52876,38.10
52891,38.10
52908,38.10
52923,38.10
52938,38.10
52955,38.10
52970,38.10
52986,58.42
53002,66.04
53017,66.04
53033,68.58
53049,68.58
53064,68.58
53081,71.12
53096,106.68
53112,109.22
53128,109.22
53143,109.22
53159,109.22
53175,109.22
53191,109.22
53207,109.22
53223,109.22
53238,45.72
53254,40.64
53270,38.10
53285,38.10
53301,38.10
53317,40.64
53332,76.20
53349,106.68
53364,109.22
53380,109.22
53396,109.22
53411,109.22
53428,109.22
53443,109.22
53459,109.22
53475,91.44
53490,40.64
53507,38.10
53522,38.10
53538,35.56
53554,35.56
53569,38.10
53585,35.56
53601,38.10
53616,38.10
53633,55.88
53648,60.96
53664,60.96
53680,43.18
53695,38.10
53711,38.10
53727,38.10
53742,38.10
53758,40.64
53774,43.18
53790,53.34
53806,55.88
53821,55.88
53837,55.88
53853,55.88
53868,55.88
53884,55.88
53900,55.88
53916,55.88
53932,55.88
53947,53.34
53963,55.88
53979,40.64
53994,38.10
54010,38.10
54026,38.10
54042,35.56
54057,35.56
54073,35.56
54089,35.56
54105,38.10
54121,38.10
54136,35.56
54152,35.56
54168,35.56
54183,35.56
54199,35.56
54215,35.56
54231,33.02
54247,33.02
54262,33.02
54278,33.02
54294,35.56
54309,35.56
54325,35.56
54341,33.02
54356,35.56
54373,35.56
-1,-1
55389,33.02
55404,33.02
55419,33.02
55436,33.02
55451,35.56
55467,35.56
55483,33.02
55498,33.02
55515,35.56
55530,33.02
55545,33.02
55562,33.02
55577,35.56
55592,35.56
55609,33.02
55624,33.02
55641,33.02
55656,35.56
55671,33.02
55688,33.02
55703,33.02
55718,33.02
55735,33.02
55750,33.02
55767,35.56
55782,33.02
55797,33.02
55814,35.56
55829,33.02
55844,35.56
55861,33.02
55876,33.02
55892,33.02
55908,35.56
55923,35.56
55940,38.10
55955,35.56
55970,38.10
55987,38.10
56002,35.56
56018,53.34
56034,55.88
56049,55.88
56066,53.34
56081,53.34
56097,53.34
56113,55.88
56128,55.88
56144,55.88
56160,58.42
56175,58.42
56192,58.42
56207,58.42
56223,40.64
56239,38.10
56254,38.10
56270,38.10
56286,38.10
56301,38.10
56317,55.88
56333,58.42
56349,58.42
56365,60.96
56380,60.96
56396,60.96
56412,45.72
56427,40.64
56443,38.10
56459,38.10
56475,35.56
56491,35.56
56506,35.56
56522,35.56
56538,35.56
56554,38.10
56569,99.06
56585,106.68
56601,106.68
56616,45.72
56632,40.64
56648,38.10
56664,35.56
56680,38.10
56695,35.56
56711,38.10
56727,38.10
56742,38.10
56759,43.18
56774,104.14
56790,109.22
56806,91.44
56821,43.18
56838,40.64
56853,40.64
56868,38.10
56885,40.64
56900,40.64
56915,66.04
56932,71.12
56947,71.12
56964,68.58
56979,68.58
56994,68.58
57011,68.58
57026,66.04
57041,66.04
57058,50.80
57073,40.64
57090,38.10
57105,38.10
57120,35.56
57137,38.10
57152,38.10
57167,35.56
57184,35.56
57199,35.56
57216,38.10
57231,38.10
57246,38.10
57263,58.42
57278,60.96
57293,60.96
57310,60.96
57325,60.96
57341,60.96
57357,45.72
57372,40.64
57389,38.10
57404,38.10
57420,35.56
57436,35.56
57451,35.56
57467,35.56
57483,35.56
57498,35.56
57515,35.56
57530,35.56
57546,35.56
57562,35.56
57577,35.56
57593,35.56
57609,35.56
57624,38.10
57640,38.10
57656,35.56
57672,33.02
57688,33.02
57703,33.02
57719,33.02
57735,33.02
57750,33.02
57766,33.02
57782,33.02
57798,33.02
57814,33.02
57829,33.02
57845,35.56
57861,33.02
57876,33.02
57892,33.02
57908,33.02
57924,33.02
57939,33.02
57955,33.02
57971,33.02
57987,33.02
58002,33.02
58018,33.02
58034,33.02
58050,33.02
58065,33.02
-1,-1
59081,33.02
59097,33.02
59113,35.56
59128,33.02
59144,33.02
59160,33.02
59175,33.02
59192,33.02
59207,33.02
59223,33.02
59239,33.02
59254,33.02
59270,33.02
59286,33.02
59301,33.02
59318,33.02
59333,33.02
59348,33.02
59365,33.02
59380,33.02
59396,33.02
59412,33.02
59427,33.02
59444,33.02
59459,33.02
59474,33.02
59491,33.02
59506,33.02
59522,33.02
59538,33.02
59553,33.02
59570,33.02
59585,33.02
59600,33.02
59617,33.02
59632,33.02
59648,33.02
59664,33.02
59679,33.02
59695,33.02
59711,33.02
59726,33.02
59743,33.02
59758,33.02
59773,33.02
59790,35.56
59805,35.56
59822,35.56
59837,35.56
59852,35.56
59869,35.56
59884,35.56
59899,35.56
59916,35.56
59931,35.56
59948,35.56
59963,35.56
59978,35.56
59995,38.10
60010,38.10
60025,38.10
60042,38.10
60057,38.10
60073,38.10
60089,38.10
60104,35.56
60121,35.56
60136,35.56
60151,35.56
60168,35.56
60183,35.56
60199,35.56
60215,38.10
60230,38.10
60247,35.56
60262,35.56
60278,35.56
60294,35.56
60309,35.56
60325,35.56
60341,35.56
60356,35.56
60372,38.10
60388,38.10
60404,38.10
60420,38.10
60435,40.64
60451,68.58
60467,68.58
60482,68.58
60498,104.14
60514,109.22
60530,109.22
60546,109.22
60562,109.22
60577,109.22
60593,109.22
60609,109.22
60624,109.22
60641,50.80
60656,40.64
60672,38.10
60688,38.10
60703,38.10
60720,38.10
60735,45.72
60750,106.68
60767,106.68
60782,106.68
60798,109.22
60814,109.22
60829,109.22
60846,71.12
60861,66.04
60877,66.04
60893,43.18
60908,40.64
60924,40.64
60940,38.10
60956,38.10
60972,35.56
60987,53.34
61003,60.96
61019,60.96
61034,60.96
61050,58.42
61066,58.42
61082,50.80
61097,43.18
61113,40.64
61129,38.10
61145,58.42
61160,58.42
61176,58.42
61192,58.42
61208,58.42
61223,60.96
61239,58.42
61255,58.42
61271,58.42
61287,58.42
61302,55.88
61318,55.88
61334,55.88
61349,55.88
61365,55.88
61381,48.26
61396,40.64
61413,38.10
61428,38.10
61444,38.10
61460,35.56
61475,38.10
61491,35.56
61507,35.56
61522,35.56
61539,35.56
61554,33.02
61570,35.56
61586,33.02
61601,33.02
61617,33.02
61633,33.02
61648,35.56
61665,33.02
61680,33.02
61696,33.02
61712,33.02
61727,33.02
61743,35.56
61759,35.56
-1,-1
62775,33.02
62790,33.02
62807,33.02
62822,33.02
62837,33.02
62854,33.02
62869,33.02
62884,33.02
62901,33.02
62916,33.02
62932,33.02
62948,33.02
62963,35.56
62980,33.02
62995,33.02
63010,33.02
63027,33.02
63042,33.02
63058,33.02
63074,33.02
63089,35.56
63106,35.56
63121,35.56
63136,33.02
63153,33.02
63168,33.02
63184,35.56
63200,35.56
63215,33.02
63232,33.02
63247,33.02
63262,35.56
63279,35.56
63294,35.56
63310,35.56
63326,35.56
63341,35.56
63357,35.56
63373,38.10
63388,38.10
63405,38.10
63420,48.26
63436,55.88
63452,55.88
63467,55.88
63483,55.88
63499,55.88
63514,55.88
63531,53.34
63546,53.34
63562,53.34
63578,53.34
63593,53.34
63609,53.34
63625,58.42
63641,58.42
63656,58.42
63672,45.72
63688,40.64
63704,38.10
63719,50.80
63735,58.42
63751,58.42
63767,45.72
63782,38.10
63798,35.56
63814,38.10
63830,38.10
63845,38.10
63861,38.10
63877,38.10
63893,35.56
63908,35.56
63924,60.96
63940,66.04
63955,66.04
63971,78.74
63987,106.68
64003,109.22
64019,109.22
64034,109.22
64051,109.22
64066,71.12
64081,43.18
64098,38.10
64113,38.10
64129,104.14
64145,106.68
64160,106.68
64177,109.22
64192,109.22
64208,109.22
64224,109.22
64239,109.22
64256,109.22
64271,109.22
64287,109.22
64303,109.22
64319,78.74
64334,71.12
64350,71.12
64366,68.58
64381,66.04
64397,66.04
64413,53.34
64429,40.64
64445,38.10
64460,38.10
64476,40.64
64492,40.64
64507,38.10
64523,38.10
64539,38.10
64555,38.10
64571,35.56
64586,38.10
64602,38.10
64618,35.56
64633,38.10
64649,38.10
64665,38.10
64680,38.10
64697,38.10
64712,48.26
64728,60.96
64744,60.96
64759,53.34
64775,40.64
64791,38.10
64806,40.64
64823,35.56
64838,35.56
64854,38.10
64870,38.10
64885,38.10
64902,35.56
64917,35.56
64932,35.56
64949,35.56
64964,35.56
64979,35.56
64996,35.56
65011,35.56
65028,35.56
65043,33.02
65058,35.56
65075,33.02
65090,33.02
65105,33.02
65122,33.02
65137,33.02
65154,33.02
65169,33.02
65184,35.56
65201,35.56
65216,33.02
65231,33.02
65248,33.02
65263,33.02
65280,35.56
65295,33.02
65310,33.02
65327,33.02
65342,33.02
65357,33.02
65374,33.02
65389,33.02
65404,33.02
65421,33.02
65436,33.02
65453,35.56
-1,-1
66468,33.02
66484,33.02
66499,33.02
66515,33.02
66531,33.02
66546,33.02
66563,33.02
66578,33.02
66594,35.56
66610,33.02
66625,35.56
66641,33.02
66657,33.02
66672,33.02
66689,35.56
66704,33.02
66720,33.02
66736,33.02
66751,33.02
66767,33.02
66783,35.56
66798,33.02
66814,33.02
66830,33.02
66846,33.02
66862,33.02
66877,33.02
66893,35.56
66909,33.02
66924,33.02
66940,33.02
66956,33.02
66972,33.02
66988,33.02
67003,33.02
67019,33.02
67035,33.02
67050,33.02
67066,33.02
67082,33.02
67098,33.02
67113,33.02
67129,33.02
67145,35.56
67161,35.56
67176,35.56
67192,35.56
67208,38.10
67224,38.10
67239,35.56
67255,35.56
67271,35.56
67287,35.56
67302,35.56
67318,35.56
67334,35.56
67350,38.10
67365,38.10
67381,38.10
67397,48.26
67412,60.96
67429,60.96
67444,53.34
67460,40.64
67476,38.10
67491,38.10
67507,38.10
67523,40.64
67538,38.10
67555,38.10
67570,38.10
67586,38.10
67602,38.10
67617,38.10
67633,35.56
67649,35.56
67664,35.56
67681,35.56
67696,35.56
67712,35.56
67728,35.56
67743,40.64
67759,66.04
67775,68.58
67790,68.58
67807,68.58
67822,68.58
67837,68.58
67854,68.58
67869,68.58
67885,68.58
67901,45.72
67916,40.64
67933,38.10
67948,78.74
67963,106.68
67980,106.68
67995,109.22
68012,109.22
68027,109.22
68042,66.04
68059,43.18
68074,38.10
68090,38.10
68106,104.14
68121,109.22
68137,106.68
68153,109.22
68169,109.22
68185,109.22
68200,73.66
68216,66.04
68232,68.58
68248,40.64
68263,38.10
68279,35.56
68295,35.56
68311,35.56
68327,38.10
68342,35.56
68358,35.56
68374,35.56
68389,35.56
68405,35.56
68421,38.10
68436,38.10
68453,55.88
68468,58.42
68484,58.42
68500,58.42
68515,58.42
68531,58.42
68547,58.42
68562,58.42
68579,58.42
68594,58.42
68610,58.42
68626,58.42
68641,58.42
68657,55.88
68673,55.88
68688,58.42
68705,55.88
68720,55.88
68736,55.88
68752,55.88
68767,55.88
68784,55.88
68799,38.10
68814,38.10
68831,38.10
68846,35.56
68861,35.56
68878,35.56
68893,35.56
68910,35.56
68925,35.56
68940,35.56
68957,33.02
68972,33.02
68987,33.02
69004,33.02
69019,33.02
69036,33.02
69051,33.02
69066,33.02
69083,33.02
69098,33.02
69113,33.02
69130,33.02
69145,35.56
-1,-1
70161,33.02
70177,35.56
70193,33.02
70208,35.56
70224,33.02
70240,33.02
70255,33.02
70272,33.02
70287,33.02
70303,33.02
70319,33.02
70334,33.02
70350,33.02
70366,35.56
70381,33.02
70397,33.02
70413,33.02
70429,33.02
70445,33.02
70460,33.02
70476,33.02
70492,33.02
70507,33.02
70523,35.56
70539,33.02
70555,35.56
70571,33.02
70586,33.02
70602,33.02
70618,35.56
70633,35.56
70649,33.02
70665,33.02
70681,35.56
70696,35.56
70712,35.56
70728,35.56
70744,35.56
70759,38.10
70775,35.56
70791,35.56
70807,35.56
70822,38.10
70838,38.10
70854,38.10
70870,38.10
70886,58.42
70901,58.42
70917,58.42
70933,55.88
70948,55.88
70964,53.34
70980,55.88
70995,55.88
71012,55.88
71027,45.72
71043,40.64
71059,38.10
71074,38.10
71090,38.10
71106,35.56
71121,35.56
71138,35.56
71153,35.56
71169,38.10
71185,35.56
71200,35.56
71217,35.56
71232,35.56
71247,35.56
71264,35.56
71279,35.56
71294,35.56
71311,38.10
71326,68.58
71343,106.68
71358,109.22
71373,63.50
71390,40.64
71405,38.10
71421,35.56
71437,38.10
71452,35.56
71469,38.10
71484,38.10
71499,38.10
71516,38.10
71531,96.52
71547,106.68
71563,106.68
71578,48.26
71595,40.64
71610,40.64
71626,76.20
71642,106.68
71657,109.22
71673,109.22
71689,109.22
71705,109.22
71720,96.52
71736,71.12
71752,68.58
71768,68.58
71784,66.04
71799,66.04
71815,66.04
71831,66.04
71846,66.04
71862,66.04
71878,66.04
71894,60.96
71910,60.96
71925,43.18
71941,40.64
71957,38.10
71972,38.10
71988,35.56
72004,35.56
72019,38.10
72036,38.10
72051,38.10
72067,40.64
72083,58.42
72098,60.96
72114,60.96
72130,60.96
72145,60.96
72162,60.96
72177,43.18
72193,38.10
72209,35.56
72224,35.56
72240,38.10
72256,38.10
72271,35.56
72288,35.56
72303,35.56
72318,35.56
72335,35.56
72350,38.10
72367,38.10
72382,38.10
72397,35.56
72414,35.56
72429,35.56
72444,33.02
72461,33.02
72476,35.56
72493,35.56
72508,35.56
72523,35.56
72540,33.02
72555,35.56
72570,33.02
72587,33.02
72602,33.02
72619,33.02
72634,33.02
72649,33.02
72666,33.02
72681,33.02
72696,35.56
72713,33.02
72728,33.02
72744,35.56
72760,33.02
72775,33.02
72792,33.02
72807,33.02
72822,33.02
72839,33.02
-1,-1
73854,33.02
73870,33.02
73886,33.02
73902,33.02
73917,33.02
73933,33.02
73949,35.56
73964,33.02
73980,33.02
73996,33.02
74012,33.02
74028,33.02
74043,35.56
74059,35.56
74075,35.56
74090,33.02
74106,33.02
74122,33.02
74138,33.02
74153,33.02
74169,33.02
74185,33.02
74201,33.02
74216,33.02
74232,35.56
74248,35.56
74264,33.02
74279,33.02
74295,33.02
74311,33.02
74327,33.02
74342,35.56
74358,33.02
74374,33.02
74390,33.02
74405,33.02
74421,35.56
74437,33.02
74452,33.02
74468,35.56
74484,33.02
74500,33.02
74516,35.56
74531,35.56
74547,35.56
74563,35.56
74578,35.56
74594,35.56
74610,35.56
74626,35.56
74642,35.56
74657,35.56
74673,35.56
74689,35.56
74704,38.10
74720,35.56
74736,35.56
74752,38.10
74768,58.42
74783,60.96
74799,60.96
74815,58.42
74830,58.42
74846,58.42
74862,43.18
74877,40.64
74894,38.10
74909,38.10
74925,35.56
74941,35.56
74956,38.10
74973,38.10
74988,38.10
75003,38.10
75020,38.10
75035,38.10
75051,38.10
75067,38.10
75082,38.10
75099,38.10
75114,38.10
75129,38.10
75146,38.10
75161,66.04
75176,66.04
75193,68.58
75208,68.58
75225,68.58
75240,68.58
75255,81.28
75272,109.22
75287,109.22
75303,109.22
75319,109.22
75334,109.22
75351,109.22
75366,109.22
75382,109.22
75398,109.22
75414,109.22
75429,109.22
75445,106.68
75461,43.18
75476,40.64
75493,40.64
75508,99.06
75524,106.68
75540,106.68
75555,109.22
75572,109.22
75587,109.22
75602,73.66
75619,66.04
75634,63.50
75651,45.72
75666,38.10
75681,40.64
75698,40.64
75713,35.56
75728,35.56
75745,35.56
75760,35.56
75777,38.10
75792,38.10
75807,58.42
75824,60.96
75839,60.96
75855,40.64
75871,38.10
75886,38.10
75902,38.10
75918,38.10
75933,38.10
75950,53.34
75965,58.42
75981,58.42
75997,58.42
76012,58.42
76028,58.42
76044,58.42
76059,58.42
76076,58.42
76091,58.42
76107,40.64
76123,35.56
76138,35.56
76154,53.34
76170,55.88
76185,55.88
76201,40.64
76217,38.10
76233,35.56
76249,35.56
76264,35.56
76280,35.56
76296,35.56
76312,35.56
76327,35.56
76343,33.02
76359,35.56
76375,35.56
76390,33.02
76406,33.02
76422,33.02
76438,33.02
76453,33.02
76469,33.02
76485,35.56
76500,33.02
76516,35.56
76532,33.02
-1,-1
77548,33.02
77563,33.02
77580,33.02
77595,33.02
77611,33.02
77627,35.56
77642,35.56
77658,33.02
77674,33.02
77689,33.02
77706,33.02
77721,33.02
77736,33.02
77753,33.02
77768,33.02
77784,33.02
77800,33.02
77815,33.02
77832,35.56
77847,35.56
77862,33.02
77879,35.56
77894,33.02
77910,35.56
77926,33.02
77941,35.56
77958,35.56
77973,35.56
77988,33.02
78005,33.02
78020,35.56
78035,35.56
78052,33.02
78067,33.02
78084,35.56
78099,35.56
78114,35.56
78131,35.56
78146,35.56
78161,35.56
78178,35.56
78193,35.56
78210,35.56
78225,38.10
78240,53.34
78257,53.34
78272,53.34
78288,55.88
78304,55.88
78319,55.88
78336,58.42
78351,58.42
78366,58.42
78383,48.26
78398,40.64
78414,38.10
78430,38.10
78445,38.10
78461,40.64
78477,38.10
78492,38.10
78509,35.56
78524,35.56
78540,35.56
78556,35.56
78571,35.56
78587,38.10
78603,38.10
78618,38.10
78635,38.10
78650,38.10
78666,40.64
78682,48.26
78697,63.50
78713,63.50
78729,66.04
78745,66.04
78760,66.04
78776,66.04
78792,101.60
78808,109.22
78823,109.22
78839,45.72
78855,40.64
78871,40.64
78886,91.44
78902,106.68
78918,109.22
78934,109.22
78950,109.22
78965,109.22
78982,109.22
78997,109.22
79012,109.22
79029,109.22
79044,109.22
79060,109.22
79076,106.68
79092,71.12
79108,71.12
79123,71.12
79139,68.58
79155,68.58
79170,68.58
79186,66.04
79202,66.04
79218,66.04
79234,43.18
79249,40.64
79265,38.10
79281,38.10
79296,38.10
79312,40.64
79328,38.10
79344,35.56
79360,35.56
79375,35.56
79391,35.56
79407,35.56
79422,38.10
79438,35.56
79454,35.56
79470,35.56
79485,55.88
79501,58.42
79517,55.88
79533,40.64
79548,35.56
79564,38.10
79580,35.56
79596,38.10
79611,35.56
79627,35.56
79643,35.56
79659,35.56
79675,35.56
79690,38.10
79706,38.10
79722,38.10
79737,35.56
79753,35.56
79769,35.56
79784,35.56
79801,35.56
79816,35.56
79832,35.56
79848,33.02
79863,33.02
79879,33.02
79895,33.02
79910,33.02
79927,33.02
79942,33.02
79958,33.02
79974,33.02
79989,33.02
80005,33.02
80021,35.56
80036,33.02
80053,33.02
80068,33.02
80083,33.02
80100,33.02
80115,33.02
80131,33.02
80147,33.02
80162,33.02
80179,33.02
80194,33.02
80209,33.02
80226,33.02
-1,-1
81242,33.02
81257,33.02
81272,35.56
81289,35.56
81304,35.56
81320,33.02
81336,33.02
81351,33.02
81368,33.02
81383,33.02
81398,35.56
81415,33.02
81430,35.56
81446,33.02
81462,35.56
81477,33.02
81494,35.56
81509,35.56
81524,33.02
81541,35.56
81556,33.02
81572,33.02
81588,35.56
81603,35.56
81619,33.02
81635,33.02
81650,33.02
81667,33.02
81682,33.02
81698,33.02
81714,33.02
81729,35.56
81745,35.56
81761,33.02
81776,33.02
81793,33.02
81808,33.02
81824,35.56
81840,33.02
81855,35.56
81871,33.02
81887,33.02
81902,33.02
81918,35.56
81934,35.56
81950,35.56
81966,35.56
81981,35.56
81997,35.56
82013,35.56
82028,38.10
82044,35.56
82060,35.56
82076,35.56
82092,35.56
82107,35.56
82123,35.56
82139,35.56
82154,35.56
82170,38.10
82186,38.10
82202,38.10
82217,58.42
82233,58.42
82249,60.96
82265,43.18
82281,38.10
82296,38.10
82312,38.10
82328,35.56
82343,38.10
82359,35.56
82375,35.56
82391,35.56
82407,38.10
82422,38.10
82438,38.10
82454,38.10
82469,38.10
82485,38.10
82501,38.10
82516,60.96
82533,63.50
82548,63.50
82564,68.58
82580,68.58
82595,68.58
82611,68.58
82627,68.58
82642,68.58
82659,50.80
82674,40.64
82690,38.10
82706,38.10
82721,104.14
82738,106.68
82753,106.68
82768,109.22
82785,109.22
82800,109.22
82817,45.72
82832,40.64
82847,38.10
82864,38.10
82879,38.10
82895,40.64
82911,78.74
82926,106.68
82942,109.22
82958,109.22
82974,109.22
82990,109.22
83005,88.90
83021,66.04
83037,66.04
83053,55.88
83068,40.64
83084,38.10
83100,38.10
83116,38.10
83131,35.56
83147,38.10
83163,38.10
83179,38.10
83194,38.10
83210,35.56
83226,35.56
83241,35.56
83257,35.56
83273,35.56
83289,35.56
83305,35.56
83320,35.56
83336,35.56
83352,40.64
83367,58.42
83383,58.42
83399,58.42
83415,55.88
83431,55.88
83446,55.88
83462,55.88
83478,55.88
83493,55.88
83509,43.18
83525,38.10
83540,38.10
83557,35.56
83572,35.56
83588,35.56
83604,35.56
83619,35.56
83635,35.56
83651,38.10
83666,35.56
83683,35.56
83698,35.56
83714,33.02
83730,33.02
83745,33.02
83761,33.02
83777,35.56
83792,33.02
83809,33.02
83824,33.02
83840,35.56
83856,33.02
83871,33.02
83887,33.02
83903,33.02
83918,33.02
-1,-1
84934,33.02
84951,33.02
84966,35.56
84981,35.56
84998,33.02
85013,33.02
85028,33.02
85045,33.02
85060,33.02
85076,33.02
85092,33.02
85107,33.02
85124,35.56
85139,35.56
85154,35.56
85171,33.02
85186,33.02
85202,33.02
85218,33.02
85233,33.02
85250,33.02
85265,35.56
85280,35.56
85297,33.02
85312,33.02
85328,35.56
85344,33.02
85359,33.02
85376,33.02
85391,33.02
85406,35.56
85423,35.56
85438,35.56
85454,35.56
85470,38.10
85485,38.10
85501,35.56
85517,35.56
85533,38.10
85549,35.56
85564,35.56
85580,35.56
85596,53.34
85611,55.88
85627,55.88
85643,55.88
85659,55.88
85675,55.88
85690,55.88
85706,58.42
85722,58.42
85737,58.42
85753,58.42
85769,58.42
85785,58.42
85800,43.18
85816,40.64
85832,38.10
85848,38.10
85863,35.56
85879,35.56
85895,35.56
85911,35.56
85926,38.10
85942,35.56
85958,35.56
85974,35.56
85989,35.56
86005,35.56
86021,35.56
86037,35.56
86052,35.56
86068,35.56
86084,38.10
86099,60.96
86116,63.50
86131,63.50
86147,66.04
86163,66.04
86178,66.04
86194,43.18
86210,38.10
86225,38.10
86242,38.10
86257,38.10
86273,38.10
86289,63.50
86304,106.68
86320,109.22
86336,71.12
86351,40.64
86368,38.10
86383,38.10
86398,38.10
86415,38.10
86430,38.10
86447,99.06
86462,106.68
86477,106.68
86494,73.66
86509,68.58
86525,68.58
86541,68.58
86556,66.04
86573,66.04
86588,43.18
86603,38.10
86620,35.56
86635,38.10
86651,38.10
86667,40.64
86682,38.10
86699,35.56
86714,35.56
86729,38.10
86746,38.10
86761,38.10
86777,40.64
86793,38.10
86808,35.56
86824,38.10
86840,38.10
86856,38.10
86872,38.10
86887,38.10
86903,38.10
86919,38.10
86934,38.10
86950,35.56
86966,35.56
86982,35.56
86998,35.56
87013,35.56
87029,35.56
87045,35.56
87060,35.56
87076,35.56
87092,38.10
87108,35.56
87123,35.56
87139,35.56
87155,35.56
87171,35.56
87186,35.56
87202,33.02
87218,33.02
87234,33.02
87249,33.02
87265,33.02
87281,35.56
87297,33.02
87312,33.02
87328,35.56
87344,33.02
87360,33.02
87375,33.02
87391,35.56
87407,33.02
87422,35.56
87438,33.02
87454,33.02
87470,33.02
87486,33.02
87501,33.02
87517,33.02
87533,33.02
87548,33.02
87564,33.02
87580,33.02
87596,33.02
87612,33.02
-1,-1
