14,370.84
30,370.84
46,370.84
61,365.76
77,365.76
93,365.76
108,347.98
124,299.72
140,294.64
155,297.18
172,373.38
187,373.38
202,370.84
219,370.84
234,370.84
249,370.84
266,322.58
281,297.18
296,297.18
313,292.10
328,294.64
344,297.18
360,363.22
375,363.22
391,363.22
407,365.76
422,365.76
438,363.22
454,363.22
470,360.68
485,363.22
501,142.24
517,144.78
532,147.32
548,162.56
564,162.56
579,165.10
595,162.56
611,165.10
626,165.10
643,162.56
658,162.56
673,160.02
690,160.02
705,160.02
720,160.02
736,162.56
752,160.02
768,160.02
783,162.56
799,160.02
815,162.56
830,162.56
846,160.02
862,160.02
877,162.56
893,160.02
909,160.02
924,160.02
941,160.02
956,162.56
971,162.56
988,160.02
1003,160.02
1018,162.56
1035,160.02
1050,162.56
1067,160.02
1082,162.56
1097,160.02
1114,160.02
1129,160.02
1144,160.02
1161,160.02
1176,160.02
1192,160.02
1208,160.02
1223,160.02
1240,167.64
1255,167.64
1270,165.10
1287,162.56
1302,162.56
1318,162.56
1334,165.10
1349,165.10
1366,162.56
1381,109.22
1396,114.30
1413,116.84
1428,53.34
1444,55.88
1460,58.42
1475,58.42
1491,53.34
1507,53.34
1522,53.34
1539,111.76
1554,111.76
1569,111.76
1586,53.34
1601,53.34
1616,55.88
1633,114.30
1648,114.30
1664,114.30
1680,114.30
1695,111.76
1712,111.76
1727,111.76
1742,114.30
1759,111.76
1774,111.76
1789,111.76
1806,111.76
1821,114.30
1838,111.76
1853,111.76
1868,111.76
1885,119.38
1900,119.38
1915,119.38
1932,114.30
1947,114.30
1964,116.84
1979,114.30
1994,114.30
2011,116.84
2026,116.84
2041,160.02
2058,160.02
2073,157.48
2089,160.02
2105,157.48
2120,160.02
2137,157.48
2152,160.02
2167,160.02
2184,157.48
2199,157.48
2214,157.48
2231,157.48
2246,157.48
2263,157.48
2278,157.48
2293,157.48
2310,157.48
2325,129.54
2341,127.00
2357,127.00
2372,124.46
2388,127.00
2404,124.46
2419,127.00
2436,124.46
2451,124.46
2467,124.46
2483,116.84
2498,116.84
2514,116.84
2530,111.76
2545,111.76
2562,111.76
2577,109.22
2593,111.76
2609,109.22
2624,111.76
2640,111.76
2656,111.76
2671,109.22
2688,109.22
-1,-1
3703,109.22
3719,109.22
3735,109.22
3750,109.22
3766,111.76
3782,111.76
3798,109.22
3813,109.22
3829,109.22
3845,109.22
3861,111.76
3876,111.76
3892,109.22
3908,109.22
3923,109.22
3939,109.22
3955,109.22
3971,109.22
3987,109.22
4002,109.22
4018,109.22
4034,109.22
4049,109.22
4065,109.22
4081,109.22
4097,109.22
4113,111.76
4128,111.76
4144,111.76
4160,109.22
4175,109.22
4192,109.22
4207,111.76
4222,111.76
4239,111.76
4254,127.00
4270,132.08
4286,132.08
4301,132.08
4318,127.00
4333,127.00
4348,127.00
4365,129.54
4380,127.00
4396,129.54
4412,157.48
4427,157.48
4444,157.48
4459,160.02
4474,157.48
4491,157.48
4506,157.48
4521,157.48
4538,157.48
4553,157.48
4569,157.48
4585,157.48
4600,160.02
4617,157.48
4632,157.48
4647,157.48
4664,114.30
4679,114.30
4695,116.84
4711,114.30
4726,114.30
4743,116.84
4758,114.30
4773,114.30
4790,114.30
4805,114.30
4820,111.76
4837,114.30
4852,111.76
4869,111.76
4884,111.76
4899,111.76
4916,111.76
4931,111.76
4947,111.76
4963,114.30
4978,114.30
4995,111.76
5010,114.30
5025,114.30
5042,114.30
5057,111.76
5073,111.76
5089,111.76
5104,114.30
5121,111.76
5136,111.76
5151,111.76
5168,111.76
5183,111.76
5199,114.30
5215,114.30
5230,116.84
5246,116.84
5262,116.84
5277,114.30
5294,114.30
5309,162.56
5325,162.56
5341,162.56
5356,162.56
5372,162.56
5388,162.56
5403,165.10
5420,162.56
5435,165.10
5451,162.56
5467,165.10
5482,165.10
5498,162.56
5514,162.56
5529,162.56
5545,162.56
5561,162.56
5577,162.56
5593,162.56
5608,162.56
5624,162.56
5640,162.56
5655,160.02
5671,162.56
5687,162.56
5703,160.02
5719,160.02
5734,160.02
5750,160.02
5766,162.56
5781,160.02
5797,162.56
5813,162.56
5829,162.56
5844,160.02
5860,160.02
5876,160.02
5892,160.02
5907,160.02
5923,160.02
5939,162.56
5955,160.02
5970,160.02
5986,160.02
6002,160.02
6018,160.02
6033,160.02
6049,162.56
6065,162.56
6081,160.02
6096,162.56
6112,165.10
6128,162.56
6144,165.10
6159,165.10
6175,165.10
6191,165.10
6207,355.60
6222,353.06
6238,355.60
6254,365.76
6269,365.76
6285,365.76
6301,363.22
6317,363.22
6333,365.76
6348,363.22
6364,360.68
6380,363.22
-1,-1
7396,373.38
7411,375.92
7427,373.38
7443,373.38
7458,373.38
7475,370.84
7490,345.44
7505,297.18
7522,297.18
7537,365.76
7554,363.22
7569,365.76
7584,350.52
7601,299.72
7616,292.10
7631,289.56
7648,292.10
7663,289.56
7680,289.56
7695,391.16
7710,391.16
7727,391.16
7742,370.84
7757,368.30
7774,370.84
7789,368.30
7805,365.76
7821,365.76
7836,365.76
7853,368.30
7868,368.30
7884,144.78
7900,147.32
7915,149.86
7931,165.10
7947,165.10
7962,162.56
7979,162.56
7994,162.56
8010,162.56
8026,160.02
8041,160.02
8057,160.02
8073,162.56
8088,162.56
8104,162.56
8120,162.56
8136,162.56
8152,162.56
8167,162.56
8183,160.02
8199,160.02
8214,160.02
8230,160.02
8246,160.02
8262,160.02
8278,160.02
8293,162.56
8309,162.56
8325,162.56
8340,160.02
8356,162.56
8372,162.56
8388,162.56
8403,162.56
8419,160.02
8435,160.02
8451,160.02
8466,160.02
8482,160.02
8498,160.02
8513,160.02
8529,162.56
8545,160.02
8561,160.02
8577,162.56
8592,165.10
8608,165.10
8624,165.10
8640,162.56
8655,165.10
8671,165.10
8687,162.56
8702,162.56
8718,114.30
8734,116.84
8750,116.84
8766,114.30
8781,116.84
8797,114.30
8813,114.30
8828,114.30
8844,116.84
8860,53.34
8876,55.88
8891,55.88
8907,55.88
8923,111.76
8938,111.76
8954,111.76
8970,114.30
8986,111.76
9001,111.76
9017,55.88
9033,55.88
9049,58.42
9064,111.76
9080,111.76
9096,111.76
9112,111.76
9127,111.76
9143,114.30
9159,111.76
9175,111.76
9190,111.76
9206,111.76
9222,111.76
9238,111.76
9253,111.76
9269,111.76
9285,111.76
9300,111.76
9316,114.30
9332,114.30
9348,114.30
9364,114.30
9379,114.30
9395,114.30
9411,114.30
9426,114.30
9442,114.30
9458,144.78
9474,160.02
9490,160.02
9505,157.48
9521,157.48
9537,157.48
9552,157.48
9568,157.48
9584,157.48
9600,157.48
9616,157.48
9631,157.48
9647,157.48
9663,157.48
9678,157.48
9694,157.48
9710,124.46
9725,124.46
9742,124.46
9757,127.00
9773,127.00
9789,127.00
9804,127.00
9820,129.54
9836,127.00
9851,114.30
9868,114.30
9883,114.30
9899,114.30
9915,114.30
9930,114.30
9946,111.76
9962,111.76
9977,111.76
9994,114.30
10009,109.22
10024,109.22
10041,109.22
10056,109.22
10073,111.76
-1,-1
11088,109.22
11104,109.22
11120,111.76
11136,111.76
11151,109.22
11167,109.22
11183,109.22
11199,109.22
11214,109.22
11230,109.22
11246,109.22
11261,109.22
11278,109.22
11293,109.22
11310,109.22
11325,109.22
11340,109.22
11357,109.22
11372,109.22
11388,109.22
11404,109.22
11420,109.22
11436,111.76
11451,109.22
11467,109.22
11483,109.22
11499,111.76
11514,111.76
11531,109.22
11546,109.22
11561,109.22
11578,109.22
11593,116.84
11610,114.30
11625,114.30
11640,124.46
11657,124.46
11672,124.46
11688,127.00
11704,127.00
11720,127.00
11736,129.54
11751,127.00
11767,127.00
11783,127.00
11799,127.00
11814,127.00
11830,127.00
11846,157.48
11862,157.48
11878,157.48
11893,160.02
11910,157.48
11925,157.48
11940,157.48
11957,157.48
11972,160.02
11988,157.48
12004,157.48
12020,157.48
12036,114.30
12051,114.30
12067,114.30
12083,114.30
12099,114.30
12114,114.30
12130,114.30
12146,114.30
12162,114.30
12178,114.30
12193,111.76
12210,111.76
12225,111.76
12240,111.76
12257,114.30
12272,111.76
12289,114.30
12304,114.30
12320,111.76
12336,111.76
12351,114.30
12367,111.76
12383,111.76
12399,111.76
12414,111.76
12430,111.76
12446,111.76
12462,111.76
12478,111.76
12493,114.30
12510,111.76
12525,111.76
12540,111.76
12557,111.76
12572,119.38
12589,114.30
12604,116.84
12619,116.84
12636,114.30
12651,114.30
12667,114.30
12683,162.56
12699,162.56
12715,162.56
12730,162.56
12746,162.56
12762,162.56
12778,162.56
12793,165.10
12810,162.56
12825,160.02
12840,160.02
12857,160.02
12872,162.56
12889,162.56
12904,160.02
12919,162.56
12936,162.56
12951,162.56
12967,162.56
12983,162.56
12999,162.56
13015,162.56
13030,160.02
13046,160.02
13062,160.02
13078,160.02
13093,162.56
13110,160.02
13125,160.02
13140,162.56
13157,162.56
13172,160.02
13189,160.02
13204,160.02
13219,160.02
13236,160.02
13251,160.02
13267,160.02
13283,160.02
13299,162.56
13315,162.56
13330,162.56
13346,162.56
13362,162.56
13378,162.56
13393,162.56
13409,162.56
13425,162.56
13441,162.56
13457,162.56
13472,162.56
13489,165.10
13504,162.56
13519,162.56
13536,162.56
13551,162.56
13568,170.18
13583,170.18
13599,170.18
13615,170.18
13630,365.76
13646,360.68
13662,360.68
13678,363.22
13693,360.68
13709,360.68
13725,363.22
13741,368.30
13757,370.84
13772,368.30
-1,-1
14788,299.72
14804,299.72
14820,297.18
14835,297.18
14852,297.18
14867,294.64
14883,297.18
14899,297.18
14915,292.10
14930,292.10
14946,294.64
14962,294.64
14978,297.18
14994,294.64
15009,299.72
15026,294.64
15041,297.18
15056,297.18
15073,365.76
15088,365.76
15105,368.30
15120,368.30
15136,368.30
15152,121.92
15167,119.38
15183,119.38
15199,119.38
15215,368.30
15230,360.68
15246,360.68
15262,365.76
15278,365.76
15294,363.22
15309,162.56
15326,165.10
15341,165.10
15356,165.10
15373,162.56
15388,165.10
15405,160.02
15420,160.02
15436,162.56
15452,162.56
15467,162.56
15483,162.56
15499,162.56
15515,162.56
15531,162.56
15546,160.02
15562,162.56
15578,162.56
15594,160.02
15609,162.56
15626,162.56
15641,162.56
15656,162.56
15673,162.56
15688,162.56
15705,162.56
15720,162.56
15736,162.56
15752,162.56
15767,162.56
15783,162.56
15799,162.56
15815,162.56
15831,160.02
15846,160.02
15862,160.02
15878,160.02
15894,160.02
15909,160.02
15926,160.02
15941,162.56
15956,160.02
15973,160.02
15988,160.02
16005,160.02
16020,162.56
16035,162.56
16052,162.56
16067,162.56
16083,162.56
16099,119.38
16115,119.38
16131,119.38
16146,165.10
16162,165.10
16178,165.10
16194,114.30
16209,114.30
16226,116.84
16241,116.84
16257,116.84
16273,114.30
16288,114.30
16305,111.76
16320,114.30
16335,114.30
16352,111.76
16367,114.30
16384,111.76
16399,111.76
16415,111.76
16431,111.76
16446,111.76
16462,111.76
16478,111.76
16494,111.76
16509,111.76
16526,111.76
16541,111.76
16557,111.76
16573,111.76
16588,111.76
16605,111.76
16620,111.76
16635,111.76
16652,111.76
16667,111.76
16684,119.38
16699,119.38
16715,119.38
16731,119.38
16746,114.30
16762,114.30
16778,114.30
16794,116.84
16809,116.84
16825,114.30
16841,157.48
16857,157.48
16873,157.48
16888,157.48
16905,157.48
16920,157.48
16935,157.48
16952,157.48
16967,157.48
16984,160.02
16999,157.48
17015,157.48
17031,157.48
17046,157.48
17062,157.48
17078,157.48
17094,157.48
17110,157.48
17125,160.02
17141,124.46
17157,127.00
17173,124.46
17188,124.46
17205,124.46
17220,127.00
17235,101.60
17252,101.60
17267,101.60
17284,111.76
17299,111.76
17314,111.76
17331,109.22
17346,109.22
17362,109.22
17378,109.22
17394,111.76
17410,109.22
17425,109.22
17441,109.22
17457,109.22
17473,109.22
-1,-1
18489,109.22
18504,109.22
18521,109.22
18536,109.22
18551,109.22
18568,109.22
18583,109.22
18599,111.76
18615,109.22
18630,109.22
18647,109.22
18662,109.22
18678,109.22
18694,109.22
18710,109.22
18725,109.22
18741,109.22
18757,109.22
18772,109.22
18789,109.22
18804,109.22
18821,111.76
18836,111.76
18851,111.76
18868,109.22
18883,109.22
18899,109.22
18915,111.76
18930,111.76
18947,114.30
18962,111.76
18978,111.76
18994,111.76
19010,114.30
19025,114.30
19041,111.76
19057,114.30
19073,127.00
19089,127.00
19104,127.00
19120,124.46
19136,127.00
19151,127.00
19168,127.00
19183,127.00
19200,127.00
19215,160.02
19230,160.02
19247,160.02
19262,160.02
19278,160.02
19294,160.02
19309,157.48
19325,160.02
19341,157.48
19357,157.48
19373,157.48
19389,160.02
19404,160.02
19420,157.48
19436,160.02
19451,160.02
19468,119.38
19483,119.38
19499,119.38
19515,114.30
19530,114.30
19547,114.30
19562,116.84
19578,114.30
19594,114.30
19609,114.30
19625,114.30
19641,114.30
19657,114.30
19673,114.30
19689,116.84
19704,116.84
19720,114.30
19736,114.30
19751,114.30
19768,111.76
19783,114.30
19799,111.76
19815,111.76
19830,114.30
19847,114.30
19862,55.88
19878,55.88
19894,55.88
19909,111.76
19926,111.76
19941,111.76
19957,111.76
19973,111.76
19988,111.76
20004,119.38
20020,119.38
20036,119.38
20051,116.84
20067,116.84
20083,116.84
20099,116.84
20115,162.56
20130,162.56
20147,162.56
20162,162.56
20177,162.56
20194,162.56
20209,162.56
20226,165.10
20241,162.56
20257,162.56
20273,162.56
20288,162.56
20304,165.10
20320,162.56
20336,162.56
20352,162.56
20367,162.56
20383,165.10
20399,162.56
20415,162.56
20430,162.56
20447,162.56
20462,160.02
20477,160.02
20494,160.02
20509,162.56
20526,162.56
20541,162.56
20557,160.02
20573,160.02
20588,160.02
20604,162.56
20620,162.56
20636,160.02
20652,162.56
20667,162.56
20683,162.56
20699,162.56
20715,162.56
20730,162.56
20747,160.02
20762,160.02
20777,160.02
20794,160.02
20809,160.02
20826,162.56
20841,160.02
20856,162.56
20873,160.02
20888,160.02
20904,165.10
20920,165.10
20936,162.56
20952,165.10
20967,162.56
20983,162.56
20999,162.56
21015,365.76
21030,363.22
21047,363.22
21062,358.14
21078,358.14
21094,358.14
21109,368.30
21126,368.30
21141,365.76
21157,358.14
21173,358.14
-1,-1
22189,365.76
22204,312.42
22220,297.18
22236,297.18
22252,287.02
22267,287.02
22284,287.02
22299,299.72
22315,297.18
22331,302.26
22346,289.56
22363,289.56
22378,287.02
22393,370.84
22410,365.76
22425,365.76
22441,345.44
22457,297.18
22473,287.02
22489,299.72
22504,299.72
22520,297.18
22536,299.72
22552,363.22
22567,360.68
22584,121.92
22599,124.46
22615,124.46
22631,124.46
22646,363.22
22663,360.68
22678,116.84
22693,132.08
22710,132.08
22725,132.08
22742,162.56
22757,162.56
22773,162.56
22789,162.56
22804,160.02
22820,160.02
22836,160.02
22852,162.56
22867,160.02
22883,160.02
22899,160.02
22915,162.56
22931,160.02
22946,160.02
22963,160.02
22978,160.02
22993,162.56
23010,160.02
23025,160.02
23042,160.02
23057,160.02
23072,162.56
23089,162.56
23104,160.02
23120,162.56
23136,162.56
23152,162.56
23168,162.56
23183,160.02
23199,160.02
23215,160.02
23231,162.56
23246,160.02
23263,162.56
23278,162.56
23293,160.02
23310,162.56
23325,162.56
23342,162.56
23357,162.56
23372,160.02
23389,162.56
23404,160.02
23420,162.56
23436,165.10
23452,167.64
23468,167.64
23483,162.56
23499,162.56
23515,162.56
23531,162.56
23546,162.56
23562,162.56
23578,116.84
23593,116.84
23610,116.84
23625,114.30
23642,114.30
23657,116.84
23672,114.30
23689,114.30
23704,114.30
23720,114.30
23736,114.30
23752,114.30
23768,114.30
23783,111.76
23799,114.30
23815,111.76
23831,111.76
23846,111.76
23862,114.30
23878,111.76
23894,114.30
23910,114.30
23925,111.76
23942,111.76
23957,114.30
23972,114.30
23989,114.30
24004,114.30
24020,111.76
24036,111.76
24052,111.76
24068,114.30
24083,114.30
24099,114.30
24115,114.30
24131,114.30
24146,114.30
24162,114.30
24178,114.30
24194,114.30
24210,114.30
24225,160.02
24242,160.02
24257,160.02
24272,157.48
24289,157.48
24304,157.48
24321,157.48
24336,157.48
24351,157.48
24368,157.48
24383,157.48
24399,157.48
24415,157.48
24431,157.48
24446,157.48
24462,157.48
24478,157.48
24494,157.48
24510,116.84
24525,124.46
24542,124.46
24557,129.54
24572,127.00
24589,127.00
24604,127.00
24621,157.48
24636,157.48
24651,157.48
24668,127.00
24683,127.00
24699,127.00
24715,114.30
24731,116.84
24747,116.84
24762,111.76
24778,114.30
24794,111.76
24810,109.22
24825,109.22
24841,109.22
24857,111.76
24872,109.22
-1,-1
25888,109.22
25905,109.22
25920,109.22
25936,109.22
25952,109.22
25967,109.22
25984,111.76
25999,109.22
26015,109.22
26031,109.22
26047,109.22
26062,109.22
26078,109.22
26094,109.22
26109,109.22
26126,109.22
26141,109.22
26158,109.22
26173,109.22
26188,109.22
26205,109.22
26220,111.76
26236,109.22
26252,111.76
26267,111.76
26284,114.30
26299,109.22
26315,109.22
26331,109.22
26347,111.76
26362,111.76
26378,111.76
26394,129.54
26409,127.00
26426,127.00
26441,139.70
26457,160.02
26473,160.02
26488,104.14
26505,127.00
26520,127.00
26536,127.00
26552,157.48
26567,157.48
26584,157.48
26599,157.48
26615,157.48
26631,157.48
26646,127.00
26662,129.54
26678,129.54
26694,160.02
26710,157.48
26726,157.48
26741,160.02
26757,160.02
26773,160.02
26788,157.48
26805,157.48
26820,157.48
26836,104.14
26852,114.30
26867,114.30
26884,114.30
26899,114.30
26915,114.30
26931,116.84
26946,114.30
26962,114.30
26978,114.30
26994,114.30
27010,114.30
27026,114.30
27041,111.76
27057,111.76
27073,111.76
27088,111.76
27105,114.30
27120,114.30
27137,111.76
27152,111.76
27167,111.76
27184,111.76
27199,111.76
27215,111.76
27231,111.76
27246,111.76
27262,111.76
27278,53.34
27294,53.34
27310,50.80
27325,53.34
27341,111.76
27357,111.76
27373,114.30
27388,111.76
27405,111.76
27420,111.76
27436,114.30
27452,114.30
27467,114.30
27484,114.30
27499,114.30
27514,114.30
27531,119.38
27546,114.30
27563,114.30
27578,114.30
27594,162.56
27610,162.56
27625,162.56
27641,160.02
27657,162.56
27673,162.56
27688,160.02
27705,160.02
27720,162.56
27736,162.56
27752,160.02
27767,160.02
27784,160.02
27799,160.02
27814,160.02
27831,162.56
27846,160.02
27863,160.02
27878,162.56
27894,162.56
27910,160.02
27925,160.02
27941,160.02
27957,162.56
27973,162.56
27988,160.02
28004,160.02
28020,160.02
28036,162.56
28052,160.02
28067,160.02
28084,160.02
28099,160.02
28114,160.02
28131,162.56
28146,160.02
28163,160.02
28178,162.56
28193,162.56
28210,162.56
28225,165.10
28241,165.10
28257,162.56
28273,162.56
28289,162.56
28304,162.56
28320,162.56
28336,167.64
28352,165.10
28367,165.10
28384,274.32
28399,355.60
28414,355.60
28431,353.06
28446,365.76
28463,365.76
28478,363.22
28494,370.84
28510,368.30
28525,370.84
28541,363.22
28557,363.22
28573,363.22
-1,-1
29589,373.38
29604,370.84
29621,373.38
29636,368.30
29651,368.30
29668,368.30
29683,370.84
29700,373.38
29715,370.84
29730,365.76
29747,365.76
29762,368.30
29778,375.92
29794,373.38
29810,375.92
29826,368.30
29841,370.84
29857,370.84
29873,360.68
29889,360.68
29904,360.68
29921,365.76
29936,365.76
29952,365.76
29968,365.76
29983,365.76
30000,365.76
30015,365.76
30031,365.76
30047,365.76
30062,365.76
30078,370.84
30094,370.84
30110,167.64
30126,170.18
30141,170.18
30157,160.02
30173,165.10
30189,165.10
30204,165.10
30221,162.56
30236,162.56
30252,162.56
30268,160.02
30283,162.56
30300,162.56
30315,160.02
30331,160.02
30347,160.02
30362,160.02
30379,160.02
30394,160.02
30410,160.02
30426,160.02
30441,160.02
30457,162.56
30473,160.02
30489,160.02
30504,160.02
30521,160.02
30536,160.02
30552,160.02
30568,160.02
30583,162.56
30600,162.56
30615,160.02
30631,160.02
30647,160.02
30662,162.56
30679,162.56
30694,160.02
30710,160.02
30726,160.02
30741,160.02
30757,160.02
30773,160.02
30789,160.02
30804,160.02
30821,162.56
30836,160.02
30852,116.84
30868,116.84
30883,116.84
30900,114.30
30915,114.30
30930,114.30
30947,165.10
30962,162.56
30979,162.56
30994,96.52
31010,119.38
31026,119.38
31041,119.38
31057,114.30
31073,114.30
31089,116.84
31105,111.76
31120,114.30
31136,114.30
31152,111.76
31168,111.76
31183,114.30
31200,53.34
31215,53.34
31230,53.34
31247,111.76
31262,111.76
31279,111.76
31294,111.76
31309,111.76
31326,111.76
31341,111.76
31357,111.76
31373,111.76
31388,111.76
31405,111.76
31420,111.76
31436,111.76
31452,111.76
31468,111.76
31483,111.76
31499,114.30
31515,114.30
31531,114.30
31547,114.30
31562,114.30
31579,114.30
31594,114.30
31609,114.30
31626,114.30
31641,134.62
31657,160.02
31673,157.48
31688,157.48
31705,160.02
31720,160.02
31736,157.48
31752,157.48
31768,157.48
31783,157.48
31799,160.02
31815,157.48
31831,160.02
31847,129.54
31862,129.54
31879,129.54
31894,157.48
31909,157.48
31926,160.02
31941,127.00
31958,124.46
31973,124.46
31988,127.00
32005,129.54
32020,129.54
32036,101.60
32052,104.14
32068,104.14
32083,116.84
32099,114.30
32115,114.30
32131,114.30
32147,111.76
32162,111.76
32178,111.76
32194,109.22
32209,111.76
32226,109.22
32241,109.22
32258,109.22
32273,109.22
-1,-1
33289,109.22
33304,111.76
33320,111.76
33336,109.22
33352,109.22
33368,109.22
33384,109.22
33399,109.22
33415,109.22
33431,109.22
33446,109.22
33463,109.22
33478,109.22
33495,109.22
33510,109.22
33525,111.76
33542,109.22
33557,109.22
33573,109.22
33589,111.76
33604,109.22
33620,109.22
33636,109.22
33652,109.22
33668,109.22
33684,109.22
33699,109.22
33715,109.22
33731,111.76
33746,111.76
33763,111.76
33778,111.76
33795,111.76
33810,111.76
33825,111.76
33842,111.76
33857,111.76
33873,127.00
33889,127.00
33904,127.00
33921,127.00
33936,127.00
33952,127.00
33968,137.16
33984,160.02
33999,160.02
34015,127.00
34031,129.54
34046,129.54
34063,129.54
34078,160.02
34094,160.02
34110,160.02
34125,157.48
34142,157.48
34157,157.48
34173,157.48
34189,160.02
34204,160.02
34221,114.30
34236,114.30
34252,114.30
34268,116.84
34283,114.30
34299,114.30
34315,114.30
34331,114.30
34347,114.30
34363,114.30
34378,111.76
34394,111.76
34410,111.76
34425,111.76
34442,111.76
34457,111.76
34473,111.76
34489,111.76
34504,111.76
34521,111.76
34536,111.76
34552,111.76
34568,111.76
34584,114.30
34599,111.76
34615,114.30
34631,111.76
34647,111.76
34663,53.34
34678,50.80
34694,53.34
34710,114.30
34725,111.76
34742,111.76
34757,116.84
34772,111.76
34789,111.76
34804,111.76
34821,116.84
34836,114.30
34852,114.30
34868,114.30
34883,116.84
34899,114.30
34915,114.30
34931,114.30
34947,114.30
34962,116.84
34978,114.30
34994,114.30
35010,165.10
35025,165.10
35042,162.56
35057,162.56
35073,162.56
35089,162.56
35104,162.56
35121,162.56
35136,162.56
35152,162.56
35168,160.02
35183,160.02
35200,160.02
35215,160.02
35231,160.02
35247,160.02
35262,160.02
35278,160.02
35294,160.02
35310,160.02
35325,160.02
35342,160.02
35357,160.02
35373,160.02
35389,162.56
35404,160.02
35421,160.02
35436,160.02
35451,162.56
35468,162.56
35483,162.56
35500,162.56
35515,162.56
35531,162.56
35547,162.56
35562,162.56
35578,162.56
35594,162.56
35610,160.02
35625,160.02
35642,162.56
35657,165.10
35673,162.56
35689,162.56
35704,165.10
35721,162.56
35736,162.56
35751,162.56
35768,355.60
35783,353.06
35800,104.14
35815,121.92
35831,121.92
35847,124.46
35862,353.06
35878,358.14
35894,360.68
35910,358.14
35926,355.60
35942,355.60
35957,350.52
35973,299.72
-1,-1
36988,365.76
37005,335.28
37020,289.56
37037,292.10
37052,299.72
37068,299.72
37084,299.72
37099,119.38
37115,119.38
37131,121.92
37147,289.56
37163,289.56
37179,289.56
37194,289.56
37210,299.72
37226,299.72
37241,299.72
37258,287.02
37273,287.02
37288,119.38
37305,119.38
37320,119.38
37337,119.38
37352,363.22
37368,360.68
37384,358.14
37399,365.76
37415,365.76
37431,365.76
37447,363.22
37463,360.68
37479,365.76
37494,167.64
37510,170.18
37526,170.18
37541,162.56
37558,165.10
37573,165.10
37590,162.56
37605,162.56
37620,162.56
37637,160.02
37652,160.02
37668,162.56
37684,162.56
37699,160.02
37715,160.02
37731,162.56
37747,162.56
37763,160.02
37779,162.56
37794,160.02
37810,160.02
37826,162.56
37841,160.02
37858,160.02
37873,162.56
37889,162.56
37905,162.56
37920,160.02
37937,160.02
37952,160.02
37968,160.02
37984,160.02
37999,160.02
38016,162.56
38031,162.56
38047,162.56
38063,160.02
38079,162.56
38094,160.02
38110,162.56
38126,162.56
38141,162.56
38158,162.56
38173,162.56
38189,162.56
38205,162.56
38220,162.56
38237,162.56
38252,162.56
38268,165.10
38284,165.10
38299,165.10
38316,165.10
38331,119.38
38347,119.38
38363,119.38
38379,114.30
38394,116.84
38410,116.84
38426,111.76
38441,111.76
38458,111.76
38473,111.76
38489,114.30
38505,111.76
38520,111.76
38537,111.76
38552,111.76
38568,114.30
38584,111.76
38599,111.76
38616,111.76
38631,111.76
38647,111.76
38663,111.76
38679,111.76
38694,114.30
38710,111.76
38726,111.76
38742,111.76
38758,111.76
38773,114.30
38789,114.30
38805,114.30
38820,114.30
38837,114.30
38852,114.30
38868,111.76
38884,114.30
38899,111.76
38916,114.30
38931,114.30
38947,114.30
38963,114.30
38979,114.30
38994,114.30
39010,114.30
39026,162.56
39042,160.02
39058,160.02
39073,157.48
39089,157.48
39105,157.48
39120,160.02
39137,157.48
39152,160.02
39169,162.56
39184,157.48
39199,157.48
39216,106.68
39231,129.54
39247,129.54
39263,127.00
39278,157.48
39294,157.48
39310,157.48
39326,127.00
39342,127.00
39358,129.54
39373,127.00
39389,127.00
39405,127.00
39420,124.46
39437,124.46
39452,124.46
39469,111.76
39484,111.76
39499,111.76
39516,111.76
39531,111.76
39547,111.76
39563,111.76
39578,111.76
39595,111.76
39610,111.76
39626,109.22
39642,111.76
39658,111.76
39673,109.22
-1,-1
40689,109.22
40705,109.22
40721,109.22
40736,109.22
40753,109.22
40768,109.22
40784,109.22
40800,109.22
40815,109.22
40832,109.22
40847,111.76
40863,111.76
40879,109.22
40895,109.22
40910,109.22
40926,109.22
40942,109.22
40957,109.22
40974,109.22
40989,111.76
41005,109.22
41021,109.22
41036,109.22
41053,111.76
41068,111.76
41084,111.76
41100,111.76
41115,111.76
41132,111.76
41147,111.76
41163,111.76
41179,111.76
41194,111.76
41210,127.00
41226,127.00
41242,129.54
41257,127.00
41274,129.54
41289,127.00
41305,127.00
41321,124.46
41336,127.00
41353,160.02
41368,157.48
41383,157.48
41400,157.48
41415,157.48
41432,157.48
41447,160.02
41463,157.48
41479,157.48
41494,160.02
41510,157.48
41526,160.02
41542,157.48
41558,160.02
41574,157.48
41589,157.48
41605,157.48
41621,157.48
41636,157.48
41653,114.30
41668,116.84
41683,114.30
41700,114.30
41715,116.84
41732,116.84
41747,111.76
41763,111.76
41779,111.76
41794,114.30
41810,111.76
41826,111.76
41842,111.76
41858,111.76
41873,111.76
41889,111.76
41905,111.76
41921,114.30
41936,114.30
41953,111.76
41968,111.76
41984,111.76
42000,111.76
42015,111.76
42032,111.76
42047,111.76
42063,111.76
42079,111.76
42094,111.76
42110,114.30
42126,111.76
42142,111.76
42158,111.76
42173,111.76
42189,111.76
42205,111.76
42221,111.76
42236,119.38
42253,114.30
42268,114.30
42284,114.30
42300,114.30
42315,114.30
42332,114.30
42347,114.30
42363,114.30
42379,114.30
42394,162.56
42411,162.56
42426,162.56
42442,162.56
42458,162.56
42473,165.10
42489,160.02
42505,160.02
42521,162.56
42536,160.02
42553,162.56
42568,160.02
42584,165.10
42600,162.56
42615,162.56
42632,162.56
42647,160.02
42662,160.02
42679,162.56
42694,162.56
42711,162.56
42726,162.56
42742,162.56
42758,162.56
42773,162.56
42789,160.02
42805,160.02
42821,162.56
42836,162.56
42853,162.56
42868,160.02
42884,160.02
42900,160.02
42915,160.02
42932,160.02
42947,162.56
42962,160.02
42979,160.02
42994,160.02
43011,160.02
43026,160.02
43042,162.56
43058,162.56
43073,162.56
43089,162.56
43105,162.56
43121,162.56
43137,167.64
43152,165.10
43168,165.10
43184,165.10
43200,363.22
43215,363.22
43232,358.14
43247,368.30
43262,368.30
43279,368.30
43294,365.76
43311,363.22
43326,363.22
43342,368.30
43358,370.84
43373,368.30
-1,-1
44389,365.76
44405,365.76
44421,368.30
44437,373.38
44452,370.84
44469,370.84
44484,365.76
44499,365.76
44516,368.30
44531,365.76
44548,365.76
44563,368.30
44578,375.92
44595,375.92
44610,375.92
44626,373.38
44642,375.92
44658,375.92
44674,373.38
44689,368.30
44705,370.84
44721,370.84
44737,368.30
44752,370.84
44769,368.30
44784,368.30
44800,368.30
44816,370.84
44831,363.22
44848,363.22
44863,365.76
44879,370.84
44895,370.84
44910,370.84
44926,167.64
44942,170.18
44958,170.18
44974,165.10
44989,165.10
45005,165.10
45021,162.56
45037,162.56
45052,162.56
45069,162.56
45084,162.56
45100,162.56
45116,162.56
45131,162.56
45148,160.02
45163,160.02
45179,162.56
45195,162.56
45210,162.56
45227,160.02
45242,162.56
45258,162.56
45274,160.02
45289,160.02
45305,160.02
45321,162.56
45337,162.56
45352,160.02
45369,160.02
45384,160.02
45400,160.02
45416,160.02
45431,162.56
45448,162.56
45463,162.56
45478,162.56
45495,162.56
45510,162.56
45527,162.56
45542,162.56
45558,162.56
45574,160.02
45589,162.56
45605,165.10
45621,162.56
45637,165.10
45652,162.56
45669,162.56
45684,162.56
45700,165.10
45716,119.38
45731,119.38
45748,119.38
45763,116.84
45778,116.84
45795,116.84
45810,114.30
45827,114.30
45842,114.30
45858,114.30
45874,114.30
45889,114.30
45905,111.76
45921,111.76
45937,111.76
45953,111.76
45969,111.76
45984,111.76
46000,55.88
46016,55.88
46031,58.42
46048,58.42
46063,114.30
46078,114.30
46095,111.76
46110,111.76
46127,111.76
46142,111.76
46157,111.76
46174,111.76
46189,111.76
46205,111.76
46221,114.30
46237,114.30
46253,111.76
46268,111.76
46284,111.76
46300,111.76
46316,111.76
46331,111.76
46347,119.38
46363,116.84
46379,116.84
46395,116.84
46410,114.30
46427,114.30
46442,116.84
46457,160.02
46474,160.02
46489,157.48
46505,160.02
46521,160.02
46537,160.02
46553,157.48
46568,160.02
46584,160.02
46600,160.02
46616,157.48
46631,157.48
46647,157.48
46663,160.02
46679,160.02
46695,119.38
46710,127.00
46727,127.00
46742,127.00
46757,127.00
46774,127.00
46789,127.00
46806,127.00
46821,129.54
46836,129.54
46853,114.30
46868,116.84
46884,116.84
46900,111.76
46916,111.76
46931,111.76
46947,111.76
46963,111.76
46979,111.76
46995,109.22
47010,109.22
47027,111.76
47042,109.22
47057,109.22
47074,109.22
-1,-1
48090,111.76
48105,111.76
48121,111.76
48137,109.22
48153,109.22
48168,109.22
48184,111.76
48200,111.76
48216,111.76
48232,109.22
48247,109.22
48263,109.22
48279,109.22
48294,109.22
48311,111.76
48326,109.22
48343,109.22
48358,109.22
48373,111.76
48390,109.22
48405,109.22
48421,109.22
48437,109.22
48453,109.22
48468,109.22
48484,109.22
48500,109.22
48516,109.22
48532,111.76
48547,111.76
48563,111.76
48579,111.76
48594,111.76
48611,111.76
48626,129.54
48643,127.00
48658,127.00
48673,127.00
48690,127.00
48705,127.00
48721,127.00
48737,160.02
48752,160.02
48769,160.02
48784,106.68
48800,104.14
48816,106.68
48832,157.48
48847,157.48
48863,157.48
48879,157.48
48894,160.02
48911,157.48
48926,157.48
48942,160.02
48958,157.48
48973,160.02
48990,160.02
49005,157.48
49021,160.02
49037,157.48
49052,157.48
49069,124.46
49084,116.84
49100,119.38
49116,119.38
49132,114.30
49147,114.30
49163,114.30
49179,114.30
49195,114.30
49211,114.30
49226,111.76
49242,111.76
49258,111.76
49273,111.76
49290,111.76
49305,111.76
49321,111.76
49337,111.76
49352,111.76
49369,111.76
49384,111.76
49400,111.76
49416,111.76
49432,111.76
49447,111.76
49463,114.30
49479,111.76
49495,111.76
49511,114.30
49526,111.76
49542,114.30
49558,114.30
49573,114.30
49590,114.30
49605,114.30
49622,114.30
49637,114.30
49652,114.30
49669,114.30
49684,114.30
49700,114.30
49716,165.10
49732,162.56
49747,162.56
49763,162.56
49779,162.56
49795,162.56
49811,162.56
49826,165.10
49842,165.10
49858,165.10
49873,160.02
49890,160.02
49905,160.02
49922,160.02
49937,160.02
49952,160.02
49969,162.56
49984,162.56
50000,162.56
50016,160.02
50031,162.56
50048,162.56
50063,160.02
50079,160.02
50095,160.02
50111,160.02
50126,162.56
50142,162.56
50158,160.02
50173,160.02
50190,162.56
50205,162.56
50222,160.02
50237,160.02
50252,162.56
50269,160.02
50284,160.02
50300,160.02
50316,160.02
50331,160.02
50348,160.02
50363,162.56
50379,160.02
50395,160.02
50411,160.02
50426,162.56
50442,160.02
50458,121.92
50473,129.54
50490,129.54
50505,129.54
50521,162.56
50537,162.56
50552,162.56
50569,289.56
50584,358.14
50600,355.60
50616,355.60
50631,365.76
50648,365.76
50663,368.30
50679,363.22
50695,365.76
50711,365.76
50726,365.76
50742,363.22
50758,365.76
50774,370.84
-1,-1
51789,294.64
51806,297.18
51821,365.76
51837,365.76
51853,363.22
51868,312.42
51885,297.18
51900,297.18
51916,292.10
51932,294.64
51948,294.64
51963,294.64
51979,294.64
51995,294.64
52011,297.18
52027,297.18
52042,297.18
52058,365.76
52074,365.76
52089,368.30
52106,365.76
52121,365.76
52137,365.76
52153,365.76
52168,368.30
52185,365.76
52200,365.76
52216,360.68
52232,363.22
52248,170.18
52263,170.18
52279,170.18
52295,165.10
52311,165.10
52327,167.64
52342,162.56
52358,162.56
52374,165.10
52389,119.38
52406,119.38
52421,119.38
52438,121.92
52453,160.02
52468,160.02
52485,160.02
52500,160.02
52516,160.02
52532,160.02
52548,160.02
52563,160.02
52579,160.02
52595,160.02
52611,160.02
52627,160.02
52642,160.02
52658,160.02
52674,160.02
52689,160.02
52706,160.02
52721,160.02
52738,167.64
52753,160.02
52768,160.02
52785,160.02
52800,160.02
52816,160.02
52832,160.02
52847,162.56
52864,160.02
52879,160.02
52895,160.02
52911,162.56
52927,162.56
52942,160.02
52958,160.02
52974,162.56
52989,160.02
53006,160.02
53021,160.02
53037,162.56
53053,162.56
53068,162.56
53085,119.38
53100,114.30
53116,116.84
53132,114.30
53147,114.30
53164,114.30
53179,114.30
53195,114.30
53211,116.84
53227,116.84
53242,111.76
53258,111.76
53274,111.76
53289,111.76
53306,111.76
53321,111.76
53337,53.34
53353,53.34
53368,53.34
53385,111.76
53400,111.76
53415,111.76
53432,116.84
53447,111.76
53464,111.76
53479,111.76
53495,111.76
53511,114.30
53526,106.68
53542,111.76
53558,111.76
53574,111.76
53590,111.76
53605,111.76
53621,111.76
53637,114.30
53653,114.30
53668,114.30
53685,114.30
53700,114.30
53715,114.30
53732,114.30
53747,114.30
53764,114.30
53779,116.84
53795,116.84
53811,116.84
53826,132.08
53842,157.48
53858,157.48
53874,157.48
53890,157.48
53905,157.48
53921,157.48
53937,160.02
53953,157.48
53968,157.48
53985,157.48
54000,160.02
54016,157.48
54032,157.48
54047,157.48
54064,157.48
54079,129.54
54094,129.54
54111,129.54
54126,127.00
54142,127.00
54158,127.00
54174,124.46
54190,124.46
54205,124.46
54221,129.54
54237,127.00
54253,127.00
54268,101.60
54285,111.76
54300,111.76
54316,111.76
54332,114.30
54347,114.30
54364,114.30
54379,111.76
54394,111.76
54411,111.76
54426,109.22
54443,109.22
54458,109.22
54474,109.22
-1,-1
55490,109.22
55505,109.22
55521,109.22
55537,109.22
55553,111.76
55569,109.22
55584,109.22
55601,109.22
55616,109.22
55631,111.76
55648,109.22
55663,109.22
55680,109.22
55695,109.22
55711,109.22
55727,109.22
55742,109.22
55758,109.22
55774,109.22
55790,111.76
55805,109.22
55822,109.22
55837,111.76
55853,109.22
55869,109.22
55884,109.22
55901,109.22
55916,111.76
55931,111.76
55948,111.76
55963,111.76
55980,111.76
55995,111.76
56011,111.76
56027,111.76
56042,111.76
56058,124.46
56074,124.46
56090,124.46
56105,129.54
56122,127.00
56137,129.54
56153,137.16
56169,157.48
56184,157.48
56201,111.76
56216,104.14
56231,104.14
56248,109.22
56263,160.02
56280,157.48
56295,157.48
56311,157.48
56327,157.48
56342,157.48
56358,157.48
56374,157.48
56390,157.48
56406,157.48
56422,157.48
56437,157.48
56453,119.38
56469,119.38
56484,119.38
56501,114.30
56516,114.30
56531,116.84
56548,114.30
56563,114.30
56580,114.30
56595,114.30
56611,111.76
56627,111.76
56642,111.76
56658,111.76
56674,111.76
56690,111.76
56706,114.30
56722,111.76
56737,111.76
56753,111.76
56769,111.76
56784,111.76
56801,111.76
56816,111.76
56832,114.30
56848,111.76
56863,111.76
56880,111.76
56895,111.76
56911,111.76
56927,114.30
56942,111.76
56958,111.76
56974,114.30
56990,111.76
57006,114.30
57022,114.30
57037,114.30
57053,114.30
57069,114.30
57084,114.30
57101,162.56
57116,162.56
57132,165.10
57148,162.56
57163,162.56
57180,162.56
57195,162.56
57211,162.56
57227,165.10
57242,165.10
57259,160.02
57274,162.56
57290,162.56
57306,162.56
57322,162.56
57337,162.56
57353,162.56
57369,162.56
57384,162.56
57401,160.02
57416,162.56
57432,160.02
57448,162.56
57463,160.02
57480,162.56
57495,162.56
57511,160.02
57527,162.56
57542,160.02
57559,162.56
57574,162.56
57590,160.02
57606,160.02
57622,160.02
57637,162.56
57653,160.02
57669,160.02
57684,160.02
57701,160.02
57716,162.56
57732,162.56
57748,160.02
57763,160.02
57780,160.02
57795,162.56
57811,160.02
57827,162.56
57842,162.56
57859,162.56
57874,162.56
57890,162.56
57906,162.56
57921,162.56
57937,162.56
57953,162.56
57969,162.56
57985,162.56
58001,365.76
58016,360.68
58032,238.76
58048,121.92
58063,121.92
58080,121.92
58095,119.38
58112,119.38
58127,119.38
58142,119.38
58159,365.76
58174,363.22
-1,-1
59190,292.10
59206,292.10
59222,292.10
59238,365.76
59253,363.22
59269,363.22
59285,365.76
59300,378.46
59317,378.46
59332,375.92
59348,365.76
59364,368.30
59379,370.84
59396,365.76
59411,365.76
59427,365.76
59443,365.76
59458,365.76
59474,368.30
59490,365.76
59506,368.30
59522,368.30
59538,365.76
59553,363.22
59569,365.76
59585,368.30
59600,365.76
59617,297.18
59632,121.92
59649,124.46
59664,124.46
59679,165.10
59696,165.10
59711,165.10
59727,162.56
59743,162.56
59759,162.56
59774,116.84
59790,119.38
59806,119.38
59822,165.10
59838,160.02
59853,160.02
59869,160.02
59885,160.02
59900,160.02
59917,162.56
59932,162.56
59949,162.56
59964,162.56
59979,160.02
59996,162.56
60011,160.02
60027,160.02
60043,160.02
60058,162.56
60075,160.02
60090,160.02
60106,160.02
60122,160.02
60138,160.02
60153,160.02
60169,160.02
60185,160.02
60200,162.56
60217,162.56
60232,162.56
60249,162.56
60264,160.02
60279,160.02
60296,160.02
60311,160.02
60327,160.02
60343,162.56
60358,162.56
60375,162.56
60390,162.56
60406,162.56
60422,162.56
60438,162.56
60453,162.56
60469,162.56
60485,162.56
60500,162.56
60517,114.30
60532,114.30
60549,116.84
60564,114.30
60579,114.30
60596,114.30
60611,114.30
60627,114.30
60643,114.30
60658,111.76
60675,111.76
60690,111.76
60706,55.88
60722,50.80
60737,53.34
60753,55.88
60769,111.76
60785,111.76
60801,111.76
60817,111.76
60832,111.76
60848,111.76
60864,111.76
60879,111.76
60896,111.76
60911,111.76
60926,114.30
60943,114.30
60958,114.30
60975,114.30
60990,114.30
61006,114.30
61022,114.30
61037,114.30
61053,119.38
61069,114.30
61085,114.30
61101,116.84
61117,114.30
61132,114.30
61148,114.30
61164,116.84
61179,116.84
61196,119.38
61211,157.48
61227,157.48
61243,157.48
61258,157.48
61275,157.48
61290,154.94
61306,157.48
61322,157.48
61337,157.48
61353,165.10
61369,160.02
61385,157.48
61401,160.02
61417,157.48
61432,157.48
61448,157.48
61464,157.48
61479,160.02
61496,157.48
61511,104.14
61527,104.14
61543,106.68
61558,124.46
61575,124.46
61590,124.46
61606,127.00
61622,127.00
61637,127.00
61654,114.30
61669,114.30
61685,114.30
61701,114.30
61716,114.30
61732,111.76
61748,111.76
61764,111.76
61779,114.30
61796,111.76
61811,109.22
61827,109.22
61843,111.76
61858,109.22
61875,109.22
-1,-1
62891,109.22
62906,109.22
62922,109.22
62938,109.22
62953,109.22
62969,109.22
62985,109.22
63001,109.22
63016,109.22
63033,109.22
63048,111.76
63064,111.76
63080,111.76
63095,109.22
63112,109.22
63127,109.22
63143,109.22
63159,109.22
63174,109.22
63191,109.22
63206,109.22
63222,109.22
63238,109.22
63253,109.22
63269,109.22
63285,109.22
63301,109.22
63316,109.22
63333,109.22
63348,109.22
63364,111.76
63380,116.84
63395,111.76
63412,111.76
63427,111.76
63443,111.76
63459,111.76
63474,111.76
63491,124.46
63506,124.46
63522,124.46
63538,129.54
63553,129.54
63569,129.54
63585,129.54
63601,129.54
63617,129.54
63633,154.94
63648,157.48
63664,157.48
63680,162.56
63695,157.48
63712,157.48
63727,157.48
63744,160.02
63759,157.48
63774,160.02
63791,157.48
63806,157.48
63822,160.02
63838,114.30
63853,114.30
63869,116.84
63885,116.84
63901,114.30
63917,116.84
63933,114.30
63948,114.30
63964,114.30
63980,114.30
63995,114.30
64012,116.84
64027,111.76
64044,111.76
64059,111.76
64074,111.76
64091,114.30
64106,114.30
64122,111.76
64138,111.76
64153,114.30
64169,111.76
64185,111.76
64201,111.76
64217,111.76
64233,111.76
64248,111.76
64264,111.76
64280,111.76
64295,111.76
64312,111.76
64327,111.76
64344,111.76
64359,111.76
64374,116.84
64391,116.84
64406,116.84
64422,114.30
64438,114.30
64453,114.30
64470,114.30
64485,114.30
64501,114.30
64517,114.30
64533,162.56
64548,162.56
64564,162.56
64580,162.56
64595,162.56
64612,162.56
64627,162.56
64644,162.56
64659,162.56
64674,162.56
64691,162.56
64706,162.56
64722,165.10
64738,162.56
64753,162.56
64770,162.56
64785,160.02
64801,162.56
64817,160.02
64833,160.02
64848,160.02
64864,160.02
64880,160.02
64896,162.56
64912,160.02
64927,162.56
64943,162.56
64959,162.56
64974,162.56
64991,162.56
65006,160.02
65022,162.56
65038,160.02
65053,160.02
65070,160.02
65085,160.02
65101,162.56
65117,160.02
65133,162.56
65148,160.02
65164,160.02
65180,160.02
65196,162.56
65212,160.02
65227,162.56
65243,162.56
65259,162.56
65274,162.56
65291,162.56
65306,165.10
65323,162.56
65338,162.56
65353,162.56
65370,132.08
65385,134.62
65401,132.08
65417,132.08
65432,350.52
65448,347.98
65464,350.52
65480,365.76
65496,365.76
65512,363.22
65527,355.60
65543,355.60
65559,355.60
65574,337.82
-1,-1
66590,297.18
66607,297.18
66622,292.10
66638,292.10
66654,292.10
66669,292.10
66685,292.10
66701,294.64
66717,292.10
66733,292.10
66749,292.10
66764,292.10
66780,292.10
66796,294.64
66811,314.96
66828,378.46
66843,375.92
66860,365.76
66875,314.96
66890,299.72
66907,302.26
66922,368.30
66938,370.84
66954,368.30
66969,365.76
66985,365.76
67001,365.76
67017,365.76
67033,365.76
67049,167.64
67064,165.10
67080,165.10
67096,165.10
67111,162.56
67128,165.10
67143,162.56
67160,162.56
67175,165.10
67190,165.10
67207,162.56
67222,160.02
67238,162.56
67254,160.02
67269,162.56
67286,162.56
67301,160.02
67317,160.02
67333,160.02
67349,162.56
67364,160.02
67380,162.56
67396,160.02
67411,160.02
67428,162.56
67443,160.02
67460,160.02
67475,160.02
67490,162.56
67507,162.56
67522,160.02
67538,160.02
67554,160.02
67569,162.56
67586,162.56
67601,160.02
67617,160.02
67633,160.02
67649,160.02
67664,160.02
67680,160.02
67696,160.02
67712,162.56
67728,162.56
67743,160.02
67759,160.02
67775,160.02
67790,167.64
67807,167.64
67822,165.10
67838,165.10
67854,165.10
67869,165.10
67886,165.10
67901,162.56
67917,162.56
67933,162.56
67949,162.56
67964,162.56
67980,162.56
67996,119.38
68012,119.38
68028,119.38
68043,114.30
68059,116.84
68075,114.30
68090,111.76
68107,111.76
68122,111.76
68139,111.76
68154,111.76
68169,114.30
68186,111.76
68201,111.76
68217,111.76
68233,114.30
68249,114.30
68264,111.76
68280,114.30
68296,111.76
68312,111.76
68328,114.30
68343,111.76
68359,111.76
68375,111.76
68390,111.76
68407,114.30
68422,114.30
68439,111.76
68454,111.76
68469,111.76
68486,116.84
68501,116.84
68517,116.84
68533,114.30
68549,114.30
68564,114.30
68580,114.30
68596,114.30
68612,114.30
68628,114.30
68643,160.02
68659,160.02
68675,160.02
68690,157.48
68707,157.48
68722,157.48
68739,157.48
68754,157.48
68769,157.48
68786,157.48
68801,157.48
68817,157.48
68833,104.14
68849,106.68
68865,104.14
68880,129.54
68896,129.54
68912,129.54
68928,129.54
68943,127.00
68959,127.00
68975,129.54
68990,127.00
69007,127.00
69022,127.00
69039,114.30
69054,114.30
69069,114.30
69086,111.76
69101,111.76
69117,114.30
69133,111.76
69148,114.30
69165,111.76
69180,109.22
69196,111.76
69212,111.76
69228,109.22
69243,109.22
69259,109.22
69275,109.22
-1,-1
70291,111.76
70306,109.22
70323,109.22
70338,109.22
70354,109.22
70370,109.22
70385,109.22
70402,109.22
70417,109.22
70433,109.22
70449,109.22
70465,109.22
70480,109.22
70496,109.22
70512,109.22
70528,109.22
70544,111.76
70559,109.22
70575,109.22
70591,109.22
70606,109.22
70623,109.22
70638,109.22
70654,109.22
70670,109.22
70685,109.22
70702,109.22
70717,111.76
70733,111.76
70749,111.76
70764,111.76
70780,111.76
70796,111.76
70812,111.76
70828,111.76
70844,111.76
70859,132.08
70875,127.00
70891,129.54
70906,127.00
70923,124.46
70938,124.46
70955,127.00
70970,129.54
70985,129.54
71002,129.54
71017,157.48
71033,157.48
71049,157.48
71064,157.48
71080,157.48
71096,160.02
71112,160.02
71128,157.48
71144,157.48
71159,157.48
71175,157.48
71191,160.02
71206,157.48
71223,157.48
71238,157.48
71254,160.02
71270,157.48
71285,157.48
71302,157.48
71317,119.38
71333,119.38
71349,119.38
71364,114.30
71380,114.30
71396,114.30
71412,114.30
71428,111.76
71444,111.76
71459,111.76
71475,111.76
71491,111.76
71506,111.76
71523,111.76
71538,111.76
71554,114.30
71570,111.76
71585,111.76
71602,111.76
71617,114.30
71633,114.30
71649,111.76
71664,111.76
71681,111.76
71696,114.30
71712,111.76
71728,111.76
71744,114.30
71759,111.76
71775,114.30
71791,114.30
71806,111.76
71823,111.76
71838,111.76
71854,114.30
71870,114.30
71885,114.30
71902,121.92
71917,121.92
71933,121.92
71949,119.38
71964,165.10
71981,165.10
71996,162.56
72012,162.56
72028,162.56
72044,162.56
72059,162.56
72075,165.10
72091,165.10
72107,165.10
72123,162.56
72138,162.56
72154,162.56
72170,160.02
72185,160.02
72202,160.02
72217,160.02
72233,160.02
72249,160.02
72264,160.02
72281,160.02
72296,160.02
72312,162.56
72328,160.02
72343,162.56
72359,160.02
72375,160.02
72391,160.02
72407,160.02
72423,160.02
72438,160.02
72454,162.56
72470,160.02
72485,160.02
72502,160.02
72517,160.02
72532,162.56
72549,162.56
72564,162.56
72581,162.56
72596,162.56
72612,162.56
72628,162.56
72643,167.64
72659,162.56
72675,162.56
72691,162.56
72707,162.56
72723,162.56
72738,162.56
72754,345.44
72770,363.22
72785,360.68
72802,165.10
72817,167.64
72833,167.64
72849,167.64
72864,360.68
72881,360.68
72896,358.14
72912,370.84
72928,368.30
72943,365.76
72960,363.22
72975,363.22
-1,-1
73991,299.72
74007,365.76
74022,365.76
74039,365.76
74054,370.84
74070,368.30
74086,370.84
74101,370.84
74118,370.84
74133,370.84
74149,368.30
74165,368.30
74180,370.84
74196,368.30
74212,365.76
74228,368.30
74244,350.52
74260,353.06
74275,355.60
74291,370.84
74307,365.76
74322,368.30
74339,368.30
74354,365.76
74371,365.76
74386,121.92
74401,124.46
74418,124.46
74433,124.46
74449,360.68
74465,360.68
74480,170.18
74497,167.64
74512,167.64
74528,165.10
74544,162.56
74560,165.10
74575,165.10
74591,165.10
74607,165.10
74622,165.10
74639,162.56
74654,162.56
74671,162.56
74686,162.56
74701,162.56
74718,162.56
74733,162.56
74749,160.02
74765,160.02
74780,162.56
74797,162.56
74812,160.02
74828,160.02
74844,160.02
74860,162.56
74875,162.56
74891,160.02
74907,162.56
74923,165.10
74939,160.02
74954,160.02
74971,160.02
74986,160.02
75001,160.02
75018,160.02
75033,162.56
75049,162.56
75065,162.56
75080,162.56
75097,162.56
75112,162.56
75128,160.02
75144,160.02
75160,162.56
75175,162.56
75191,160.02
75207,160.02
75223,162.56
75239,165.10
75254,162.56
75271,162.56
75286,162.56
75301,165.10
75318,162.56
75333,162.56
75350,162.56
75365,101.60
75380,114.30
75397,116.84
75412,116.84
75428,116.84
75444,116.84
75460,116.84
75475,114.30
75491,114.30
75507,114.30
75523,111.76
75539,114.30
75554,111.76
75571,114.30
75586,114.30
75601,116.84
75618,111.76
75633,111.76
75650,114.30
75665,119.38
75680,119.38
75697,119.38
75712,116.84
75728,111.76
75744,111.76
75760,114.30
75776,111.76
75791,111.76
75807,111.76
75823,111.76
75839,114.30
75854,114.30
75871,114.30
75886,114.30
75901,114.30
75918,116.84
75933,114.30
75950,114.30
75965,114.30
75980,114.30
75997,114.30
76012,139.70
76028,160.02
76044,160.02
76060,160.02
76076,157.48
76091,157.48
76107,160.02
76123,157.48
76139,157.48
76154,157.48
76171,157.48
76186,157.48
76201,157.48
76218,160.02
76233,157.48
76250,157.48
76265,157.48
76280,157.48
76297,160.02
76312,129.54
76328,127.00
76344,129.54
76360,127.00
76376,127.00
76391,127.00
76407,124.46
76423,124.46
76439,124.46
76454,106.68
76471,114.30
76486,111.76
76502,114.30
76518,114.30
76533,114.30
76550,114.30
76565,109.22
76580,109.22
76597,111.76
76612,109.22
76628,109.22
76644,109.22
76660,109.22
76676,109.22
-1,-1
77691,109.22
77708,109.22
77723,109.22
77739,109.22
77755,109.22
77770,109.22
77787,109.22
77802,109.22
77817,109.22
77834,111.76
77849,109.22
77865,109.22
77881,109.22
77897,109.22
77913,109.22
77928,109.22
77944,111.76
77960,111.76
77976,111.76
77991,109.22
78008,109.22
78023,111.76
78039,111.76
78055,109.22
78070,111.76
78087,111.76
78102,109.22
78117,109.22
78134,109.22
78149,109.22
78166,109.22
78181,111.76
78197,111.76
78213,111.76
78228,111.76
78244,111.76
78260,111.76
78276,111.76
78291,124.46
78308,124.46
78323,124.46
78339,129.54
78355,127.00
78370,127.00
78387,127.00
78402,160.02
78417,160.02
78434,160.02
78449,157.48
78466,157.48
78481,157.48
78497,157.48
78513,157.48
78528,157.48
78544,157.48
78560,157.48
78576,157.48
78592,157.48
78608,160.02
78623,157.48
78639,157.48
78655,157.48
78670,157.48
78687,116.84
78702,119.38
78717,119.38
78734,114.30
78749,116.84
78766,114.30
78781,116.84
78797,111.76
78813,111.76
78828,111.76
78844,114.30
78860,116.84
78876,114.30
78892,111.76
78908,111.76
78923,111.76
78939,111.76
78955,111.76
78970,111.76
78987,111.76
79002,111.76
79017,111.76
79034,111.76
79049,111.76
79066,111.76
79081,114.30
79097,111.76
79113,111.76
79128,111.76
79144,111.76
79160,111.76
79176,111.76
79192,111.76
79208,114.30
79223,111.76
79239,114.30
79255,116.84
79270,114.30
79287,162.56
79302,162.56
79318,162.56
79334,116.84
79349,119.38
79366,119.38
79381,165.10
79397,162.56
79413,162.56
79428,162.56
79444,162.56
79460,162.56
79476,162.56
79492,160.02
79508,162.56
79523,162.56
79539,162.56
79555,162.56
79570,162.56
79587,162.56
79602,160.02
79618,160.02
79634,160.02
79649,160.02
79666,162.56
79681,162.56
79697,160.02
79713,160.02
79728,160.02
79745,160.02
79760,160.02
79776,162.56
79792,162.56
79808,160.02
79823,160.02
79839,160.02
79855,160.02
79870,160.02
79887,162.56
79902,162.56
79918,162.56
79934,160.02
79949,162.56
79966,160.02
79981,162.56
79997,160.02
80013,160.02
80028,162.56
80045,162.56
80060,162.56
80076,162.56
80092,162.56
80108,162.56
80123,165.10
80139,162.56
80155,162.56
80171,162.56
80187,365.76
80202,363.22
80218,358.14
80234,353.06
80249,353.06
80266,353.06
80281,360.68
80297,363.22
80313,365.76
80328,365.76
80345,358.14
80360,360.68
80376,360.68
-1,-1
81392,292.10
81408,292.10
81424,294.64
81439,292.10
81455,292.10
81471,363.22
81486,373.38
81503,370.84
81518,355.60
81534,307.34
81550,294.64
81565,294.64
81582,365.76
81597,365.76
81613,365.76
81629,353.06
81645,355.60
81660,353.06
81676,365.76
81692,368.30
81708,368.30
81724,365.76
81739,363.22
81756,365.76
81771,365.76
81786,365.76
81803,365.76
81818,353.06
81835,353.06
81850,355.60
81865,360.68
81882,365.76
81897,365.76
81913,165.10
81929,167.64
81945,167.64
81960,162.56
81976,165.10
81992,167.64
82008,160.02
82024,160.02
82039,162.56
82056,160.02
82071,162.56
82086,162.56
82103,162.56
82118,162.56
82135,162.56
82150,162.56
82165,162.56
82182,160.02
82197,162.56
82213,160.02
82229,162.56
82245,162.56
82260,160.02
82276,160.02
82292,160.02
82308,162.56
82324,162.56
82339,162.56
82356,160.02
82371,160.02
82386,160.02
82403,162.56
82418,160.02
82435,160.02
82450,160.02
82465,160.02
82482,160.02
82497,160.02
82513,160.02
82529,160.02
82545,162.56
82561,160.02
82576,160.02
82592,160.02
82608,167.64
82624,167.64
82639,167.64
82655,162.56
82671,165.10
82686,165.10
82703,162.56
82718,165.10
82735,165.10
82750,162.56
82765,162.56
82782,162.56
82797,55.88
82813,58.42
82829,58.42
82844,116.84
82861,114.30
82876,114.30
82892,53.34
82908,50.80
82923,50.80
82939,53.34
82955,111.76
82971,111.76
82987,88.90
83002,53.34
83018,53.34
83034,53.34
83050,111.76
83065,111.76
83081,111.76
83097,111.76
83112,111.76
83129,111.76
83144,111.76
83160,111.76
83176,111.76
83191,111.76
83208,111.76
83223,111.76
83239,111.76
83255,111.76
83270,111.76
83287,111.76
83302,114.30
83318,114.30
83334,116.84
83349,114.30
83365,114.30
83381,114.30
83397,116.84
83412,116.84
83429,116.84
83444,160.02
83460,157.48
83476,154.94
83491,160.02
83508,162.56
83523,160.02
83539,157.48
83555,160.02
83570,160.02
83587,160.02
83602,157.48
83618,157.48
83634,157.48
83649,127.00
83665,127.00
83681,129.54
83697,127.00
83713,127.00
83729,129.54
83744,124.46
83760,124.46
83776,124.46
83791,127.00
83808,127.00
83823,127.00
83838,111.76
83855,111.76
83870,114.30
83887,114.30
83902,111.76
83918,114.30
83934,109.22
83949,111.76
83965,109.22
83981,111.76
83997,109.22
84013,109.22
84029,111.76
84044,109.22
84060,109.22
84076,109.22
-1,-1
85092,114.30
85107,114.30
85124,109.22
85139,109.22
85155,111.76
85171,114.30
85186,111.76
85202,111.76
85218,111.76
85234,109.22
85250,109.22
85265,109.22
85281,109.22
85297,109.22
85313,111.76
85328,111.76
85345,109.22
85360,109.22
85376,111.76
85392,111.76
85407,111.76
85424,111.76
85439,111.76
85455,111.76
85471,109.22
85486,109.22
85502,109.22
85518,109.22
85534,111.76
85550,111.76
85565,119.38
85581,111.76
85597,111.76
85613,111.76
85628,111.76
85645,111.76
85660,111.76
85676,129.54
85692,129.54
85707,129.54
85724,127.00
85739,127.00
85755,127.00
85771,129.54
85786,127.00
85803,127.00
85818,127.00
85834,129.54
85850,129.54
85865,137.16
85881,157.48
85897,157.48
85913,157.48
85928,160.02
85945,160.02
85960,157.48
85976,157.48
85992,157.48
86007,157.48
86024,157.48
86039,157.48
86054,160.02
86071,116.84
86086,116.84
86103,116.84
86118,114.30
86134,114.30
86150,114.30
86165,111.76
86181,111.76
86197,111.76
86213,114.30
86228,114.30
86245,111.76
86260,114.30
86276,114.30
86292,114.30
86307,114.30
86324,111.76
86339,111.76
86354,114.30
86371,114.30
86386,114.30
86403,111.76
86418,111.76
86434,111.76
86450,111.76
86465,111.76
86481,111.76
86497,111.76
86513,111.76
86529,111.76
86545,111.76
86560,111.76
86576,111.76
86592,111.76
86607,119.38
86624,119.38
86639,121.92
86654,119.38
86671,116.84
86686,114.30
86703,116.84
86718,114.30
86734,116.84
86750,114.30
86765,162.56
86781,162.56
86797,162.56
86813,165.10
86829,165.10
86845,162.56
86860,160.02
86876,160.02
86892,162.56
86907,160.02
86924,160.02
86939,160.02
86955,160.02
86971,160.02
86986,160.02
87003,160.02
87018,160.02
87034,160.02
87050,160.02
87065,160.02
87081,160.02
87097,160.02
87113,160.02
87129,160.02
87144,160.02
87160,160.02
87176,160.02
87192,160.02
87207,160.02
87224,160.02
87239,160.02
87255,162.56
87271,160.02
87286,160.02
87303,160.02
87318,160.02
87333,162.56
87350,162.56
87365,162.56
87382,162.56
87397,162.56
87413,160.02
87429,162.56
87444,160.02
87460,162.56
87476,162.56
87492,162.56
87507,165.10
87524,162.56
87539,165.10
87555,165.10
87571,162.56
87586,162.56
87603,162.56
87618,355.60
87633,353.06
87650,350.52
87665,365.76
87682,365.76
87697,365.76
87713,365.76
87729,365.76
87744,365.76
87760,363.22
87776,363.22
-1,-1
