999,12,90,35.56
1000,12,90,35.56
1001,12,90,35.56
1002,12,90,38.10
1006,12,90,35.56
1025,12,90,38.10
1043,12,90,35.56
1062,12,90,38.10
1081,12,90,35.56
1099,12,90,35.56
1118,12,90,35.56
1137,12,90,35.56
1156,12,90,38.10
1174,12,90,38.10
1193,12,90,88.90
1212,12,90,91.44
1230,12,90,91.44
1249,12,90,91.44
1268,12,90,91.44
1287,12,90,93.98
1305,12,90,93.98
1325,12,90,93.98
1343,12,90,93.98
1361,12,90,93.98
1380,12,90,93.98
1399,12,90,93.98
1418,12,90,93.98
1436,12,90,45.72
1456,12,90,38.10
1474,12,90,38.10
1492,12,90,38.10
-1,-1
1519,12,0,38.10
1537,12,0,78.74
1554,12,0,86.36
1571,12,0,86.36
1590,12,0,86.36
1607,12,0,86.36
1625,12,0,86.36
1642,12,0,86.36
1660,12,0,86.36
1678,12,0,86.36
1695,12,0,86.36
1713,12,0,86.36
1731,12,0,86.36
1748,12,0,86.36
1766,12,0,86.36
1783,12,0,86.36
1802,12,0,86.36
1819,12,0,86.36
1837,12,0,40.64
1855,12,0,35.56
1872,12,0,38.10
1890,12,0,86.36
1907,12,0,88.90
1926,12,0,88.90
1943,12,0,93.98
1960,12,0,93.98
1978,12,0,96.52
1996,12,0,93.98
2014,12,0,93.98
-1,-1
2038,11,90,93.98
2058,11,90,93.98
2076,11,90,60.96
2095,11,90,40.64
2113,11,90,40.64
2132,11,90,81.28
2151,11,90,93.98
2169,11,90,93.98
2189,11,90,93.98
2207,11,90,91.44
2226,11,90,58.42
2244,11,90,40.64
2264,11,90,40.64
2282,11,90,83.82
2300,11,90,93.98
2320,11,90,93.98
2338,11,90,91.44
2357,11,90,91.44
2375,11,90,93.98
2395,11,90,93.98
2413,11,90,93.98
2432,11,90,93.98
2450,11,90,91.44
2469,11,90,88.90
2488,11,90,40.64
2506,11,90,38.10
2526,11,90,58.42
-1,-1
2551,11,0,86.36
2569,11,0,86.36
2587,11,0,86.36
2605,11,0,86.36
2622,11,0,86.36
2639,11,0,86.36
2658,11,0,86.36
2675,11,0,86.36
2693,11,0,86.36
2710,11,0,86.36
2728,11,0,86.36
2746,11,0,86.36
2763,11,0,86.36
2781,11,0,86.36
2799,11,0,86.36
2817,11,0,86.36
2834,11,0,38.10
2852,11,0,35.56
2870,11,0,40.64
2887,11,0,86.36
2905,11,0,88.90
2923,11,0,91.44
2940,11,0,93.98
2958,11,0,93.98
2975,11,0,93.98
2994,11,0,91.44
3011,11,0,91.44
3028,11,0,91.44
3046,11,0,91.44
-1,-1
3072,10,90,91.44
3090,10,90,91.44
3108,10,90,91.44
3128,10,90,45.72
3146,10,90,38.10
3165,10,90,38.10
3183,10,90,38.10
3203,10,90,38.10
3221,10,90,55.88
3239,10,90,88.90
3259,10,90,91.44
3277,10,90,91.44
3296,10,90,91.44
3314,10,90,91.44
3334,10,90,91.44
3352,10,90,91.44
3371,10,90,91.44
3390,10,90,91.44
3408,10,90,91.44
3427,10,90,93.98
3445,10,90,93.98
3465,10,90,93.98
3483,10,90,93.98
3502,10,90,91.44
3521,10,90,53.34
3539,10,90,40.64
3558,10,90,38.10
-1,-1
3585,10,0,83.82
3602,10,0,86.36
3619,10,0,86.36
3637,10,0,86.36
3655,10,0,86.36
3673,10,0,86.36
3690,10,0,86.36
3707,10,0,86.36
3726,10,0,86.36
3743,10,0,86.36
3761,10,0,86.36
3778,10,0,86.36
3796,10,0,86.36
3814,10,0,73.66
3831,10,0,38.10
3849,10,0,38.10
3867,10,0,35.56
3885,10,0,38.10
3902,10,0,38.10
3920,10,0,66.04
3938,10,0,88.90
3955,10,0,91.44
3973,10,0,93.98
3991,10,0,93.98
4008,10,0,93.98
4026,10,0,91.44
4043,10,0,91.44
4062,10,0,91.44
4079,10,0,91.44
-1,-1
4104,9,90,91.44
4122,9,90,45.72
4140,9,90,40.64
4157,9,90,40.64
4174,9,90,38.10
4193,9,90,40.64
4210,9,90,38.10
4228,9,90,40.64
4245,9,90,40.64
4263,9,90,40.64
4281,9,90,38.10
4298,9,90,38.10
4317,9,90,60.96
4334,9,90,91.44
4352,9,90,91.44
4369,9,90,91.44
4387,9,90,91.44
4405,9,90,91.44
4422,9,90,91.44
4440,9,90,91.44
4458,9,90,91.44
4475,9,90,93.98
4493,9,90,93.98
4510,9,90,93.98
4529,9,90,91.44
4546,9,90,91.44
4563,9,90,55.88
4581,9,90,40.64
4599,9,90,38.10
-1,-1
4624,9,0,83.82
4640,9,0,86.36
4658,9,0,86.36
4674,9,0,86.36
4690,9,0,86.36
4707,9,0,86.36
4724,9,0,86.36
4741,9,0,86.36
4757,9,0,86.36
4773,9,0,86.36
4791,9,0,86.36
4807,9,0,86.36
4824,9,0,86.36
4840,9,0,86.36
4857,9,0,86.36
4874,9,0,86.36
4890,9,0,86.36
4907,9,0,81.28
4924,9,0,40.64
4940,9,0,38.10
4957,9,0,38.10
4973,9,0,86.36
4990,9,0,88.90
5007,9,0,88.90
5023,9,0,93.98
5040,9,0,93.98
5057,9,0,93.98
5073,9,0,93.98
5090,9,0,91.44
5106,9,0,91.44
-1,-1
5131,8,90,91.44
5148,8,90,91.44
5166,8,90,91.44
5184,8,90,91.44
5201,8,90,91.44
5219,8,90,91.44
5236,8,90,91.44
5255,8,90,91.44
5272,8,90,40.64
5289,8,90,38.10
5307,8,90,43.18
5325,8,90,91.44
5343,8,90,91.44
5360,8,90,91.44
5378,8,90,91.44
5396,8,90,91.44
5413,8,90,91.44
5431,8,90,91.44
5449,8,90,91.44
5467,8,90,93.98
5484,8,90,93.98
5501,8,90,93.98
5520,8,90,91.44
5537,8,90,91.44
5555,8,90,76.20
5572,8,90,40.64
5591,8,90,38.10
5608,8,90,53.34
5625,8,90,86.36
-1,-1
5651,8,0,86.36
5667,8,0,86.36
5684,8,0,86.36
5700,8,0,86.36
5718,8,0,86.36
5734,8,0,86.36
5750,8,0,86.36
5767,8,0,86.36
5784,8,0,86.36
5800,8,0,86.36
5817,8,0,86.36
5833,8,0,88.90
5851,8,0,86.36
5867,8,0,86.36
5883,8,0,86.36
5900,8,0,86.36
5917,8,0,86.36
5934,8,0,86.36
5950,8,0,86.36
5966,8,0,40.64
5984,8,0,38.10
6000,8,0,38.10
6017,8,0,86.36
6033,8,0,91.44
6050,8,0,91.44
6067,8,0,93.98
6083,8,0,93.98
6099,8,0,93.98
6117,8,0,93.98
6133,8,0,93.98
-1,-1
6157,7,90,93.98
6174,7,90,91.44
6193,7,90,91.44
6210,7,90,45.72
6227,7,90,40.64
6245,7,90,40.64
6263,7,90,40.64
6281,7,90,40.64
6298,7,90,40.64
6317,7,90,88.90
6334,7,90,91.44
6351,7,90,91.44
6369,7,90,91.44
6387,7,90,91.44
6405,7,90,93.98
6422,7,90,93.98
6439,7,90,93.98
6458,7,90,93.98
6475,7,90,91.44
6493,7,90,91.44
6510,7,90,93.98
6529,7,90,93.98
6546,7,90,93.98
6563,7,90,91.44
6582,7,90,88.90
6599,7,90,76.20
6617,7,90,40.64
6634,7,90,38.10
6652,7,90,50.80
-1,-1
6677,7,0,86.36
6693,7,0,86.36
6710,7,0,86.36
6727,7,0,86.36
6744,7,0,86.36
6760,7,0,86.36
6776,7,0,86.36
6794,7,0,86.36
6810,7,0,86.36
6827,7,0,86.36
6843,7,0,86.36
6860,7,0,86.36
6877,7,0,86.36
6893,7,0,88.90
6909,7,0,86.36
6927,7,0,86.36
6943,7,0,86.36
6960,7,0,86.36
6976,7,0,86.36
6993,7,0,86.36
7010,7,0,88.90
7026,7,0,88.90
7043,7,0,88.90
7060,7,0,91.44
7076,7,0,91.44
7093,7,0,91.44
7109,7,0,93.98
7127,7,0,96.52
7143,7,0,93.98
7159,7,0,93.98
7176,7,0,93.98
-1,-1
7200,6,90,93.98
7218,6,90,91.44
7235,6,90,91.44
7254,6,90,91.44
7271,6,90,91.44
7288,6,90,91.44
7306,6,90,45.72
7324,6,90,40.64
7342,6,90,40.64
7359,6,90,38.10
7376,6,90,40.64
7395,6,90,40.64
7412,6,90,88.90
7430,6,90,91.44
7448,6,90,91.44
7465,6,90,91.44
7483,6,90,91.44
7500,6,90,91.44
7519,6,90,91.44
7536,6,90,91.44
7554,6,90,93.98
7571,6,90,93.98
7589,6,90,93.98
7607,6,90,91.44
7624,6,90,91.44
7642,6,90,88.90
7660,6,90,40.64
7677,6,90,38.10
7695,6,90,43.18
-1,-1
7720,6,0,86.36
7737,6,0,86.36
7753,6,0,86.36
7770,6,0,86.36
7787,6,0,86.36
7803,6,0,86.36
7820,6,0,86.36
7836,6,0,86.36
7854,6,0,86.36
7870,6,0,86.36
7886,6,0,88.90
7903,6,0,86.36
7920,6,0,86.36
7937,6,0,88.90
7953,6,0,86.36
7969,6,0,86.36
7987,6,0,86.36
8003,6,0,40.64
8019,6,0,38.10
8036,6,0,38.10
8053,6,0,35.56
8070,6,0,35.56
8086,6,0,35.56
8102,6,0,83.82
8120,6,0,91.44
8136,6,0,91.44
8153,6,0,93.98
8169,6,0,93.98
8186,6,0,93.98
8203,6,0,93.98
8219,6,0,93.98
-1,-1
8244,5,90,93.98
8261,5,90,91.44
8279,5,90,91.44
8296,5,90,91.44
8314,5,90,91.44
8332,5,90,91.44
8349,5,90,91.44
8367,5,90,91.44
8385,5,90,91.44
8402,5,90,91.44
8420,5,90,91.44
8437,5,90,91.44
8456,5,90,91.44
8473,5,90,91.44
8491,5,90,91.44
8508,5,90,91.44
8526,5,90,91.44
8544,5,90,91.44
8561,5,90,91.44
8580,5,90,91.44
8597,5,90,93.98
8614,5,90,93.98
8632,5,90,93.98
8650,5,90,91.44
8668,5,90,88.90
8685,5,90,91.44
8702,5,90,40.64
8721,5,90,38.10
8738,5,90,38.10
-1,-1
8763,5,0,86.36
8780,5,0,86.36
8797,5,0,86.36
8813,5,0,86.36
8829,5,0,86.36
8847,5,0,86.36
8863,5,0,86.36
8880,5,0,86.36
8896,5,0,86.36
8913,5,0,86.36
8930,5,0,86.36
8946,5,0,86.36
8963,5,0,86.36
8980,5,0,86.36
8996,5,0,86.36
9013,5,0,86.36
9029,5,0,86.36
9047,5,0,43.18
9063,5,0,38.10
9079,5,0,38.10
9096,5,0,78.74
9113,5,0,88.90
9129,5,0,88.90
9146,5,0,99.06
9162,5,0,99.06
9180,5,0,99.06
9196,5,0,96.52
9212,5,0,93.98
9229,5,0,93.98
9246,5,0,93.98
-1,-1
9270,4,90,93.98
9287,4,90,63.50
9305,4,90,40.64
9323,4,90,38.10
9340,4,90,63.50
9358,4,90,91.44
9376,4,90,91.44
9394,4,90,91.44
9411,4,90,91.44
9428,4,90,91.44
9447,4,90,91.44
9464,4,90,91.44
9482,4,90,91.44
9499,4,90,91.44
9518,4,90,91.44
9535,4,90,91.44
9552,4,90,91.44
9570,4,90,91.44
9588,4,90,93.98
9606,4,90,93.98
9623,4,90,93.98
9641,4,90,93.98
9659,4,90,91.44
9676,4,90,91.44
9694,4,90,43.18
9712,4,90,38.10
9730,4,90,38.10
9747,4,90,38.10
9764,4,90,38.10
-1,-1
9790,4,0,71.12
9806,4,0,86.36
9823,4,0,86.36
9839,4,0,86.36
9857,4,0,86.36
9873,4,0,86.36
9889,4,0,86.36
9906,4,0,86.36
9923,4,0,86.36
9939,4,0,86.36
9956,4,0,86.36
9972,4,0,88.90
9990,4,0,86.36
10006,4,0,86.36
10023,4,0,86.36
10042,4,0,86.36
10059,4,0,86.36
10077,4,0,86.36
10094,4,0,40.64
10113,4,0,38.10
10130,4,0,35.56
10147,4,0,86.36
10165,4,0,88.90
10183,4,0,88.90
10201,4,0,93.98
10218,4,0,93.98
10235,4,0,93.98
10254,4,0,91.44
10271,4,0,91.44
10289,4,0,91.44
-1,-1
10314,3,90,91.44
10333,3,90,91.44
10351,3,90,91.44
10370,3,90,91.44
10389,3,90,45.72
10407,3,90,40.64
10426,3,90,40.64
10445,3,90,38.10
10464,3,90,40.64
10482,3,90,53.34
10501,3,90,91.44
10520,3,90,91.44
10539,3,90,91.44
10557,3,90,91.44
10576,3,90,91.44
10595,3,90,91.44
10613,3,90,91.44
10632,3,90,93.98
10651,3,90,93.98
10670,3,90,93.98
10688,3,90,93.98
10707,3,90,93.98
10726,3,90,93.98
10744,3,90,88.90
10763,3,90,88.90
10782,3,90,50.80
10801,3,90,38.10
-1,-1
10826,3,0,38.10
10845,3,0,83.82
10862,3,0,83.82
10880,3,0,86.36
10897,3,0,86.36
10915,3,0,86.36
10933,3,0,86.36
10950,3,0,86.36
10968,3,0,86.36
10986,3,0,86.36
11003,3,0,86.36
11021,3,0,86.36
11039,3,0,40.64
11057,3,0,38.10
11074,3,0,38.10
11091,3,0,35.56
11110,3,0,38.10
11127,3,0,43.18
11145,3,0,86.36
11162,3,0,88.90
11181,3,0,91.44
11198,3,0,93.98
11215,3,0,93.98
11233,3,0,93.98
11251,3,0,91.44
11269,3,0,93.98
11286,3,0,91.44
11303,3,0,91.44
11322,3,0,91.44
-1,-1
11346,2,90,93.98
11365,2,90,91.44
11384,2,90,45.72
11403,2,90,38.10
11421,2,90,38.10
11441,2,90,38.10
11459,2,90,38.10
11478,2,90,40.64
11496,2,90,38.10
11515,2,90,40.64
11534,2,90,81.28
11552,2,90,91.44
11572,2,90,91.44
11590,2,90,91.44
11609,2,90,91.44
11627,2,90,91.44
11646,2,90,91.44
11665,2,90,91.44
11683,2,90,91.44
11702,2,90,91.44
11721,2,90,91.44
11740,2,90,93.98
11758,2,90,93.98
11778,2,90,93.98
11796,2,90,91.44
11814,2,90,88.90
11833,2,90,43.18
-1,-1
11859,2,0,35.56
11877,2,0,60.96
11894,2,0,83.82
11913,2,0,83.82
11930,2,0,86.36
11948,2,0,86.36
11965,2,0,86.36
11983,2,0,86.36
12001,2,0,86.36
12018,2,0,86.36
12036,2,0,86.36
12054,2,0,86.36
12071,2,0,86.36
12089,2,0,86.36
12107,2,0,86.36
12125,2,0,50.80
12142,2,0,38.10
12160,2,0,38.10
12178,2,0,71.12
12195,2,0,88.90
12213,2,0,88.90
12230,2,0,91.44
12249,2,0,91.44
12266,2,0,91.44
12283,2,0,91.44
12301,2,0,91.44
12319,2,0,91.44
12337,2,0,91.44
12354,2,0,91.44
-1,-1
12380,1,90,91.44
12398,1,90,91.44
12417,1,90,91.44
12435,1,90,40.64
12454,1,90,40.64
12473,1,90,38.10
12491,1,90,38.10
12511,1,90,38.10
12529,1,90,35.56
12548,1,90,38.10
12566,1,90,38.10
12585,1,90,38.10
12604,1,90,35.56
12622,1,90,38.10
12642,1,90,38.10
12660,1,90,38.10
12679,1,90,38.10
12697,1,90,40.64
12717,1,90,40.64
12735,1,90,91.44
12753,1,90,91.44
12773,1,90,91.44
12791,1,90,91.44
12810,1,90,91.44
12828,1,90,93.98
12848,1,90,93.98
12866,1,90,93.98
-1,-1
12892,1,0,96.52
12910,1,0,96.52
12928,1,0,91.44
12945,1,0,91.44
12962,1,0,91.44
12981,1,0,40.64
12998,1,0,38.10
13016,1,0,38.10
13033,1,0,88.90
13051,1,0,88.90
13069,1,0,91.44
13086,1,0,91.44
13105,1,0,91.44
13122,1,0,93.98
13139,1,0,93.98
13157,1,0,93.98
13175,1,0,91.44
13193,1,0,91.44
13210,1,0,91.44
13228,1,0,91.44
13246,1,0,91.44
13263,1,0,83.82
13281,1,0,40.64
13298,1,0,40.64
13317,1,0,40.64
13334,1,0,40.64
13351,1,0,40.64
13370,1,0,38.10
13387,1,0,38.10
-1,-1
