14,114.30
30,114.30
46,116.84
61,114.30
77,114.30
93,114.30
108,114.30
123,116.84
140,114.30
155,114.30
171,116.84
187,116.84
202,114.30
218,114.30
234,114.30
249,114.30
265,114.30
281,114.30
296,114.30
312,114.30
328,114.30
344,114.30
360,114.30
375,114.30
391,114.30
407,114.30
422,114.30
438,116.84
454,114.30
470,116.84
485,116.84
501,114.30
517,114.30
532,114.30
548,114.30
564,114.30
579,114.30
595,114.30
611,114.30
626,114.30
643,114.30
658,114.30
673,114.30
690,124.46
705,127.00
720,129.54
737,119.38
752,116.84
768,116.84
784,116.84
799,129.54
815,129.54
831,129.54
846,132.08
862,132.08
877,132.08
893,152.40
909,160.02
924,160.02
941,160.02
956,160.02
971,160.02
988,160.02
1003,160.02
1018,160.02
1035,160.02
1050,160.02
1067,160.02
1082,160.02
1097,160.02
1114,160.02
1129,160.02
1144,116.84
1161,114.30
1176,114.30
1192,111.76
1208,114.30
1223,111.76
1240,111.76
1255,111.76
1270,111.76
1287,114.30
1302,111.76
1318,111.76
1334,111.76
1349,111.76
1366,114.30
1381,111.76
1396,111.76
1413,114.30
1428,111.76
1444,111.76
1460,111.76
1475,111.76
1491,111.76
1507,111.76
1522,111.76
1539,109.22
1554,109.22
1570,109.22
1586,111.76
1601,114.30
1617,111.76
1633,111.76
1648,111.76
1665,109.22
1680,109.22
1696,109.22
1712,109.22
1727,111.76
1743,111.76
1759,111.76
1774,111.76
1790,111.76
1806,111.76
1822,111.76
1838,81.28
1853,78.74
1869,78.74
1885,78.74
1900,78.74
1916,78.74
1932,78.74
1947,76.20
1964,76.20
1979,76.20
1994,76.20
2011,76.20
2026,76.20
2041,76.20
2058,76.20
2073,76.20
2088,76.20
2105,76.20
2120,76.20
2136,76.20
2152,76.20
2167,76.20
2183,76.20
2199,76.20
2214,78.74
2230,76.20
2246,78.74
2262,76.20
2277,76.20
2293,76.20
2309,76.20
2324,76.20
2340,76.20
2356,76.20
2371,76.20
2387,76.20
2403,76.20
2418,76.20
2435,76.20
2450,76.20
2465,76.20
2482,76.20
2497,76.20
2512,76.20
2529,76.20
2544,76.20
2560,76.20
2576,76.20
2591,76.20
2607,76.20
2623,78.74
2638,78.74
2654,78.74
2670,78.74
2685,78.74
-1,-1
3701,109.22
3717,109.22
3733,111.76
3748,109.22
3765,109.22
3780,109.22
3795,109.22
3812,109.22
3827,109.22
3843,109.22
3859,109.22
3874,111.76
3891,111.76
3906,109.22
3921,109.22
3938,109.22
3953,109.22
3969,81.28
3985,78.74
4000,81.28
4016,78.74
4032,78.74
4047,78.74
4063,78.74
4079,76.20
4094,76.20
4110,76.20
4126,76.20
4142,78.74
4157,76.20
4173,76.20
4189,76.20
4204,76.20
4220,76.20
4236,78.74
4251,76.20
4268,76.20
4283,76.20
4298,76.20
4315,76.20
4330,76.20
4345,76.20
4362,76.20
4377,76.20
4392,76.20
4409,76.20
4424,76.20
4440,76.20
4456,76.20
4471,76.20
4487,76.20
4503,76.20
4518,76.20
4535,76.20
4550,76.20
4566,76.20
4582,76.20
4597,76.20
4613,76.20
4629,76.20
4644,76.20
4660,76.20
4676,76.20
4691,76.20
4707,78.74
4723,78.74
4739,78.74
4754,78.74
4770,109.22
4786,111.76
4801,111.76
4817,114.30
4833,111.76
4848,111.76
4865,111.76
4880,111.76
4896,111.76
4912,111.76
4927,109.22
4943,109.22
4959,111.76
4974,111.76
4990,111.76
5006,111.76
5022,109.22
5038,111.76
5053,111.76
5069,109.22
5085,109.22
5100,109.22
5116,111.76
5132,114.30
5148,111.76
5164,111.76
5179,111.76
5195,111.76
5211,111.76
5226,111.76
5242,111.76
5258,111.76
5274,111.76
5289,111.76
5305,111.76
5321,111.76
5337,111.76
5352,111.76
5368,111.76
5384,111.76
5400,111.76
5415,111.76
5431,111.76
5447,111.76
5463,111.76
5478,111.76
5494,114.30
5510,144.78
5526,157.48
5541,157.48
5557,160.02
5573,160.02
5588,160.02
5604,160.02
5620,160.02
5636,160.02
5652,160.02
5667,160.02
5683,160.02
5699,160.02
5714,160.02
5730,160.02
5746,160.02
5762,160.02
5778,160.02
5793,160.02
5809,160.02
5825,160.02
5840,160.02
5856,124.46
5872,116.84
5888,114.30
5904,114.30
5919,116.84
5935,114.30
5951,114.30
5966,114.30
5982,114.30
5998,114.30
6013,116.84
6030,114.30
6045,114.30
6061,114.30
6077,114.30
6092,114.30
6108,114.30
6124,114.30
6139,114.30
6156,45.72
6171,38.10
6187,40.64
6203,88.90
6218,114.30
6234,114.30
6250,116.84
6265,116.84
6281,116.84
6297,116.84
6312,116.84
6329,116.84
6344,116.84
6360,116.84
6376,116.84
-1,-1
7392,114.30
7407,114.30
7422,114.30
7439,114.30
7454,114.30
7471,114.30
7486,114.30
7501,114.30
7518,116.84
7533,114.30
7548,114.30
7565,114.30
7580,114.30
7597,116.84
7612,116.84
7627,119.38
7644,116.84
7659,116.84
7674,116.84
7691,114.30
7706,114.30
7723,114.30
7738,114.30
7753,114.30
7770,114.30
7785,71.12
7800,40.64
7817,40.64
7832,38.10
7847,109.22
7864,114.30
7879,114.30
7896,114.30
7911,114.30
7926,114.30
7943,114.30
7958,114.30
7973,114.30
7990,116.84
8005,116.84
8022,119.38
8037,121.92
8052,127.00
8069,127.00
8084,129.54
8099,132.08
8116,129.54
8131,129.54
8147,119.38
8163,119.38
8178,119.38
8195,129.54
8210,129.54
8225,129.54
8242,147.32
8257,160.02
8273,157.48
8289,137.16
8304,132.08
8321,132.08
8336,137.16
8351,157.48
8368,157.48
8383,160.02
8399,160.02
8415,160.02
8430,160.02
8446,160.02
8462,160.02
8477,162.56
8494,160.02
8509,160.02
8524,160.02
8541,121.92
8556,116.84
8572,116.84
8588,111.76
8603,111.76
8620,111.76
8635,111.76
8650,111.76
8667,111.76
8682,111.76
8698,114.30
8714,111.76
8729,111.76
8745,111.76
8761,114.30
8777,114.30
8793,111.76
8808,111.76
8824,111.76
8840,111.76
8855,109.22
8871,109.22
8887,109.22
8903,111.76
8919,109.22
8934,109.22
8950,109.22
8966,109.22
8981,109.22
8997,109.22
9013,109.22
9029,111.76
9044,114.30
9060,111.76
9076,111.76
9092,111.76
9107,111.76
9123,114.30
9139,111.76
9155,111.76
9170,111.76
9186,111.76
9202,114.30
9218,114.30
9233,83.82
9249,78.74
9265,78.74
9280,78.74
9296,78.74
9312,78.74
9327,78.74
9344,76.20
9359,76.20
9374,76.20
9391,76.20
9406,76.20
9421,76.20
9438,76.20
9453,76.20
9468,76.20
9485,78.74
9500,76.20
9516,76.20
9532,76.20
9547,76.20
9563,76.20
9579,76.20
9594,76.20
9610,76.20
9626,76.20
9641,76.20
9657,76.20
9673,76.20
9689,76.20
9705,76.20
9720,76.20
9736,76.20
9752,76.20
9767,76.20
9783,76.20
9799,76.20
9815,76.20
9830,76.20
9846,76.20
9862,76.20
9877,76.20
9893,76.20
9909,76.20
9924,76.20
9940,76.20
9956,76.20
9971,76.20
9988,76.20
10003,76.20
10018,76.20
10035,76.20
10050,76.20
10065,76.20
-1,-1
11081,109.22
11098,109.22
11113,109.22
11129,109.22
11145,109.22
11160,111.76
11176,109.22
11192,109.22
11208,109.22
11224,111.76
11240,109.22
11255,109.22
11271,109.22
11287,109.22
11302,109.22
11319,81.28
11334,78.74
11350,78.74
11366,78.74
11381,76.20
11398,76.20
11413,76.20
11428,76.20
11445,78.74
11460,78.74
11475,76.20
11492,76.20
11507,76.20
11524,76.20
11539,76.20
11554,76.20
11571,76.20
11586,76.20
11601,76.20
11618,76.20
11633,76.20
11650,76.20
11665,76.20
11680,78.74
11697,76.20
11712,76.20
11727,76.20
11744,76.20
11759,76.20
11776,76.20
11791,76.20
11806,76.20
11823,76.20
11838,76.20
11853,76.20
11870,76.20
11885,76.20
11901,76.20
11917,76.20
11932,76.20
11949,76.20
11964,76.20
11979,76.20
11996,76.20
12011,76.20
12027,76.20
12043,78.74
12058,76.20
12075,76.20
12090,76.20
12105,76.20
12122,76.20
12137,76.20
12153,76.20
12169,78.74
12184,78.74
12200,78.74
12216,106.68
12232,111.76
12248,111.76
12263,111.76
12279,111.76
12295,111.76
12311,111.76
12326,109.22
12342,109.22
12358,109.22
12374,109.22
12390,109.22
12405,111.76
12422,111.76
12437,111.76
12452,114.30
12469,111.76
12484,111.76
12500,111.76
12516,111.76
12532,111.76
12548,111.76
12563,114.30
12579,111.76
12595,111.76
12611,111.76
12626,111.76
12642,111.76
12658,111.76
12674,111.76
12690,111.76
12705,114.30
12722,111.76
12737,111.76
12752,111.76
12769,111.76
12784,111.76
12801,111.76
12816,111.76
12831,111.76
12848,111.76
12863,154.94
12879,157.48
12895,157.48
12911,160.02
12926,160.02
12942,160.02
12958,162.56
12974,160.02
12990,160.02
13005,160.02
13022,160.02
13037,160.02
13052,160.02
13069,160.02
13084,162.56
13101,160.02
13116,160.02
13131,160.02
13148,160.02
13163,132.08
13179,132.08
13195,132.08
13211,129.54
13227,132.08
13242,132.08
13258,129.54
13274,129.54
13290,129.54
13305,132.08
13321,129.54
13337,129.54
13352,119.38
13369,116.84
13384,116.84
13401,114.30
13416,114.30
13431,114.30
13448,114.30
13463,114.30
13479,114.30
13495,114.30
13510,114.30
13527,116.84
13542,114.30
13558,114.30
13574,114.30
13590,114.30
13605,114.30
13621,116.84
13637,114.30
13652,114.30
13669,114.30
13684,114.30
13701,114.30
13716,114.30
13731,114.30
13748,114.30
13763,114.30
-1,-1
14779,114.30
14795,114.30
14811,114.30
14827,114.30
14842,96.52
14858,93.98
14874,93.98
14889,101.60
14905,114.30
14921,114.30
14937,114.30
14953,111.76
14968,111.76
14985,111.76
15000,114.30
15015,114.30
15032,114.30
15047,114.30
15064,114.30
15079,114.30
15095,114.30
15111,116.84
15126,116.84
15142,111.76
15158,111.76
15174,111.76
15190,114.30
15205,114.30
15221,114.30
15237,114.30
15253,114.30
15268,114.30
15285,114.30
15300,114.30
15315,114.30
15332,114.30
15347,114.30
15364,114.30
15379,114.30
15395,114.30
15411,114.30
15426,114.30
15442,114.30
15458,114.30
15474,114.30
15490,127.00
15505,129.54
15521,127.00
15537,119.38
15553,116.84
15568,116.84
15585,116.84
15600,154.94
15616,157.48
15632,160.02
15647,162.56
15664,160.02
15679,160.02
15694,132.08
15711,129.54
15726,132.08
15742,152.40
15758,160.02
15774,160.02
15790,160.02
15805,160.02
15821,160.02
15837,160.02
15853,160.02
15868,160.02
15885,132.08
15900,116.84
15916,116.84
15932,114.30
15947,114.30
15964,111.76
15979,111.76
15994,111.76
16011,111.76
16026,111.76
16043,111.76
16058,111.76
16074,111.76
16090,111.76
16105,111.76
16121,111.76
16137,111.76
16153,111.76
16168,111.76
16184,111.76
16200,114.30
16216,111.76
16232,111.76
16247,111.76
16264,111.76
16279,111.76
16294,111.76
16311,111.76
16326,111.76
16343,109.22
16358,109.22
16374,109.22
16390,111.76
16405,109.22
16421,111.76
16437,109.22
16453,111.76
16468,111.76
16484,111.76
16500,111.76
16516,111.76
16532,111.76
16547,111.76
16564,111.76
16579,111.76
16594,111.76
16611,111.76
16626,111.76
16643,111.76
16658,111.76
16674,101.60
16690,81.28
16705,78.74
16721,81.28
16737,76.20
16752,76.20
16769,76.20
16784,76.20
16800,76.20
16816,76.20
16831,78.74
16847,78.74
16863,76.20
16878,76.20
16894,76.20
16910,76.20
16926,76.20
16942,76.20
16957,76.20
16973,76.20
16989,76.20
17004,76.20
17020,76.20
17036,76.20
17052,76.20
17068,76.20
17083,76.20
17099,76.20
17115,76.20
17130,76.20
17146,76.20
17162,76.20
17178,76.20
17193,76.20
17209,76.20
17225,76.20
17241,76.20
17256,76.20
17272,76.20
17288,76.20
17304,76.20
17319,76.20
17335,76.20
17351,76.20
17367,76.20
17382,78.74
17398,78.74
17414,78.74
17430,78.74
17445,76.20
17461,76.20
-1,-1
18477,109.22
18493,109.22
18508,109.22
18525,109.22
18540,109.22
18555,109.22
18572,109.22
18587,109.22
18604,109.22
18619,109.22
18635,111.76
18651,111.76
18666,109.22
18682,109.22
18698,109.22
18714,109.22
18729,109.22
18746,109.22
18761,93.98
18777,78.74
18793,76.20
18808,76.20
18824,76.20
18840,76.20
18855,78.74
18872,76.20
18887,76.20
18903,76.20
18919,76.20
18934,76.20
18950,78.74
18966,76.20
18981,76.20
18998,76.20
19013,76.20
19028,76.20
19045,76.20
19060,76.20
19076,76.20
19092,76.20
19107,76.20
19124,76.20
19139,76.20
19154,78.74
19171,76.20
19186,76.20
19203,76.20
19218,76.20
19233,76.20
19250,76.20
19265,76.20
19280,76.20
19297,76.20
19312,76.20
19329,76.20
19344,78.74
19359,76.20
19376,76.20
19391,78.74
19406,76.20
19423,76.20
19438,76.20
19454,76.20
19470,76.20
19485,76.20
19502,76.20
19517,78.74
19532,78.74
19549,76.20
19564,78.74
19580,78.74
19596,81.28
19611,101.60
19628,111.76
19643,111.76
19659,111.76
19675,111.76
19690,111.76
19706,111.76
19722,111.76
19738,111.76
19753,114.30
19769,111.76
19785,111.76
19801,111.76
19817,111.76
19832,111.76
19849,111.76
19864,111.76
19879,114.30
19896,111.76
19911,111.76
19928,111.76
19943,111.76
19959,111.76
19975,111.76
19990,111.76
20006,111.76
20022,111.76
20038,111.76
20054,111.76
20069,111.76
20085,111.76
20101,111.76
20117,111.76
20132,111.76
20149,111.76
20164,111.76
20179,111.76
20196,111.76
20211,114.30
20228,114.30
20243,116.84
20259,114.30
20275,114.30
20290,114.30
20306,137.16
20322,157.48
20338,157.48
20354,160.02
20369,160.02
20385,160.02
20401,160.02
20417,160.02
20432,162.56
20449,160.02
20464,160.02
20480,160.02
20496,160.02
20511,160.02
20528,160.02
20543,160.02
20558,160.02
20575,160.02
20590,160.02
20606,124.46
20622,116.84
20638,119.38
20654,116.84
20669,114.30
20685,114.30
20701,114.30
20717,114.30
20732,114.30
20749,114.30
20764,114.30
20780,114.30
20796,114.30
20811,114.30
20828,114.30
20843,114.30
20858,116.84
20875,116.84
20890,116.84
20907,114.30
20922,114.30
20938,114.30
20954,114.30
20969,111.76
20985,114.30
21001,111.76
21017,114.30
21032,114.30
21049,114.30
21064,111.76
21080,111.76
21096,104.14
21111,93.98
21128,93.98
21143,93.98
21158,114.30
-1,-1
22174,101.60
22191,109.22
22206,114.30
22222,114.30
22238,114.30
22253,109.22
22269,109.22
22285,109.22
22301,101.60
22317,101.60
22333,104.14
22348,101.60
22364,101.60
22380,104.14
22395,104.14
22412,104.14
22427,104.14
22444,101.60
22459,101.60
22474,104.14
22491,104.14
22506,104.14
22522,104.14
22538,109.22
22553,111.76
22569,114.30
22585,111.76
22601,111.76
22617,111.76
22633,111.76
22648,114.30
22664,114.30
22680,114.30
22695,114.30
22712,114.30
22727,114.30
22744,114.30
22759,116.84
22774,114.30
22791,114.30
22806,114.30
22822,114.30
22838,116.84
22853,116.84
22870,116.84
22885,116.84
22901,116.84
22917,116.84
22933,116.84
22948,137.16
22964,139.70
22980,139.70
22995,132.08
23012,129.54
23027,129.54
23043,152.40
23059,157.48
23074,157.48
23091,160.02
23106,160.02
23122,160.02
23138,160.02
23153,160.02
23170,160.02
23185,160.02
23201,160.02
23217,160.02
23233,137.16
23248,116.84
23264,116.84
23280,116.84
23296,114.30
23312,114.30
23327,114.30
23343,111.76
23359,111.76
23374,114.30
23391,111.76
23406,111.76
23422,111.76
23438,111.76
23453,111.76
23470,111.76
23485,111.76
23501,111.76
23517,111.76
23533,111.76
23548,111.76
23564,111.76
23580,111.76
23596,111.76
23612,111.76
23627,111.76
23643,111.76
23659,109.22
23674,111.76
23691,111.76
23706,111.76
23723,111.76
23738,111.76
23753,109.22
23770,109.22
23785,109.22
23801,111.76
23817,111.76
23833,111.76
23848,111.76
23864,111.76
23880,114.30
23896,111.76
23912,111.76
23927,111.76
23943,109.22
23959,111.76
23974,99.06
23991,78.74
24006,78.74
24022,81.28
24038,83.82
24053,81.28
24070,81.28
24085,78.74
24100,76.20
24117,78.74
24132,76.20
24147,76.20
24164,76.20
24179,76.20
24196,76.20
24211,76.20
24226,76.20
24243,76.20
24258,76.20
24273,78.74
24290,76.20
24305,76.20
24322,76.20
24337,76.20
24352,76.20
24369,76.20
24384,76.20
24399,76.20
24416,76.20
24431,76.20
24448,76.20
24463,76.20
24478,76.20
24495,76.20
24510,76.20
24525,76.20
24542,76.20
24557,76.20
24573,76.20
24589,76.20
24604,76.20
24621,76.20
24636,76.20
24651,76.20
24668,76.20
24683,76.20
24699,76.20
24715,76.20
24730,76.20
24747,76.20
24762,78.74
24777,76.20
24794,76.20
24809,76.20
24825,78.74
24841,78.74
24856,78.74
-1,-1
25872,109.22
25888,109.22
25904,109.22
25920,109.22
25935,109.22
25951,109.22
25967,109.22
25982,109.22
25999,109.22
26014,109.22
26031,109.22
26046,109.22
26061,109.22
26078,109.22
26093,109.22
26109,101.60
26125,81.28
26141,78.74
26157,78.74
26172,76.20
26188,76.20
26204,76.20
26219,76.20
26235,76.20
26251,76.20
26267,76.20
26283,76.20
26298,76.20
26314,78.74
26330,76.20
26345,76.20
26361,76.20
26377,76.20
26393,78.74
26408,76.20
26424,76.20
26440,78.74
26456,76.20
26471,76.20
26487,76.20
26503,76.20
26519,76.20
26534,76.20
26550,76.20
26566,76.20
26582,76.20
26597,76.20
26613,76.20
26629,76.20
26645,76.20
26660,78.74
26676,76.20
26692,76.20
26707,78.74
26723,78.74
26739,76.20
26755,76.20
26771,76.20
26786,76.20
26802,78.74
26818,76.20
26833,76.20
26849,76.20
26865,78.74
26881,78.74
26897,78.74
26912,81.28
26928,81.28
26944,81.28
26959,93.98
26975,111.76
26991,111.76
27006,111.76
27023,111.76
27038,111.76
27055,111.76
27070,111.76
27085,111.76
27102,114.30
27117,109.22
27133,109.22
27149,109.22
27164,111.76
27181,111.76
27196,114.30
27212,111.76
27228,111.76
27244,111.76
27259,111.76
27275,111.76
27291,111.76
27307,111.76
27323,111.76
27338,111.76
27355,111.76
27370,111.76
27385,111.76
27402,111.76
27417,111.76
27433,111.76
27449,111.76
27464,111.76
27481,111.76
27496,111.76
27512,111.76
27528,111.76
27544,111.76
27559,111.76
27575,111.76
27591,111.76
27607,134.62
27623,162.56
27638,162.56
27655,160.02
27670,160.02
27685,162.56
27702,162.56
27717,160.02
27734,160.02
27749,160.02
27764,160.02
27781,160.02
27796,160.02
27812,160.02
27828,160.02
27844,160.02
27859,160.02
27875,160.02
27891,160.02
27907,160.02
27923,160.02
27938,160.02
27954,137.16
27970,132.08
27985,129.54
28002,132.08
28017,129.54
28034,129.54
28049,127.00
28064,119.38
28081,116.84
28096,116.84
28112,114.30
28128,114.30
28143,114.30
28160,114.30
28175,114.30
28191,114.30
28207,116.84
28223,114.30
28238,114.30
28254,114.30
28270,114.30
28285,114.30
28302,114.30
28317,111.76
28333,111.76
28349,111.76
28364,114.30
28381,111.76
28396,111.76
28412,111.76
28428,111.76
28443,114.30
28460,111.76
28475,111.76
28491,111.76
28507,101.60
28523,101.60
28538,101.60
28554,101.60
-1,-1
29570,96.52
29586,96.52
29601,88.90
29618,88.90
29633,88.90
29648,88.90
29665,88.90
29680,88.90
29696,88.90
29712,88.90
29727,88.90
29744,88.90
29759,88.90
29774,88.90
29791,88.90
29806,88.90
29821,88.90
29838,96.52
29853,114.30
29870,114.30
29885,114.30
29900,111.76
29917,111.76
29932,111.76
29948,116.84
29964,114.30
29980,114.30
29996,111.76
30011,111.76
30027,111.76
30043,114.30
30059,114.30
30074,114.30
30090,114.30
30106,116.84
30121,114.30
30138,114.30
30153,114.30
30170,114.30
30185,114.30
30200,114.30
30217,114.30
30232,116.84
30248,114.30
30264,114.30
30280,114.30
30296,114.30
30311,114.30
30327,114.30
30343,129.54
30359,129.54
30374,129.54
30390,132.08
30406,132.08
30422,132.08
30438,142.24
30453,160.02
30470,160.02
30485,160.02
30500,160.02
30517,160.02
30532,160.02
30548,160.02
30564,160.02
30580,160.02
30596,160.02
30611,160.02
30627,160.02
30643,119.38
30659,116.84
30674,116.84
30690,116.84
30706,116.84
30722,114.30
30738,116.84
30753,114.30
30770,116.84
30785,114.30
30800,111.76
30817,111.76
30832,111.76
30849,111.76
30864,111.76
30880,111.76
30896,111.76
30911,114.30
30927,111.76
30943,111.76
30959,111.76
30974,111.76
30990,111.76
31006,111.76
31022,111.76
31038,111.76
31053,111.76
31070,111.76
31085,111.76
31100,111.76
31117,111.76
31132,111.76
31149,111.76
31164,111.76
31180,111.76
31196,111.76
31211,114.30
31227,114.30
31243,111.76
31259,111.76
31275,111.76
31290,114.30
31306,114.30
31322,111.76
31338,114.30
31353,111.76
31370,114.30
31385,83.82
31400,78.74
31417,78.74
31432,78.74
31448,78.74
31464,78.74
31479,78.74
31496,78.74
31511,78.74
31526,78.74
31543,76.20
31558,76.20
31575,76.20
31590,76.20
31605,76.20
31622,76.20
31637,76.20
31652,76.20
31669,78.74
31684,76.20
31700,76.20
31716,76.20
31731,76.20
31748,76.20
31763,76.20
31778,76.20
31795,76.20
31810,76.20
31826,76.20
31842,76.20
31857,76.20
31874,76.20
31889,76.20
31904,76.20
31921,76.20
31936,76.20
31952,76.20
31968,76.20
31983,76.20
32000,76.20
32015,76.20
32030,76.20
32047,76.20
32062,76.20
32078,76.20
32094,78.74
32109,78.74
32125,76.20
32141,76.20
32156,76.20
32173,78.74
32188,76.20
32204,76.20
32220,78.74
32235,78.74
32251,78.74
-1,-1
33267,109.22
33283,109.22
33299,109.22
33314,109.22
33330,109.22
33346,109.22
33361,109.22
33378,109.22
33393,109.22
33410,109.22
33425,109.22
33440,109.22
33457,109.22
33472,109.22
33488,109.22
33504,109.22
33519,81.28
33536,81.28
33551,81.28
33567,76.20
33583,76.20
33598,76.20
33614,76.20
33630,76.20
33645,76.20
33661,76.20
33677,76.20
33693,76.20
33709,76.20
33724,76.20
33740,76.20
33756,78.74
33772,76.20
33787,76.20
33803,76.20
33819,76.20
33835,76.20
33850,76.20
33866,76.20
33882,76.20
33898,78.74
33913,76.20
33929,76.20
33945,76.20
33960,76.20
33976,76.20
33992,76.20
34008,76.20
34024,76.20
34039,76.20
34055,76.20
34071,76.20
34086,76.20
34102,76.20
34118,76.20
34134,76.20
34150,76.20
34165,76.20
34181,76.20
34197,76.20
34212,78.74
34228,78.74
34244,78.74
34259,78.74
34276,76.20
34291,76.20
34307,76.20
34323,76.20
34338,76.20
34354,78.74
34370,78.74
34385,78.74
34402,78.74
34417,109.22
34433,111.76
34449,111.76
34464,111.76
34481,111.76
34496,111.76
34511,111.76
34528,111.76
34543,111.76
34560,111.76
34575,109.22
34591,111.76
34607,109.22
34622,109.22
34638,109.22
34654,111.76
34670,111.76
34685,111.76
34701,111.76
34717,111.76
34733,111.76
34749,111.76
34764,111.76
34781,111.76
34796,111.76
34811,111.76
34828,111.76
34843,111.76
34860,111.76
34875,111.76
34891,111.76
34907,111.76
34922,111.76
34938,111.76
34954,114.30
34970,111.76
34985,111.76
35002,114.30
35017,116.84
35033,116.84
35049,116.84
35064,114.30
35081,114.30
35096,114.30
35111,154.94
35128,160.02
35143,160.02
35160,160.02
35175,160.02
35191,160.02
35207,160.02
35222,160.02
35238,162.56
35254,162.56
35270,160.02
35286,160.02
35301,160.02
35317,160.02
35333,160.02
35349,154.94
35364,129.54
35381,129.54
35396,129.54
35411,129.54
35428,129.54
35443,129.54
35460,129.54
35475,129.54
35491,132.08
35507,119.38
35522,116.84
35538,116.84
35554,116.84
35570,114.30
35586,116.84
35601,114.30
35617,114.30
35633,114.30
35649,114.30
35664,114.30
35681,114.30
35696,114.30
35712,111.76
35728,111.76
35743,111.76
35760,114.30
35775,114.30
35791,114.30
35807,114.30
35822,114.30
35838,114.30
35854,114.30
35870,114.30
35886,114.30
35901,114.30
35917,114.30
35933,116.84
35949,104.14
-1,-1
36965,88.90
36980,88.90
36997,88.90
37012,88.90
37027,91.44
37044,91.44
37059,93.98
37074,91.44
37091,91.44
37106,91.44
37123,88.90
37138,88.90
37153,86.36
37170,88.90
37185,91.44
37200,91.44
37217,91.44
37232,91.44
37249,111.76
37264,114.30
37279,114.30
37296,111.76
37311,111.76
37327,111.76
37343,111.76
37358,111.76
37374,111.76
37390,114.30
37406,114.30
37422,114.30
37438,114.30
37453,114.30
37469,114.30
37485,114.30
37500,114.30
37517,116.84
37532,114.30
37549,114.30
37564,114.30
37579,114.30
37596,116.84
37611,114.30
37627,114.30
37643,114.30
37658,114.30
37675,114.30
37690,114.30
37706,114.30
37722,114.30
37738,124.46
37753,129.54
37769,129.54
37785,132.08
37800,160.02
37817,160.02
37832,160.02
37849,160.02
37864,160.02
37879,160.02
37896,160.02
37911,160.02
37927,160.02
37943,160.02
37958,160.02
37975,160.02
37990,121.92
38006,116.84
38022,116.84
38038,116.84
38053,116.84
38069,114.30
38085,116.84
38100,114.30
38117,114.30
38132,114.30
38149,111.76
38164,111.76
38179,114.30
38196,111.76
38211,111.76
38227,111.76
38243,111.76
38258,111.76
38275,111.76
38290,111.76
38306,111.76
38322,111.76
38338,111.76
38353,111.76
38369,111.76
38385,111.76
38401,111.76
38417,111.76
38432,111.76
38449,111.76
38464,111.76
38479,111.76
38496,111.76
38511,111.76
38528,111.76
38543,111.76
38558,111.76
38575,111.76
38590,111.76
38606,111.76
38622,111.76
38638,111.76
38653,111.76
38669,111.76
38685,111.76
38701,111.76
38717,111.76
38732,111.76
38749,111.76
38764,111.76
38779,86.36
38796,78.74
38811,78.74
38828,78.74
38843,76.20
38858,76.20
38875,76.20
38890,76.20
38905,76.20
38922,76.20
38937,76.20
38953,76.20
38969,76.20
38984,76.20
39001,78.74
39016,76.20
39031,76.20
39048,76.20
39063,76.20
39079,78.74
39095,76.20
39110,76.20
39127,76.20
39142,76.20
39157,76.20
39174,76.20
39189,76.20
39205,76.20
39221,76.20
39236,76.20
39252,76.20
39268,76.20
39283,76.20
39300,76.20
39315,76.20
39331,76.20
39347,76.20
39362,76.20
39378,76.20
39394,76.20
39410,76.20
39426,76.20
39441,76.20
39457,76.20
39473,76.20
39488,76.20
39504,76.20
39520,78.74
39536,76.20
39552,76.20
39567,76.20
39583,76.20
39599,76.20
39614,76.20
39630,78.74
39646,78.74
-1,-1
40662,109.22
40678,109.22
40693,109.22
40709,109.22
40725,109.22
40740,111.76
40757,109.22
40772,109.22
40788,109.22
40804,109.22
40819,109.22
40836,109.22
40851,109.22
40867,109.22
40883,109.22
40899,109.22
40914,86.36
40930,78.74
40946,78.74
40962,78.74
40977,76.20
40993,76.20
41009,76.20
41025,76.20
41040,76.20
41056,76.20
41072,76.20
41088,76.20
41103,76.20
41119,76.20
41135,76.20
41151,78.74
41166,76.20
41182,78.74
41198,76.20
41213,76.20
41229,76.20
41245,78.74
41261,76.20
41277,76.20
41292,76.20
41308,76.20
41324,76.20
41339,76.20
41355,76.20
41371,76.20
41387,76.20
41403,76.20
41418,76.20
41434,76.20
41450,76.20
41465,76.20
41481,76.20
41497,76.20
41512,76.20
41529,76.20
41544,76.20
41560,76.20
41576,76.20
41591,76.20
41608,76.20
41623,76.20
41638,76.20
41655,76.20
41670,76.20
41686,76.20
41702,78.74
41717,109.22
41734,111.76
41749,111.76
41764,81.28
41781,78.74
41796,78.74
41812,104.14
41828,111.76
41843,111.76
41860,111.76
41875,111.76
41891,111.76
41907,111.76
41922,111.76
41938,111.76
41954,111.76
41970,111.76
41986,111.76
42002,111.76
42017,111.76
42033,111.76
42049,111.76
42064,111.76
42081,111.76
42096,111.76
42112,111.76
42128,111.76
42143,111.76
42160,111.76
42175,111.76
42191,111.76
42207,111.76
42222,111.76
42238,111.76
42254,111.76
42270,111.76
42286,111.76
42302,114.30
42317,111.76
42333,111.76
42349,111.76
42364,111.76
42381,111.76
42396,111.76
42412,154.94
42428,162.56
42443,162.56
42460,162.56
42475,162.56
42491,162.56
42507,160.02
42522,160.02
42539,160.02
42554,160.02
42570,160.02
42586,160.02
42602,162.56
42617,160.02
42633,160.02
42649,160.02
42664,160.02
42681,160.02
42696,160.02
42712,160.02
42728,160.02
42743,160.02
42760,132.08
42775,132.08
42791,132.08
42807,116.84
42822,114.30
42839,116.84
42854,114.30
42870,114.30
42886,114.30
42901,116.84
42917,114.30
42933,114.30
42949,114.30
42964,114.30
42981,114.30
42996,114.30
43012,111.76
43028,111.76
43043,111.76
43060,111.76
43075,111.76
43091,111.76
43107,116.84
43122,116.84
43139,116.84
43154,114.30
43170,114.30
43186,114.30
43201,114.30
43217,114.30
43233,114.30
43249,114.30
43265,114.30
43281,114.30
43296,99.06
43312,88.90
43328,88.90
43343,88.90
-1,-1
44359,86.36
44376,86.36
44391,86.36
44406,86.36
44423,86.36
44438,88.90
44453,88.90
44470,88.90
44485,88.90
44502,86.36
44517,86.36
44532,86.36
44549,86.36
44564,86.36
44579,88.90
44596,86.36
44611,86.36
44627,86.36
44643,109.22
44658,114.30
44675,114.30
44690,114.30
44706,114.30
44722,114.30
44737,111.76
44753,111.76
44769,114.30
44785,114.30
44801,114.30
44817,114.30
44832,114.30
44848,114.30
44864,114.30
44879,114.30
44896,114.30
44911,114.30
44926,114.30
44943,114.30
44958,114.30
44975,114.30
44990,116.84
45006,116.84
45022,116.84
45037,114.30
45053,116.84
45069,114.30
45085,116.84
45101,114.30
45117,114.30
45132,116.84
45148,129.54
45164,129.54
45179,129.54
45196,129.54
45211,132.08
45227,129.54
45243,154.94
45258,160.02
45275,160.02
45290,160.02
45306,160.02
45322,160.02
45337,160.02
45353,160.02
45369,160.02
45385,160.02
45401,160.02
45417,160.02
45432,160.02
45448,160.02
45464,160.02
45479,147.32
45496,114.30
45511,114.30
45527,114.30
45543,111.76
45558,111.76
45575,114.30
45590,114.30
45606,114.30
45622,111.76
45637,111.76
45654,111.76
45669,111.76
45685,111.76
45701,111.76
45717,111.76
45732,111.76
45748,111.76
45764,111.76
45779,111.76
45796,111.76
45811,111.76
45827,111.76
45843,111.76
45858,111.76
45875,111.76
45890,111.76
45906,111.76
45922,111.76
45937,111.76
45954,109.22
45969,109.22
45985,111.76
46001,111.76
46017,111.76
46032,111.76
46048,111.76
46064,111.76
46080,111.76
46096,111.76
46111,111.76
46127,114.30
46143,111.76
46158,114.30
46175,111.76
46190,111.76
46206,111.76
46222,109.22
46237,78.74
46254,78.74
46269,78.74
46285,76.20
46301,76.20
46316,76.20
46332,76.20
46348,76.20
46363,76.20
46380,76.20
46395,76.20
46411,76.20
46427,76.20
46442,76.20
46458,78.74
46474,76.20
46489,76.20
46505,78.74
46521,76.20
46537,76.20
46553,76.20
46568,76.20
46584,76.20
46600,76.20
46615,76.20
46631,76.20
46647,76.20
46663,78.74
46679,76.20
46694,76.20
46710,76.20
46726,76.20
46741,76.20
46757,76.20
46773,76.20
46789,78.74
46804,76.20
46820,76.20
46836,76.20
46852,76.20
46867,76.20
46883,76.20
46899,76.20
46915,76.20
46930,76.20
46946,76.20
46962,76.20
46978,76.20
46994,76.20
47009,78.74
47025,76.20
47041,76.20
-1,-1
48057,109.22
48072,109.22
48089,109.22
48104,109.22
48119,109.22
48136,109.22
48151,109.22
48167,109.22
48183,109.22
48198,109.22
48215,111.76
48230,109.22
48246,111.76
48262,109.22
48278,109.22
48293,109.22
48309,99.06
48325,78.74
48340,78.74
48357,78.74
48372,76.20
48388,76.20
48404,76.20
48419,76.20
48435,76.20
48451,78.74
48466,76.20
48483,76.20
48498,76.20
48514,76.20
48530,76.20
48545,76.20
48561,76.20
48577,76.20
48592,76.20
48609,76.20
48624,76.20
48640,76.20
48656,76.20
48671,76.20
48687,76.20
48703,76.20
48718,76.20
48735,76.20
48750,76.20
48765,76.20
48782,76.20
48797,76.20
48813,76.20
48829,76.20
48844,76.20
48861,76.20
48876,76.20
48891,76.20
48908,76.20
48923,76.20
48939,76.20
48955,76.20
48970,76.20
48987,76.20
49002,76.20
49017,76.20
49034,76.20
49049,76.20
49064,76.20
49081,76.20
49096,76.20
49113,78.74
49128,78.74
49143,78.74
49160,78.74
49175,78.74
49190,78.74
49207,86.36
49222,111.76
49239,111.76
49254,111.76
49269,111.76
49286,111.76
49301,111.76
49317,111.76
49333,111.76
49349,111.76
49364,109.22
49380,109.22
49396,109.22
49412,111.76
49428,111.76
49443,111.76
49460,109.22
49475,109.22
49490,109.22
49507,111.76
49522,111.76
49539,111.76
49554,111.76
49570,111.76
49586,111.76
49601,111.76
49617,111.76
49633,114.30
49649,111.76
49665,111.76
49680,111.76
49696,111.76
49712,111.76
49728,111.76
49743,111.76
49760,111.76
49775,111.76
49790,111.76
49807,111.76
49822,111.76
49839,111.76
49854,114.30
49869,114.30
49886,114.30
49901,116.84
49917,154.94
49933,157.48
49949,157.48
49965,160.02
49980,160.02
49996,160.02
50012,160.02
50028,160.02
50043,160.02
50060,160.02
50075,160.02
50091,160.02
50107,160.02
50122,160.02
50139,160.02
50154,160.02
50169,160.02
50186,160.02
50201,132.08
50217,116.84
50233,116.84
50249,114.30
50265,114.30
50280,114.30
50296,114.30
50312,116.84
50328,114.30
50343,114.30
50360,114.30
50375,114.30
50391,114.30
50407,116.84
50422,114.30
50439,114.30
50454,114.30
50469,114.30
50486,114.30
50501,114.30
50518,114.30
50533,114.30
50549,114.30
50565,114.30
50580,114.30
50596,114.30
50612,114.30
50628,114.30
50643,114.30
50660,114.30
50675,114.30
50691,114.30
50707,114.30
50722,114.30
50739,114.30
-1,-1
51755,88.90
51770,88.90
51785,86.36
51802,78.74
51817,78.74
51833,68.58
51849,40.64
51864,38.10
51880,40.64
51896,106.68
51911,114.30
51928,114.30
51943,116.84
51959,116.84
51975,116.84
51991,114.30
52006,114.30
52022,114.30
52038,116.84
52054,114.30
52070,114.30
52085,114.30
52102,114.30
52117,114.30
52132,114.30
52149,114.30
52164,114.30
52180,114.30
52196,116.84
52211,114.30
52228,114.30
52243,116.84
52259,119.38
52275,116.84
52291,116.84
52306,114.30
52322,114.30
52338,114.30
52354,114.30
52370,114.30
52385,114.30
52401,114.30
52417,116.84
52432,114.30
52449,114.30
52464,114.30
52481,116.84
52496,129.54
52511,129.54
52528,129.54
52543,152.40
52559,160.02
52575,160.02
52591,160.02
52606,160.02
52622,160.02
52638,160.02
52654,160.02
52670,160.02
52685,160.02
52701,160.02
52717,162.56
52732,160.02
52749,160.02
52764,160.02
52781,160.02
52796,160.02
52811,160.02
52828,160.02
52843,160.02
52859,160.02
52875,160.02
52890,160.02
52907,160.02
52922,160.02
52938,119.38
52954,114.30
52970,114.30
52985,111.76
53001,111.76
53017,111.76
53032,111.76
53049,111.76
53064,111.76
53081,111.76
53096,111.76
53111,111.76
53128,111.76
53143,111.76
53159,111.76
53175,111.76
53190,111.76
53207,111.76
53222,111.76
53238,111.76
53254,109.22
53270,109.22
53285,111.76
53301,111.76
53317,111.76
53332,111.76
53349,109.22
53364,109.22
53381,109.22
53396,109.22
53411,109.22
53428,111.76
53443,111.76
53459,111.76
53475,111.76
53490,111.76
53507,111.76
53522,114.30
53538,114.30
53554,114.30
53570,111.76
53585,81.28
53601,81.28
53617,81.28
53633,76.20
53648,76.20
53664,76.20
53680,76.20
53696,76.20
53711,76.20
53727,76.20
53743,76.20
53758,76.20
53775,76.20
53790,76.20
53806,76.20
53822,76.20
53837,76.20
53853,76.20
53869,76.20
53884,78.74
53901,76.20
53916,76.20
53932,76.20
53948,76.20
53963,76.20
53979,76.20
53995,76.20
54010,76.20
54027,76.20
54042,76.20
54057,76.20
54074,76.20
54089,76.20
54105,76.20
54121,76.20
54136,78.74
54153,76.20
54168,76.20
54183,76.20
54200,76.20
54215,76.20
54231,76.20
54247,76.20
54262,76.20
54279,76.20
54294,76.20
54309,76.20
54326,76.20
54341,76.20
54356,76.20
54373,76.20
54388,78.74
54405,76.20
54420,78.74
54435,78.74
-1,-1
55451,109.22
55468,109.22
55483,109.22
55499,109.22
55515,109.22
55531,109.22
55546,109.22
55562,109.22
55578,109.22
55593,109.22
55610,109.22
55625,109.22
55641,109.22
55657,109.22
55672,109.22
55689,109.22
55704,109.22
55720,109.22
55736,109.22
55751,109.22
55768,81.28
55783,78.74
55799,78.74
55815,78.74
55830,76.20
55846,76.20
55862,78.74
55878,76.20
55894,76.20
55909,76.20
55925,76.20
55941,78.74
55956,76.20
55972,76.20
55988,76.20
56004,76.20
56019,76.20
56035,76.20
56051,76.20
56067,78.74
56082,76.20
56098,78.74
56114,76.20
56130,76.20
56145,76.20
56161,76.20
56177,76.20
56193,76.20
56208,76.20
56224,76.20
56240,76.20
56256,76.20
56271,76.20
56287,76.20
56303,78.74
56318,76.20
56335,76.20
56350,76.20
56366,76.20
56382,76.20
56397,76.20
56413,76.20
56429,76.20
56444,76.20
56461,76.20
56476,76.20
56492,76.20
56508,83.82
56523,111.76
56539,111.76
56555,111.76
56570,111.76
56587,111.76
56602,114.30
56619,111.76
56634,111.76
56649,111.76
56666,111.76
56681,111.76
56697,111.76
56713,111.76
56729,111.76
56744,111.76
56760,111.76
56776,111.76
56792,111.76
56808,111.76
56823,114.30
56839,111.76
56855,111.76
56870,109.22
56887,111.76
56902,111.76
56919,111.76
56934,111.76
56949,111.76
56966,111.76
56981,111.76
56997,111.76
57013,111.76
57029,111.76
57044,111.76
57060,111.76
57076,111.76
57092,111.76
57108,111.76
57123,111.76
57139,111.76
57155,114.30
57170,114.30
57187,114.30
57202,114.30
57219,111.76
57234,111.76
57249,114.30
57266,114.30
57281,114.30
57297,114.30
57313,154.94
57329,157.48
57345,157.48
57360,160.02
57376,160.02
57392,160.02
57408,160.02
57423,160.02
57439,160.02
57455,160.02
57470,160.02
57487,160.02
57502,160.02
57519,160.02
57534,160.02
57549,160.02
57566,160.02
57581,160.02
57597,160.02
57613,160.02
57628,160.02
57645,160.02
57660,116.84
57676,116.84
57692,116.84
57708,114.30
57723,116.84
57739,116.84
57755,114.30
57771,114.30
57787,114.30
57802,116.84
57818,114.30
57834,114.30
57849,114.30
57866,114.30
57881,114.30
57897,114.30
57913,114.30
57928,114.30
57945,116.84
57960,116.84
57976,114.30
57992,116.84
58008,114.30
58023,114.30
58039,114.30
58055,114.30
58071,114.30
58087,114.30
58102,114.30
58118,114.30
58134,114.30
-1,-1
59150,81.28
59165,81.28
59182,81.28
59197,78.74
59212,76.20
59229,76.20
59244,78.74
59260,78.74
59276,78.74
59291,96.52
59308,114.30
59323,114.30
59339,114.30
59355,114.30
59370,114.30
59386,114.30
59402,114.30
59418,114.30
59433,104.14
59449,81.28
59465,81.28
59481,83.82
59497,111.76
59512,114.30
59528,114.30
59544,114.30
59559,114.30
59576,114.30
59591,114.30
59608,114.30
59623,114.30
59638,114.30
59655,114.30
59670,114.30
59686,114.30
59702,114.30
59718,114.30
59734,114.30
59749,114.30
59765,114.30
59781,114.30
59797,114.30
59812,114.30
59828,114.30
59844,116.84
59859,116.84
59876,116.84
59891,127.00
59908,129.54
59923,129.54
59938,142.24
59955,160.02
59970,160.02
59986,160.02
60002,160.02
60018,160.02
60034,160.02
60049,160.02
60065,160.02
60081,160.02
60097,160.02
60112,160.02
60128,160.02
60144,160.02
60160,160.02
60176,160.02
60191,160.02
60208,160.02
60223,160.02
60238,160.02
60255,160.02
60270,160.02
60286,127.00
60302,116.84
60317,114.30
60334,114.30
60349,114.30
60365,114.30
60381,114.30
60397,111.76
60412,114.30
60428,114.30
60444,111.76
60460,111.76
60476,111.76
60491,111.76
60508,111.76
60523,111.76
60538,111.76
60555,111.76
60570,111.76
60587,114.30
60602,111.76
60617,111.76
60634,111.76
60649,114.30
60665,111.76
60681,111.76
60697,111.76
60712,111.76
60728,114.30
60744,111.76
60760,111.76
60776,111.76
60791,111.76
60808,114.30
60823,111.76
60838,111.76
60855,111.76
60870,114.30
60887,111.76
60902,111.76
60917,111.76
60934,111.76
60949,111.76
60965,111.76
60981,86.36
60997,78.74
61012,81.28
61028,78.74
61044,76.20
61060,76.20
61075,76.20
61091,76.20
61107,76.20
61123,76.20
61138,76.20
61154,76.20
61170,78.74
61186,76.20
61201,76.20
61217,76.20
61233,76.20
61249,78.74
61264,76.20
61280,76.20
61296,76.20
61312,76.20
61328,76.20
61343,76.20
61359,76.20
61375,76.20
61390,76.20
61406,76.20
61422,76.20
61437,76.20
61454,76.20
61469,76.20
61485,76.20
61501,76.20
61516,76.20
61532,76.20
61548,76.20
61563,76.20
61580,76.20
61595,76.20
61611,76.20
61627,76.20
61642,76.20
61658,76.20
61674,76.20
61689,76.20
61706,76.20
61721,76.20
61736,76.20
61753,76.20
61768,76.20
61785,76.20
61800,76.20
61815,76.20
61832,78.74
-1,-1
62848,109.22
62863,109.22
62878,109.22
62895,109.22
62910,109.22
62926,109.22
62942,109.22
62958,109.22
62973,109.22
62989,109.22
63005,109.22
63021,109.22
63037,109.22
63052,109.22
63069,81.28
63084,81.28
63099,81.28
63116,78.74
63131,81.28
63147,78.74
63163,78.74
63178,76.20
63195,78.74
63210,78.74
63225,76.20
63242,76.20
63257,76.20
63272,76.20
63289,76.20
63304,76.20
63321,76.20
63336,76.20
63351,76.20
63368,76.20
63383,76.20
63399,76.20
63415,76.20
63430,76.20
63447,76.20
63462,76.20
63477,76.20
63494,76.20
63509,76.20
63525,76.20
63541,76.20
63556,76.20
63572,78.74
63588,76.20
63603,76.20
63620,76.20
63635,76.20
63651,76.20
63667,76.20
63682,76.20
63698,76.20
63714,76.20
63729,76.20
63746,76.20
63761,76.20
63777,76.20
63793,78.74
63808,76.20
63824,76.20
63840,76.20
63856,76.20
63872,76.20
63887,76.20
63903,76.20
63919,78.74
63934,78.74
63950,78.74
63966,109.22
63982,111.76
63997,111.76
64013,111.76
64029,111.76
64045,111.76
64061,109.22
64076,111.76
64093,109.22
64108,109.22
64123,109.22
64140,109.22
64155,111.76
64172,111.76
64187,111.76
64202,111.76
64219,111.76
64234,111.76
64250,111.76
64266,111.76
64282,111.76
64297,111.76
64313,109.22
64329,109.22
64345,109.22
64361,111.76
64376,111.76
64393,114.30
64408,111.76
64423,111.76
64440,111.76
64455,111.76
64472,111.76
64487,111.76
64502,111.76
64519,111.76
64534,114.30
64550,111.76
64566,111.76
64582,111.76
64598,111.76
64613,116.84
64629,114.30
64645,114.30
64661,152.40
64676,160.02
64693,160.02
64708,160.02
64723,160.02
64740,160.02
64755,160.02
64772,160.02
64787,160.02
64802,160.02
64819,160.02
64834,162.56
64850,160.02
64866,160.02
64882,160.02
64898,160.02
64913,162.56
64929,160.02
64945,160.02
64961,160.02
64976,162.56
64992,162.56
65008,160.02
65024,160.02
65040,160.02
65055,124.46
65072,116.84
65087,116.84
65102,116.84
65119,116.84
65134,116.84
65150,124.46
65166,129.54
65181,129.54
65198,124.46
65213,119.38
65229,116.84
65245,116.84
65261,114.30
65276,114.30
65292,116.84
65308,114.30
65324,114.30
65340,114.30
65355,43.18
65372,40.64
65387,38.10
65402,101.60
65419,114.30
65434,114.30
65451,114.30
65466,114.30
65481,114.30
65498,114.30
65513,114.30
65529,111.76
-1,-1
66545,76.20
66561,76.20
66576,76.20
66592,73.66
66608,73.66
66624,73.66
66639,76.20
66655,73.66
66671,73.66
66686,76.20
66702,73.66
66718,73.66
66734,76.20
66750,76.20
66765,76.20
66781,78.74
66797,78.74
66812,76.20
66828,76.20
66844,76.20
66860,76.20
66876,76.20
66891,99.06
66907,114.30
66923,114.30
66938,114.30
66955,114.30
66970,114.30
66985,114.30
67002,111.76
67017,114.30
67034,114.30
67049,114.30
67065,114.30
67081,116.84
67096,114.30
67112,114.30
67128,114.30
67144,114.30
67160,114.30
67175,114.30
67191,116.84
67207,114.30
67223,114.30
67238,127.00
67255,129.54
67270,129.54
67286,129.54
67302,129.54
67317,129.54
67334,129.54
67349,160.02
67364,157.48
67381,160.02
67396,162.56
67412,160.02
67428,160.02
67444,160.02
67460,160.02
67475,160.02
67491,160.02
67507,160.02
67523,160.02
67538,160.02
67554,160.02
67570,160.02
67586,160.02
67602,160.02
67617,160.02
67634,160.02
67649,160.02
67664,160.02
67681,139.70
67696,116.84
67713,114.30
67728,116.84
67744,111.76
67760,114.30
67775,114.30
67791,111.76
67807,111.76
67823,111.76
67838,111.76
67854,111.76
67870,111.76
67886,111.76
67902,114.30
67917,111.76
67934,111.76
67949,111.76
67964,111.76
67981,111.76
67996,111.76
68013,111.76
68028,111.76
68044,109.22
68060,109.22
68075,111.76
68091,111.76
68107,111.76
68123,111.76
68139,111.76
68155,111.76
68170,111.76
68186,111.76
68202,111.76
68217,111.76
68234,109.22
68249,109.22
68264,109.22
68281,111.76
68296,111.76
68313,111.76
68328,111.76
68344,114.30
68360,111.76
68375,93.98
68391,81.28
68407,78.74
68423,78.74
68439,78.74
68454,76.20
68470,76.20
68486,76.20
68501,76.20
68517,78.74
68533,76.20
68549,76.20
68564,76.20
68580,76.20
68596,76.20
68612,76.20
68627,76.20
68643,76.20
68659,76.20
68675,76.20
68690,76.20
68706,76.20
68722,76.20
68738,76.20
68753,76.20
68769,76.20
68785,76.20
68801,76.20
68816,76.20
68832,76.20
68848,76.20
68864,76.20
68879,76.20
68895,78.74
68911,76.20
68927,76.20
68942,76.20
68958,76.20
68974,76.20
68989,76.20
69005,76.20
69021,76.20
69037,76.20
69053,76.20
69068,76.20
69084,76.20
69100,76.20
69115,76.20
69132,76.20
69147,76.20
69163,76.20
69179,76.20
69194,76.20
69210,76.20
69226,78.74
-1,-1
70242,109.22
70257,109.22
70274,109.22
70289,109.22
70304,109.22
70321,109.22
70336,109.22
70352,109.22
70368,109.22
70384,109.22
70400,109.22
70415,109.22
70431,109.22
70447,109.22
70463,109.22
70478,109.22
70495,109.22
70510,93.98
70525,78.74
70542,76.20
70557,76.20
70573,76.20
70589,76.20
70604,76.20
70621,76.20
70636,76.20
70651,76.20
70668,76.20
70683,76.20
70700,76.20
70715,76.20
70730,76.20
70747,76.20
70762,78.74
70777,76.20
70794,76.20
70809,76.20
70825,76.20
70841,78.74
70856,76.20
70873,76.20
70888,76.20
70903,76.20
70920,76.20
70935,76.20
70951,76.20
70967,76.20
70982,76.20
70999,76.20
71014,76.20
71029,76.20
71046,76.20
71061,76.20
71077,76.20
71093,76.20
71108,76.20
71124,78.74
71140,76.20
71155,76.20
71172,76.20
71187,76.20
71203,78.74
71219,76.20
71234,76.20
71250,76.20
71266,78.74
71282,78.74
71298,78.74
71313,104.14
71329,111.76
71345,111.76
71361,111.76
71376,111.76
71392,111.76
71408,111.76
71424,111.76
71440,111.76
71455,111.76
71472,111.76
71487,111.76
71502,111.76
71519,111.76
71534,111.76
71550,111.76
71566,111.76
71581,111.76
71598,111.76
71613,111.76
71629,109.22
71645,111.76
71661,111.76
71676,111.76
71692,111.76
71708,111.76
71724,111.76
71740,111.76
71755,111.76
71772,111.76
71787,111.76
71802,111.76
71819,111.76
71834,114.30
71851,111.76
71866,114.30
71881,111.76
71898,111.76
71913,111.76
71929,111.76
71945,111.76
71961,111.76
71976,111.76
71992,111.76
72008,114.30
72024,116.84
72040,116.84
72055,114.30
72071,114.30
72087,114.30
72102,127.00
72119,157.48
72134,157.48
72151,157.48
72166,160.02
72181,160.02
72198,160.02
72213,160.02
72229,160.02
72245,160.02
72260,160.02
72276,160.02
72292,160.02
72308,160.02
72324,160.02
72340,160.02
72355,137.16
72371,134.62
72387,134.62
72402,132.08
72419,129.54
72434,129.54
72451,132.08
72466,132.08
72481,132.08
72498,132.08
72513,157.48
72529,160.02
72545,160.02
72560,137.16
72577,137.16
72592,137.16
72608,119.38
72624,119.38
72640,116.84
72655,114.30
72671,114.30
72687,116.84
72702,116.84
72719,114.30
72734,114.30
72750,114.30
72766,114.30
72781,114.30
72798,53.34
72813,40.64
72828,40.64
72845,55.88
72860,111.76
72877,114.30
72892,114.30
72907,114.30
72924,114.30
-1,-1
73939,114.30
73955,111.76
73971,111.76
73987,114.30
74003,114.30
74018,114.30
74035,114.30
74050,119.38
74065,116.84
74082,116.84
74097,114.30
74114,114.30
74129,114.30
74144,116.84
74161,114.30
74176,114.30
74192,116.84
74208,116.84
74224,116.84
74240,114.30
74255,114.30
74271,116.84
74287,114.30
74303,114.30
74318,114.30
74335,116.84
74350,114.30
74365,114.30
74382,114.30
74397,111.76
74414,111.76
74429,111.76
74444,114.30
74461,114.30
74476,114.30
74492,114.30
74508,114.30
74524,114.30
74540,114.30
74555,114.30
74571,114.30
74587,114.30
74603,116.84
74618,114.30
74635,119.38
74650,129.54
74665,129.54
74682,127.00
74697,116.84
74714,116.84
74729,116.84
74744,132.08
74761,132.08
74776,132.08
74792,154.94
74808,160.02
74824,160.02
74840,160.02
74855,160.02
74871,160.02
74887,160.02
74903,160.02
74918,160.02
74934,160.02
74950,160.02
74966,160.02
74982,160.02
74997,160.02
75014,160.02
75029,152.40
75044,116.84
75061,114.30
75076,114.30
75092,111.76
75108,111.76
75124,111.76
75140,111.76
75155,111.76
75171,111.76
75187,111.76
75203,111.76
75218,114.30
75234,111.76
75250,111.76
75266,114.30
75282,111.76
75297,111.76
75314,111.76
75329,111.76
75344,111.76
75361,111.76
75376,111.76
75393,111.76
75408,111.76
75424,111.76
75440,111.76
75455,111.76
75471,114.30
75487,114.30
75503,111.76
75518,114.30
75534,109.22
75550,109.22
75566,109.22
75582,111.76
75597,111.76
75614,111.76
75629,111.76
75644,111.76
75661,111.76
75676,111.76
75693,111.76
75708,114.30
75724,114.30
75740,111.76
75755,111.76
75771,109.22
75787,78.74
75803,78.74
75819,78.74
75834,76.20
75850,76.20
75866,76.20
75882,76.20
75897,76.20
75913,76.20
75929,76.20
75944,76.20
75960,76.20
75976,76.20
75992,76.20
76008,78.74
76023,78.74
76039,76.20
76055,76.20
76070,76.20
76086,76.20
76102,76.20
76118,76.20
76134,76.20
76149,76.20
76165,76.20
76181,76.20
76196,76.20
76212,76.20
76228,76.20
76243,76.20
76260,76.20
76275,76.20
76291,76.20
76307,76.20
76322,76.20
76339,76.20
76354,76.20
76369,76.20
76386,76.20
76401,76.20
76417,76.20
76433,76.20
76448,76.20
76465,76.20
76480,76.20
76495,76.20
76512,78.74
76527,78.74
76542,78.74
76559,78.74
76574,76.20
76591,76.20
76606,76.20
76621,78.74
-1,-1
77637,109.22
77654,109.22
77669,109.22
77685,109.22
77701,109.22
77716,109.22
77732,109.22
77748,109.22
77764,109.22
77779,109.22
77796,109.22
77811,109.22
77827,109.22
77843,109.22
77858,109.22
77875,109.22
77890,109.22
77906,109.22
77922,81.28
77937,78.74
77954,78.74
77969,76.20
77984,76.20
78001,76.20
78016,76.20
78032,76.20
78048,76.20
78063,76.20
78080,78.74
78095,76.20
78111,76.20
78127,76.20
78142,76.20
78158,78.74
78174,76.20
78189,76.20
78205,76.20
78221,76.20
78237,76.20
78253,76.20
78268,76.20
78284,76.20
78300,76.20
78315,76.20
78331,78.74
78347,76.20
78363,76.20
78379,76.20
78394,76.20
78410,76.20
78426,76.20
78442,76.20
78457,76.20
78473,76.20
78489,76.20
78504,76.20
78520,76.20
78536,76.20
78552,76.20
78568,76.20
78583,76.20
78599,76.20
78615,76.20
78630,76.20
78646,76.20
78662,76.20
78678,76.20
78694,76.20
78709,78.74
78725,78.74
78741,78.74
78756,86.36
78772,111.76
78788,111.76
78803,111.76
78820,109.22
78835,111.76
78852,111.76
78867,109.22
78882,109.22
78899,109.22
78914,109.22
78930,109.22
78946,109.22
78962,109.22
78978,109.22
78993,111.76
79009,109.22
79025,109.22
79041,109.22
79056,111.76
79073,111.76
79088,111.76
79104,111.76
79120,111.76
79135,111.76
79152,111.76
79167,111.76
79182,111.76
79199,111.76
79214,111.76
79230,111.76
79246,111.76
79262,111.76
79278,111.76
79293,111.76
79309,111.76
79325,111.76
79341,114.30
79356,111.76
79372,111.76
79388,111.76
79404,127.00
79420,157.48
79435,157.48
79452,157.48
79467,160.02
79482,160.02
79499,160.02
79514,160.02
79531,160.02
79546,160.02
79562,160.02
79578,160.02
79593,160.02
79609,160.02
79625,160.02
79641,160.02
79656,160.02
79672,160.02
79688,160.02
79704,137.16
79720,129.54
79735,132.08
79752,132.08
79767,129.54
79782,129.54
79799,124.46
79814,116.84
79831,116.84
79846,116.84
79861,114.30
79878,114.30
79893,116.84
79909,114.30
79925,114.30
79941,114.30
79956,116.84
79972,114.30
79988,114.30
80004,114.30
80020,114.30
80035,114.30
80052,114.30
80067,114.30
80082,114.30
80099,114.30
80114,114.30
80131,114.30
80146,114.30
80161,114.30
80178,114.30
80193,116.84
80209,114.30
80225,114.30
80241,114.30
80257,114.30
80272,114.30
80288,114.30
80304,114.30
80320,114.30
-1,-1
81336,114.30
81351,114.30
81368,114.30
81383,114.30
81398,114.30
81415,114.30
81430,114.30
81446,114.30
81462,114.30
81478,114.30
81494,114.30
81509,114.30
81525,114.30
81541,114.30
81557,114.30
81572,114.30
81588,114.30
81604,114.30
81619,114.30
81636,114.30
81651,114.30
81668,114.30
81683,114.30
81698,114.30
81715,114.30
81730,114.30
81746,111.76
81762,111.76
81777,111.76
81794,114.30
81809,114.30
81825,114.30
81841,114.30
81857,114.30
81872,114.30
81888,114.30
81904,114.30
81920,114.30
81936,114.30
81951,114.30
81968,114.30
81983,116.84
81998,116.84
82015,116.84
82030,116.84
82046,116.84
82062,116.84
82077,116.84
82094,147.32
82109,157.48
82125,157.48
82141,132.08
82157,129.54
82172,129.54
82188,142.24
82204,160.02
82220,160.02
82236,160.02
82251,160.02
82268,160.02
82283,160.02
82298,160.02
82315,160.02
82330,160.02
82347,160.02
82362,160.02
82377,160.02
82394,160.02
82409,160.02
82425,160.02
82441,119.38
82457,116.84
82472,116.84
82488,114.30
82504,114.30
82520,114.30
82536,114.30
82551,111.76
82567,111.76
82583,114.30
82598,114.30
82615,114.30
82630,111.76
82647,111.76
82662,114.30
82677,114.30
82694,111.76
82709,111.76
82725,114.30
82741,111.76
82757,111.76
82772,111.76
82788,111.76
82804,111.76
82820,111.76
82836,111.76
82851,109.22
82867,109.22
82883,111.76
82898,111.76
82915,111.76
82930,111.76
82947,111.76
82962,111.76
82977,111.76
82994,111.76
83009,111.76
83025,111.76
83041,111.76
83057,111.76
83073,111.76
83088,111.76
83104,111.76
83120,111.76
83136,111.76
83151,111.76
83167,111.76
83183,83.82
83198,81.28
83215,81.28
83230,78.74
83246,76.20
83262,78.74
83277,76.20
83294,76.20
83309,76.20
83324,76.20
83341,76.20
83356,76.20
83372,76.20
83388,76.20
83403,76.20
83420,76.20
83435,76.20
83450,76.20
83467,78.74
83482,76.20
83497,76.20
83514,76.20
83529,76.20
83546,76.20
83561,76.20
83576,76.20
83593,76.20
83608,76.20
83623,76.20
83640,76.20
83655,76.20
83672,76.20
83687,76.20
83702,76.20
83719,76.20
83734,76.20
83749,76.20
83766,76.20
83781,76.20
83798,76.20
83813,76.20
83828,76.20
83845,76.20
83860,78.74
83875,76.20
83892,76.20
83907,76.20
83923,76.20
83939,76.20
83954,76.20
83971,78.74
83986,78.74
84001,78.74
84018,81.28
-1,-1
85033,109.22
85049,109.22
85065,109.22
85081,109.22
85097,109.22
85112,109.22
85128,109.22
85144,109.22
85159,109.22
85176,109.22
85191,109.22
85207,109.22
85223,109.22
85238,109.22
85255,109.22
85270,109.22
85286,109.22
85302,109.22
85317,81.28
85334,78.74
85349,78.74
85365,78.74
85381,76.20
85396,76.20
85412,76.20
85428,76.20
85443,76.20
85459,76.20
85475,76.20
85491,76.20
85507,76.20
85522,76.20
85538,76.20
85554,76.20
85569,76.20
85585,76.20
85601,76.20
85617,76.20
85633,76.20
85648,76.20
85664,76.20
85680,76.20
85695,76.20
85711,76.20
85727,76.20
85743,76.20
85758,76.20
85774,78.74
85790,76.20
85806,76.20
85822,76.20
85837,76.20
85853,76.20
85869,76.20
85884,76.20
85900,76.20
85916,76.20
85932,76.20
85948,76.20
85963,76.20
85979,76.20
85995,76.20
86010,76.20
86026,76.20
86042,76.20
86057,76.20
86074,76.20
86089,76.20
86105,76.20
86121,76.20
86136,76.20
86152,76.20
86168,109.22
86183,111.76
86200,111.76
86215,111.76
86231,111.76
86247,111.76
86262,111.76
86279,109.22
86294,109.22
86310,109.22
86326,109.22
86341,109.22
86358,109.22
86373,109.22
86389,109.22
86405,109.22
86421,109.22
86436,109.22
86452,109.22
86468,109.22
86483,109.22
86500,109.22
86515,111.76
86531,111.76
86547,111.76
86562,111.76
86579,111.76
86594,111.76
86610,111.76
86626,114.30
86641,114.30
86658,114.30
86673,111.76
86689,111.76
86705,111.76
86721,114.30
86736,111.76
86752,114.30
86768,114.30
86784,111.76
86800,111.76
86815,157.48
86831,157.48
86847,160.02
86862,160.02
86879,160.02
86894,160.02
86910,160.02
86926,160.02
86941,160.02
86958,160.02
86973,160.02
86989,160.02
87005,160.02
87021,160.02
87036,160.02
87052,160.02
87068,160.02
87084,160.02
87100,147.32
87115,129.54
87131,129.54
87147,129.54
87162,132.08
87179,129.54
87194,129.54
87211,129.54
87226,129.54
87241,129.54
87258,129.54
87273,129.54
87289,129.54
87305,119.38
87320,116.84
87336,116.84
87352,114.30
87368,114.30
87384,116.84
87400,114.30
87415,114.30
87431,114.30
87447,114.30
87462,114.30
87479,114.30
87494,114.30
87511,111.76
87526,114.30
87541,114.30
87558,111.76
87573,111.76
87589,111.76
87605,111.76
87620,111.76
87636,111.76
87652,111.76
87668,111.76
87684,111.76
87700,114.30
87715,114.30
-1,-1
