14,22.86
30,35.56
46,35.56
61,35.56
76,27.94
93,25.40
108,22.86
123,22.86
140,20.32
155,22.86
171,22.86
186,35.56
202,38.10
218,35.56
233,38.10
249,38.10
265,38.10
280,25.40
295,22.86
312,22.86
327,33.02
343,35.56
359,35.56
374,27.94
390,25.40
405,22.86
421,27.94
437,35.56
452,38.10
468,35.56
484,38.10
499,38.10
515,38.10
531,38.10
546,38.10
562,38.10
578,38.10
593,38.10
609,38.10
624,38.10
641,38.10
656,38.10
671,43.18
688,81.28
703,83.82
718,83.82
734,78.74
750,78.74
765,78.74
781,83.82
797,81.28
813,83.82
828,81.28
843,81.28
860,81.28
875,48.26
890,40.64
907,38.10
922,40.64
937,40.64
953,38.10
969,40.64
985,78.74
1000,83.82
1016,81.28
1032,81.28
1047,78.74
1063,81.28
1079,78.74
1094,78.74
1111,78.74
1126,83.82
1141,81.28
1158,81.28
1173,81.28
1188,81.28
1205,81.28
1220,83.82
1235,83.82
1252,83.82
1267,63.50
1283,40.64
1299,38.10
1314,38.10
1330,38.10
1346,38.10
1361,38.10
1377,35.56
1393,38.10
1409,35.56
1424,38.10
1440,38.10
1456,35.56
1471,38.10
1487,35.56
1503,38.10
1518,35.56
1534,38.10
1550,38.10
1565,38.10
1582,35.56
1597,35.56
1612,38.10
1629,101.60
1644,109.22
1659,109.22
1676,109.22
1691,109.22
1708,111.76
1723,109.22
1738,109.22
1755,109.22
1770,109.22
1785,109.22
1802,109.22
1817,60.96
1833,43.18
1849,38.10
1864,43.18
1881,106.68
1896,109.22
1911,93.98
1928,43.18
1943,38.10
1958,38.10
1975,101.60
1990,111.76
2006,111.76
2022,111.76
2037,111.76
2054,114.30
2069,53.34
2084,38.10
2101,38.10
2116,38.10
2131,38.10
2148,38.10
2163,38.10
2179,38.10
2195,38.10
2210,38.10
2226,38.10
2242,38.10
2257,38.10
2273,101.60
2289,116.84
2305,116.84
2320,124.46
2336,127.00
2352,127.00
2367,53.34
2383,43.18
2399,40.64
2414,63.50
2430,111.76
2446,111.76
2462,71.12
2478,40.64
2493,38.10
2509,38.10
2525,104.14
2540,109.22
2556,109.22
2572,109.22
2587,109.22
2604,111.76
2619,109.22
2635,109.22
2651,111.76
2666,53.34
2682,43.18
-1,-1
3698,106.68
3714,45.72
3729,38.10
3745,38.10
3761,38.10
3776,40.64
3792,40.64
3808,38.10
3823,35.56
3840,38.10
3855,38.10
3870,40.64
3887,40.64
3902,40.64
3917,104.14
3934,109.22
3949,106.68
3964,43.18
3981,40.64
3996,40.64
4012,40.64
4028,40.64
4043,40.64
4059,86.36
4075,109.22
4090,109.22
4106,109.22
4122,109.22
4137,106.68
4154,109.22
4169,109.22
4185,109.22
4201,109.22
4216,109.22
4232,109.22
4248,109.22
4263,109.22
4280,109.22
4295,109.22
4311,116.84
4327,119.38
4342,119.38
4359,50.80
4374,40.64
4389,40.64
4406,73.66
4421,111.76
4436,111.76
4453,60.96
4468,40.64
4484,38.10
4500,35.56
4515,35.56
4531,35.56
4547,35.56
4562,35.56
4578,38.10
4594,38.10
4610,96.52
4625,106.68
4641,106.68
4657,111.76
4672,111.76
4688,111.76
4704,109.22
4720,111.76
4736,109.22
4751,109.22
4767,109.22
4783,109.22
4798,109.22
4814,109.22
4830,109.22
4846,109.22
4861,109.22
4877,109.22
4893,109.22
4909,109.22
4925,109.22
4940,109.22
4956,109.22
4972,109.22
4987,109.22
5003,109.22
5019,109.22
5035,109.22
5051,55.88
5066,38.10
5082,35.56
5098,38.10
5113,35.56
5129,38.10
5145,35.56
5160,35.56
5176,35.56
5192,38.10
5208,38.10
5223,38.10
5239,38.10
5255,38.10
5270,35.56
5286,38.10
5302,81.28
5317,109.22
5334,109.22
5349,55.88
5364,40.64
5381,38.10
5396,50.80
5411,81.28
5428,83.82
5443,81.28
5458,81.28
5475,83.82
5490,81.28
5506,81.28
5522,83.82
5537,83.82
5553,78.74
5569,81.28
5584,81.28
5600,48.26
5616,40.64
5632,40.64
5647,53.34
5663,78.74
5679,78.74
5694,55.88
5710,40.64
5726,38.10
5741,40.64
5757,76.20
5773,78.74
5788,78.74
5805,81.28
5820,81.28
5835,81.28
5852,78.74
5867,78.74
5882,81.28
5899,81.28
5914,78.74
5929,81.28
5946,81.28
5961,81.28
5977,81.28
5993,81.28
6008,81.28
6024,83.82
6040,68.58
6055,43.18
6071,40.64
6087,40.64
6103,38.10
6118,38.10
6134,35.56
6150,40.64
6165,38.10
6181,40.64
6197,38.10
6212,38.10
6228,38.10
6244,40.64
6259,40.64
6276,40.64
6291,38.10
6306,38.10
6323,38.10
6338,38.10
6353,35.56
6370,38.10
-1,-1
7385,30.48
7401,25.40
7416,25.40
7432,25.40
7448,35.56
7463,38.10
7479,38.10
7495,35.56
7511,38.10
7526,35.56
7542,38.10
7558,35.56
7573,38.10
7589,38.10
7605,40.64
7620,38.10
7636,38.10
7652,38.10
7667,38.10
7684,38.10
7699,38.10
7714,38.10
7731,35.56
7746,25.40
7761,25.40
7778,22.86
7793,35.56
7810,35.56
7825,38.10
7840,35.56
7857,35.56
7872,35.56
7887,38.10
7904,38.10
7919,40.64
7934,50.80
7951,111.76
7966,114.30
7982,86.36
7998,40.64
8013,38.10
8029,35.56
8045,73.66
8060,81.28
8076,78.74
8092,81.28
8108,81.28
8123,81.28
8139,78.74
8155,78.74
8170,78.74
8186,81.28
8202,81.28
8217,81.28
8233,53.34
8249,38.10
8264,38.10
8281,38.10
8296,38.10
8311,38.10
8328,38.10
8343,35.56
8358,38.10
8375,38.10
8390,71.12
8406,81.28
8422,81.28
8437,81.28
8453,81.28
8469,81.28
8484,81.28
8500,81.28
8516,81.28
8531,81.28
8547,81.28
8563,81.28
8579,81.28
8594,81.28
8610,81.28
8626,78.74
8641,40.64
8657,38.10
8673,38.10
8688,38.10
8705,38.10
8720,40.64
8735,38.10
8752,35.56
8767,38.10
8782,68.58
8799,106.68
8814,109.22
8829,63.50
8846,40.64
8861,38.10
8877,35.56
8893,38.10
8908,35.56
8924,38.10
8940,35.56
8955,38.10
8971,35.56
8987,38.10
9003,38.10
9018,38.10
9034,86.36
9050,109.22
9065,109.22
9081,109.22
9097,109.22
9112,109.22
9128,109.22
9144,109.22
9160,109.22
9176,109.22
9191,109.22
9207,109.22
9223,104.14
9239,43.18
9254,40.64
9270,40.64
9286,96.52
9302,109.22
9317,106.68
9333,48.26
9349,40.64
9364,40.64
9380,73.66
9396,106.68
9411,106.68
9427,109.22
9443,111.76
9458,111.76
9475,111.76
9490,111.76
9506,111.76
9522,101.60
9537,40.64
9553,38.10
9569,38.10
9584,99.06
9601,114.30
9616,116.84
9631,116.84
9648,116.84
9663,119.38
9679,121.92
9695,124.46
9710,124.46
9726,119.38
9742,114.30
9757,111.76
9774,114.30
9789,111.76
9805,111.76
9821,114.30
9836,111.76
9852,111.76
9868,111.76
9883,111.76
9900,111.76
9915,111.76
9931,109.22
9947,111.76
9962,111.76
9978,109.22
9994,111.76
10009,109.22
10025,111.76
10041,109.22
10057,109.22
-1,-1
11073,109.22
11088,109.22
11105,109.22
11120,109.22
11136,109.22
11152,109.22
11167,109.22
11184,111.76
11199,109.22
11215,109.22
11231,109.22
11246,109.22
11262,111.76
11278,109.22
11294,109.22
11310,109.22
11326,109.22
11341,109.22
11357,109.22
11373,111.76
11388,111.76
11405,109.22
11420,109.22
11436,109.22
11452,109.22
11467,109.22
11484,111.76
11499,109.22
11515,109.22
11531,109.22
11546,109.22
11563,111.76
11578,109.22
11594,109.22
11610,109.22
11625,111.76
11641,111.76
11657,111.76
11673,43.18
11688,38.10
11705,38.10
11720,88.90
11736,111.76
11752,111.76
11767,114.30
11784,116.84
11799,116.84
11814,58.42
11831,40.64
11846,38.10
11862,38.10
11878,38.10
11893,35.56
11910,38.10
11925,35.56
11940,35.56
11957,38.10
11972,99.06
11988,109.22
12004,109.22
12019,111.76
12036,111.76
12051,111.76
12067,111.76
12083,111.76
12098,111.76
12114,111.76
12130,109.22
12146,109.22
12162,109.22
12178,109.22
12193,109.22
12209,109.22
12225,109.22
12240,109.22
12257,109.22
12272,109.22
12289,109.22
12304,109.22
12319,109.22
12336,109.22
12351,109.22
12367,109.22
12383,109.22
12398,109.22
12414,109.22
12430,109.22
12446,109.22
12462,55.88
12478,38.10
12493,38.10
12509,35.56
12525,35.56
12540,38.10
12556,38.10
12572,35.56
12588,35.56
12604,38.10
12619,35.56
12635,35.56
12651,38.10
12666,35.56
12682,35.56
12698,38.10
12713,81.28
12730,106.68
12745,109.22
12761,93.98
12777,86.36
12792,83.82
12809,55.88
12824,40.64
12839,38.10
12856,38.10
12871,76.20
12887,81.28
12903,81.28
12918,83.82
12935,83.82
12950,83.82
12965,83.82
12982,81.28
12997,81.28
13012,81.28
13029,83.82
13044,83.82
13061,48.26
13076,40.64
13091,38.10
13108,48.26
13123,78.74
13138,81.28
13155,60.96
13170,38.10
13187,38.10
13202,38.10
13217,78.74
13234,81.28
13249,81.28
13264,81.28
13281,81.28
13296,81.28
13313,43.18
13328,38.10
13343,35.56
13360,38.10
13375,40.64
13390,40.64
13407,38.10
13422,35.56
13438,38.10
13454,35.56
13469,35.56
13486,38.10
13501,38.10
13516,40.64
13533,40.64
13548,40.64
13564,38.10
13580,38.10
13595,38.10
13612,30.48
13627,27.94
13642,27.94
13659,35.56
13674,38.10
13690,38.10
13706,27.94
13721,25.40
13737,25.40
13753,35.56
-1,-1
14769,35.56
14785,35.56
14800,35.56
14816,35.56
14832,35.56
14848,27.94
14863,25.40
14879,25.40
14895,22.86
14911,22.86
14926,22.86
14942,22.86
14958,86.36
14973,91.44
14989,91.44
15005,30.48
15021,25.40
15037,25.40
15052,22.86
15068,22.86
15084,20.32
15099,33.02
15115,35.56
15131,35.56
15147,38.10
15163,38.10
15178,38.10
15194,38.10
15210,38.10
15225,38.10
15241,38.10
15257,101.60
15272,111.76
15289,111.76
15304,43.18
15320,38.10
15336,38.10
15351,60.96
15368,81.28
15383,81.28
15398,45.72
15415,38.10
15430,35.56
15446,43.18
15462,81.28
15477,81.28
15494,81.28
15509,81.28
15524,78.74
15541,78.74
15556,81.28
15571,81.28
15588,81.28
15603,81.28
15620,81.28
15635,81.28
15650,81.28
15667,81.28
15682,81.28
15697,45.72
15714,38.10
15729,38.10
15746,48.26
15761,76.20
15776,78.74
15793,78.74
15808,81.28
15824,81.28
15840,81.28
15855,81.28
15872,81.28
15887,81.28
15902,81.28
15919,81.28
15934,81.28
15950,83.82
15966,83.82
15981,83.82
15997,45.72
16013,40.64
16028,35.56
16045,35.56
16060,35.56
16076,35.56
16092,35.56
16107,35.56
16123,35.56
16139,35.56
16154,104.14
16171,106.68
16186,104.14
16202,43.18
16218,38.10
16233,38.10
16249,38.10
16265,38.10
16281,38.10
16296,38.10
16312,35.56
16328,38.10
16344,68.58
16359,106.68
16375,109.22
16391,63.50
16407,40.64
16422,38.10
16438,38.10
16454,106.68
16470,109.22
16486,109.22
16501,109.22
16518,109.22
16533,109.22
16548,109.22
16565,109.22
16580,111.76
16596,109.22
16612,109.22
16627,109.22
16644,109.22
16659,109.22
16675,111.76
16691,55.88
16707,38.10
16722,38.10
16738,48.26
16754,106.68
16770,109.22
16786,86.36
16801,43.18
16817,38.10
16833,38.10
16848,104.14
16864,111.76
16880,111.76
16896,43.18
16912,38.10
16927,35.56
16943,35.56
16959,35.56
16974,38.10
16991,68.58
17006,114.30
17021,114.30
17038,66.04
17053,43.18
17070,40.64
17085,40.64
17100,116.84
17117,124.46
17132,124.46
17148,114.30
17164,111.76
17179,111.76
17196,111.76
17211,109.22
17227,109.22
17243,109.22
17258,109.22
17274,111.76
17290,111.76
17306,109.22
17321,109.22
17338,111.76
17353,111.76
17369,109.22
17385,111.76
17400,109.22
17417,111.76
17432,111.76
17448,109.22
-1,-1
18464,104.14
18480,66.04
18495,43.18
18511,40.64
18527,40.64
18543,104.14
18558,106.68
18574,101.60
18590,43.18
18606,38.10
18622,35.56
18637,93.98
18653,106.68
18669,104.14
18684,109.22
18701,109.22
18716,109.22
18732,109.22
18748,109.22
18763,109.22
18780,109.22
18795,109.22
18811,109.22
18827,109.22
18842,109.22
18859,109.22
18874,109.22
18890,109.22
18906,109.22
18921,109.22
18937,109.22
18953,109.22
18969,109.22
18984,109.22
19001,109.22
19016,109.22
19032,111.76
19048,111.76
19063,111.76
19080,53.34
19095,40.64
19110,38.10
19127,35.56
19142,35.56
19159,38.10
19174,38.10
19189,109.22
19206,111.76
19221,101.60
19237,40.64
19253,38.10
19268,35.56
19284,35.56
19300,38.10
19315,38.10
19332,88.90
19347,111.76
19363,109.22
19379,111.76
19394,111.76
19410,111.76
19426,60.96
19442,43.18
19458,38.10
19473,40.64
19489,38.10
19505,40.64
19521,40.64
19536,106.68
19552,111.76
19568,109.22
19584,40.64
19600,35.56
19615,38.10
19631,93.98
19647,106.68
19662,109.22
19679,109.22
19694,109.22
19709,109.22
19726,109.22
19741,109.22
19758,109.22
19773,109.22
19789,109.22
19805,109.22
19820,109.22
19836,109.22
19852,109.22
19868,96.52
19884,40.64
19899,35.56
19915,35.56
19931,35.56
19947,35.56
19962,38.10
19978,88.90
19994,106.68
20009,106.68
20026,50.80
20041,40.64
20057,38.10
20073,58.42
20088,86.36
20104,86.36
20120,60.96
20135,38.10
20152,35.56
20167,35.56
20183,76.20
20199,81.28
20214,81.28
20230,81.28
20246,81.28
20261,81.28
20278,81.28
20293,81.28
20308,81.28
20325,81.28
20340,81.28
20356,81.28
20372,81.28
20387,78.74
20404,78.74
20419,81.28
20434,81.28
20451,81.28
20466,81.28
20482,78.74
20498,78.74
20513,78.74
20530,78.74
20545,78.74
20560,78.74
20577,78.74
20592,78.74
20608,78.74
20624,78.74
20639,78.74
20656,78.74
20671,81.28
20686,81.28
20703,81.28
20718,50.80
20733,40.64
20750,38.10
20765,38.10
20782,40.64
20797,40.64
20812,40.64
20829,38.10
20844,38.10
20859,38.10
20876,40.64
20891,40.64
20908,40.64
20923,38.10
20938,35.56
20955,38.10
20970,38.10
20985,40.64
21002,40.64
21017,38.10
21033,38.10
21049,38.10
21064,33.02
21081,30.48
21096,27.94
21111,30.48
21128,38.10
21143,38.10
-1,-1
22159,38.10
22175,38.10
22191,38.10
22206,33.02
22222,25.40
22238,25.40
22253,22.86
22269,35.56
22285,38.10
22301,38.10
22317,27.94
22332,25.40
22348,22.86
22364,22.86
22379,22.86
22395,22.86
22411,33.02
22427,35.56
22443,35.56
22458,30.48
22474,25.40
22490,22.86
22505,25.40
22521,35.56
22537,35.56
22553,35.56
22568,35.56
22584,35.56
22600,35.56
22616,38.10
22631,40.64
22647,38.10
22663,38.10
22679,38.10
22694,38.10
22710,38.10
22726,38.10
22742,38.10
22758,38.10
22773,40.64
22789,40.64
22805,40.64
22820,38.10
22836,40.64
22852,40.64
22867,73.66
22884,78.74
22899,78.74
22915,78.74
22931,78.74
22946,78.74
22962,78.74
22978,78.74
22993,78.74
23010,78.74
23025,78.74
23041,78.74
23057,81.28
23072,81.28
23088,81.28
23104,83.82
23119,81.28
23136,78.74
23151,81.28
23166,78.74
23183,78.74
23198,78.74
23214,81.28
23230,81.28
23245,83.82
23262,81.28
23277,81.28
23292,81.28
23309,81.28
23324,81.28
23340,81.28
23356,83.82
23371,83.82
23388,83.82
23403,60.96
23418,40.64
23435,38.10
23450,35.56
23465,35.56
23482,35.56
23497,38.10
23514,99.06
23529,111.76
23544,111.76
23561,45.72
23576,38.10
23592,35.56
23608,76.20
23623,106.68
23640,109.22
23655,58.42
23671,40.64
23687,38.10
23702,38.10
23718,35.56
23734,35.56
23749,35.56
23766,35.56
23781,38.10
23797,35.56
23813,99.06
23828,106.68
23844,109.22
23860,109.22
23876,109.22
23891,109.22
23907,109.22
23923,111.76
23939,111.76
23955,109.22
23970,111.76
23987,109.22
24002,109.22
24017,109.22
24034,109.22
24049,109.22
24066,111.76
24081,111.76
24096,106.68
24113,45.72
24128,40.64
24144,40.64
24160,99.06
24175,111.76
24192,109.22
24207,111.76
24223,111.76
24239,111.76
24255,50.80
24270,38.10
24286,38.10
24302,38.10
24317,38.10
24333,38.10
24349,38.10
24365,35.56
24381,38.10
24396,35.56
24412,116.84
24428,124.46
24443,124.46
24460,43.18
24475,38.10
24491,38.10
24507,38.10
24522,38.10
24538,38.10
24554,78.74
24569,109.22
24586,111.76
24601,58.42
24616,40.64
24633,40.64
24648,48.26
24665,106.68
24680,109.22
24695,109.22
24712,111.76
24727,109.22
24743,109.22
24759,109.22
24775,109.22
24791,109.22
24806,109.22
24822,111.76
24838,109.22
-1,-1
25853,38.10
25870,35.56
25885,38.10
25901,96.52
25917,106.68
25932,109.22
25949,109.22
25964,109.22
25979,109.22
25996,109.22
26011,109.22
26028,109.22
26043,109.22
26059,109.22
26075,109.22
26090,71.12
26106,43.18
26122,40.64
26138,40.64
26153,104.14
26169,109.22
26185,109.22
26201,109.22
26217,109.22
26232,109.22
26248,109.22
26264,109.22
26279,111.76
26296,111.76
26311,109.22
26328,111.76
26343,111.76
26358,109.22
26375,111.76
26390,109.22
26406,109.22
26422,111.76
26438,73.66
26454,38.10
26469,38.10
26485,38.10
26501,116.84
26516,124.46
26532,124.46
26548,43.18
26564,38.10
26579,35.56
26595,35.56
26611,35.56
26627,35.56
26643,76.20
26658,109.22
26674,111.76
26690,55.88
26705,38.10
26722,35.56
26737,45.72
26753,106.68
26769,109.22
26784,91.44
26800,43.18
26816,40.64
26831,38.10
26848,40.64
26863,38.10
26878,40.64
26895,96.52
26910,109.22
26927,111.76
26942,50.80
26957,40.64
26974,38.10
26989,73.66
27005,106.68
27021,109.22
27036,109.22
27053,109.22
27068,109.22
27084,109.22
27100,109.22
27115,109.22
27131,109.22
27147,109.22
27163,109.22
27179,109.22
27195,40.64
27210,38.10
27226,38.10
27242,35.56
27257,38.10
27273,38.10
27289,38.10
27304,38.10
27321,38.10
27336,38.10
27352,35.56
27368,35.56
27383,38.10
27399,38.10
27415,38.10
27430,38.10
27447,38.10
27462,38.10
27478,38.10
27494,35.56
27509,35.56
27526,35.56
27541,35.56
27556,35.56
27573,35.56
27588,60.96
27603,81.28
27620,81.28
27635,81.28
27652,81.28
27667,81.28
27682,81.28
27699,78.74
27714,78.74
27729,81.28
27746,81.28
27761,81.28
27778,83.82
27793,81.28
27808,81.28
27825,81.28
27840,78.74
27855,78.74
27872,78.74
27887,78.74
27904,81.28
27919,78.74
27934,78.74
27951,78.74
27966,78.74
27981,78.74
27998,78.74
28013,78.74
28029,78.74
28045,78.74
28060,78.74
28077,78.74
28092,81.28
28107,83.82
28124,81.28
28139,40.64
28155,38.10
28171,38.10
28186,40.64
28203,38.10
28218,40.64
28233,38.10
28250,38.10
28265,38.10
28281,38.10
28297,40.64
28312,40.64
28328,38.10
28344,38.10
28359,38.10
28376,38.10
28391,40.64
28407,40.64
28423,40.64
28438,38.10
28454,38.10
28470,38.10
28486,38.10
28502,35.56
28517,38.10
28533,25.40
-1,-1
29549,35.56
29564,38.10
29580,38.10
29596,38.10
29612,38.10
29628,38.10
29643,38.10
29659,38.10
29675,27.94
29690,22.86
29706,22.86
29722,30.48
29737,35.56
29754,35.56
29769,30.48
29785,25.40
29801,22.86
29816,22.86
29832,22.86
29848,22.86
29863,22.86
29880,27.94
29895,27.94
29911,27.94
29927,35.56
29942,35.56
29958,38.10
29974,38.10
29989,38.10
30006,40.64
30021,38.10
30036,35.56
30053,35.56
30068,38.10
30084,38.10
30100,38.10
30115,38.10
30132,40.64
30147,40.64
30162,40.64
30179,38.10
30194,38.10
30211,38.10
30226,60.96
30241,76.20
30258,78.74
30273,78.74
30288,78.74
30305,78.74
30320,78.74
30337,78.74
30352,78.74
30367,78.74
30384,78.74
30399,78.74
30414,81.28
30431,78.74
30446,78.74
30462,81.28
30478,78.74
30493,78.74
30510,81.28
30525,78.74
30540,78.74
30557,78.74
30572,78.74
30588,81.28
30604,78.74
30619,81.28
30636,81.28
30651,81.28
30666,81.28
30683,81.28
30698,81.28
30714,83.82
30730,81.28
30745,81.28
30761,81.28
30777,40.64
30792,38.10
30809,38.10
30824,38.10
30840,35.56
30856,35.56
30871,38.10
30887,38.10
30903,38.10
30919,38.10
30935,40.64
30950,38.10
30966,38.10
30982,38.10
30997,38.10
31013,38.10
31029,38.10
31045,40.64
31060,38.10
31076,35.56
31092,35.56
31108,35.56
31123,35.56
31139,35.56
31155,38.10
31171,86.36
31186,109.22
31202,106.68
31218,109.22
31234,109.22
31250,109.22
31265,109.22
31281,109.22
31297,109.22
31312,109.22
31329,109.22
31344,109.22
31361,109.22
31376,109.22
31391,109.22
31408,106.68
31423,43.18
31439,38.10
31455,38.10
31470,91.44
31486,109.22
31502,109.22
31518,111.76
31534,111.76
31549,111.76
31565,111.76
31581,111.76
31597,111.76
31612,111.76
31629,111.76
31644,111.76
31660,111.76
31676,111.76
31691,111.76
31708,104.14
31723,40.64
31738,38.10
31755,35.56
31770,38.10
31787,38.10
31802,38.10
31817,99.06
31834,124.46
31849,124.46
31865,53.34
31881,40.64
31896,38.10
31912,60.96
31928,109.22
31944,111.76
31960,111.76
31975,111.76
31991,109.22
32007,111.76
32023,109.22
32038,109.22
32054,109.22
32070,109.22
32086,109.22
32102,109.22
32117,109.22
32134,109.22
32149,109.22
32164,109.22
32181,109.22
32196,109.22
32212,111.76
32228,109.22
-1,-1
33244,35.56
33260,38.10
33275,38.10
33291,38.10
33307,71.12
33323,106.68
33339,109.22
33354,109.22
33370,109.22
33386,109.22
33401,109.22
33418,109.22
33433,109.22
33448,109.22
33465,109.22
33480,109.22
33497,109.22
33512,109.22
33528,109.22
33544,109.22
33559,109.22
33575,109.22
33591,109.22
33607,109.22
33623,109.22
33638,109.22
33654,109.22
33670,109.22
33686,109.22
33701,109.22
33718,109.22
33733,111.76
33748,109.22
33765,109.22
33780,109.22
33797,109.22
33812,114.30
33828,111.76
33844,111.76
33859,111.76
33875,111.76
33891,111.76
33907,45.72
33923,38.10
33938,38.10
33954,78.74
33970,121.92
33986,121.92
34001,60.96
34017,40.64
34033,38.10
34049,35.56
34065,35.56
34080,35.56
34096,38.10
34112,35.56
34127,35.56
34143,38.10
34159,99.06
34174,109.22
34191,109.22
34206,111.76
34222,111.76
34238,111.76
34253,50.80
34270,40.64
34285,38.10
34300,38.10
34317,38.10
34332,38.10
34349,50.80
34364,106.68
34379,109.22
34396,109.22
34411,109.22
34427,109.22
34443,109.22
34458,109.22
34475,109.22
34490,109.22
34506,109.22
34522,109.22
34538,109.22
34553,109.22
34569,109.22
34585,109.22
34600,50.80
34617,38.10
34632,38.10
34648,35.56
34664,35.56
34679,35.56
34695,35.56
34711,35.56
34726,35.56
34743,38.10
34758,38.10
34774,38.10
34790,38.10
34805,38.10
34822,35.56
34837,35.56
34852,35.56
34869,35.56
34884,38.10
34899,71.12
34916,83.82
34931,83.82
34948,48.26
34963,40.64
34978,38.10
34995,45.72
35010,78.74
35025,81.28
35042,81.28
35057,81.28
35074,81.28
35089,81.28
35104,78.74
35121,78.74
35136,78.74
35151,78.74
35168,78.74
35183,78.74
35200,78.74
35215,81.28
35230,78.74
35247,78.74
35262,78.74
35278,78.74
35294,78.74
35309,78.74
35325,78.74
35341,78.74
35356,81.28
35373,81.28
35388,81.28
35404,78.74
35420,78.74
35435,78.74
35451,81.28
35467,81.28
35482,83.82
35499,45.72
35514,40.64
35530,38.10
35546,38.10
35561,38.10
35577,38.10
35593,38.10
35608,38.10
35624,38.10
35640,38.10
35656,38.10
35672,38.10
35687,38.10
35703,40.64
35719,40.64
35734,40.64
35750,38.10
35766,38.10
35782,38.10
35798,38.10
35813,35.56
35829,38.10
35845,38.10
35861,38.10
35876,38.10
35892,30.48
35908,27.94
35923,27.94
-1,-1
36939,35.56
36955,35.56
36971,38.10
36986,38.10
37003,38.10
37018,38.10
37033,30.48
37050,25.40
37065,22.86
37081,22.86
37097,22.86
37112,20.32
37129,22.86
37144,35.56
37159,38.10
37176,35.56
37191,27.94
37207,25.40
37223,22.86
37238,35.56
37255,35.56
37270,35.56
37285,38.10
37302,38.10
37317,38.10
37332,30.48
37349,27.94
37364,27.94
37381,33.02
37396,38.10
37411,35.56
37428,38.10
37443,40.64
37458,40.64
37475,38.10
37490,38.10
37507,38.10
37522,38.10
37537,38.10
37554,38.10
37569,38.10
37585,38.10
37601,38.10
37616,38.10
37633,38.10
37648,38.10
37663,35.56
37680,40.64
37695,78.74
37711,81.28
37727,81.28
37742,81.28
37758,78.74
37774,78.74
37789,78.74
37806,78.74
37821,78.74
37837,78.74
37853,78.74
37868,78.74
37884,78.74
37900,81.28
37915,81.28
37932,78.74
37947,78.74
37963,78.74
37979,81.28
37994,81.28
38010,81.28
38026,81.28
38041,81.28
38057,81.28
38073,78.74
38089,83.82
38105,81.28
38120,83.82
38136,81.28
38152,83.82
38168,83.82
38183,45.72
38199,38.10
38215,38.10
38231,35.56
38246,35.56
38262,38.10
38278,48.26
38294,106.68
38309,106.68
38325,83.82
38341,43.18
38356,38.10
38373,38.10
38388,38.10
38404,38.10
38420,38.10
38435,35.56
38451,35.56
38467,35.56
38482,35.56
38499,38.10
38514,35.56
38530,71.12
38546,106.68
38561,109.22
38578,109.22
38593,109.22
38608,109.22
38625,109.22
38640,109.22
38657,109.22
38672,109.22
38687,109.22
38704,109.22
38719,109.22
38735,109.22
38751,109.22
38767,106.68
38782,48.26
38798,40.64
38814,38.10
38830,38.10
38846,35.56
38861,35.56
38877,38.10
38893,38.10
38908,38.10
38924,48.26
38940,106.68
38956,106.68
38972,91.44
38987,43.18
39003,38.10
39019,40.64
39034,35.56
39051,35.56
39066,38.10
39081,35.56
39098,35.56
39113,38.10
39129,35.56
39145,35.56
39160,38.10
39177,35.56
39192,38.10
39207,38.10
39224,53.34
39239,111.76
39256,114.30
39271,81.28
39286,43.18
39303,38.10
39318,38.10
39333,104.14
39350,109.22
39365,111.76
39382,109.22
39397,109.22
39413,111.76
39429,109.22
39444,109.22
39460,109.22
39476,109.22
39492,109.22
39507,109.22
39524,109.22
39539,109.22
39555,109.22
39571,109.22
39586,109.22
39603,109.22
39618,109.22
-1,-1
40634,40.64
40650,38.10
40666,50.80
40681,106.68
40697,109.22
40713,109.22
40729,109.22
40744,109.22
40760,106.68
40776,43.18
40792,40.64
40808,40.64
40823,38.10
40839,35.56
40855,38.10
40870,83.82
40886,106.68
40902,109.22
40918,109.22
40934,109.22
40949,109.22
40966,109.22
40981,109.22
40996,109.22
41013,109.22
41028,109.22
41044,109.22
41060,109.22
41076,109.22
41092,109.22
41107,109.22
41123,109.22
41139,109.22
41155,109.22
41170,109.22
41186,109.22
41202,109.22
41218,50.80
41234,40.64
41249,38.10
41265,66.04
41281,121.92
41296,124.46
41313,121.92
41328,116.84
41345,116.84
41360,116.84
41375,114.30
41392,114.30
41407,104.14
41423,43.18
41439,38.10
41454,38.10
41470,35.56
41486,38.10
41502,38.10
41518,86.36
41533,109.22
41549,111.76
41565,53.34
41581,40.64
41596,40.64
41612,60.96
41628,109.22
41644,111.76
41659,73.66
41675,43.18
41691,40.64
41707,40.64
41722,106.68
41738,111.76
41754,109.22
41769,109.22
41786,109.22
41801,109.22
41818,109.22
41833,109.22
41848,109.22
41865,109.22
41880,109.22
41896,109.22
41912,109.22
41927,109.22
41944,109.22
41959,63.50
41975,43.18
41991,38.10
42006,40.64
42022,38.10
42038,35.56
42054,38.10
42070,35.56
42085,38.10
42101,38.10
42117,38.10
42132,38.10
42148,38.10
42164,38.10
42180,38.10
42195,35.56
42211,73.66
42227,109.22
42243,111.76
42259,55.88
42274,38.10
42290,35.56
42306,35.56
42321,38.10
42337,38.10
42353,38.10
42369,76.20
42385,81.28
42400,78.74
42416,81.28
42432,81.28
42447,81.28
42463,81.28
42479,81.28
42494,81.28
42511,81.28
42526,78.74
42542,78.74
42558,78.74
42573,78.74
42589,78.74
42605,78.74
42620,78.74
42637,81.28
42652,81.28
42668,81.28
42684,81.28
42699,81.28
42715,78.74
42731,78.74
42746,78.74
42763,78.74
42778,78.74
42793,78.74
42810,43.18
42825,38.10
42842,35.56
42857,38.10
42872,38.10
42889,38.10
42904,38.10
42919,40.64
42936,38.10
42951,38.10
42968,38.10
42983,35.56
42998,35.56
43015,38.10
43030,38.10
43045,38.10
43062,38.10
43077,40.64
43094,40.64
43109,38.10
43124,38.10
43141,35.56
43156,38.10
43171,35.56
43188,38.10
43203,30.48
43219,27.94
43235,27.94
43250,33.02
43267,35.56
43282,38.10
43297,38.10
43314,35.56
-1,-1
44329,20.32
44345,27.94
44361,35.56
44377,35.56
44392,35.56
44408,35.56
44424,35.56
44439,35.56
44455,25.40
44471,25.40
44487,22.86
44503,35.56
44518,35.56
44534,35.56
44550,35.56
44566,35.56
44581,38.10
44597,30.48
44613,25.40
44628,22.86
44644,30.48
44660,35.56
44676,35.56
44692,38.10
44707,35.56
44723,35.56
44739,35.56
44754,35.56
44770,38.10
44786,35.56
44802,38.10
44818,38.10
44833,38.10
44849,38.10
44865,40.64
44880,40.64
44896,38.10
44912,38.10
44928,38.10
44944,40.64
44959,38.10
44975,40.64
44991,38.10
45006,38.10
45022,38.10
45038,38.10
45053,78.74
45070,81.28
45085,81.28
45101,78.74
45117,78.74
45132,78.74
45148,45.72
45164,40.64
45179,40.64
45196,53.34
45211,78.74
45227,78.74
45243,78.74
45258,78.74
45274,78.74
45290,78.74
45305,78.74
45322,78.74
45337,78.74
45352,78.74
45369,78.74
45384,78.74
45400,78.74
45416,78.74
45431,78.74
45448,81.28
45463,81.28
45478,81.28
45495,81.28
45510,81.28
45527,81.28
45542,81.28
45557,81.28
45574,81.28
45589,58.42
45604,40.64
45621,35.56
45636,38.10
45652,35.56
45668,35.56
45683,35.56
45700,99.06
45715,109.22
45730,109.22
45747,45.72
45762,40.64
45778,35.56
45794,35.56
45809,38.10
45826,38.10
45841,35.56
45857,35.56
45873,38.10
45888,38.10
45904,38.10
45920,35.56
45935,35.56
45952,104.14
45967,106.68
45983,106.68
45999,43.18
46014,38.10
46030,38.10
46046,93.98
46062,109.22
46077,109.22
46093,106.68
46109,109.22
46125,109.22
46141,109.22
46156,109.22
46173,109.22
46188,109.22
46203,109.22
46220,109.22
46235,111.76
46252,111.76
46267,111.76
46282,111.76
46299,111.76
46314,114.30
46330,111.76
46346,111.76
46362,111.76
46377,111.76
46393,45.72
46409,38.10
46425,38.10
46441,35.56
46456,35.56
46472,38.10
46488,60.96
46503,111.76
46520,111.76
46535,68.58
46551,40.64
46567,38.10
46582,38.10
46598,106.68
46614,114.30
46629,114.30
46646,114.30
46661,114.30
46678,114.30
46693,114.30
46708,114.30
46725,111.76
46740,111.76
46756,111.76
46772,111.76
46788,111.76
46803,111.76
46819,111.76
46835,111.76
46851,109.22
46867,109.22
46882,109.22
46898,109.22
46914,109.22
46929,109.22
46946,109.22
46961,109.22
46978,111.76
46993,109.22
47008,109.22
-1,-1
48024,38.10
48040,104.14
48056,109.22
48072,109.22
48088,43.18
48103,38.10
48119,38.10
48135,40.64
48151,38.10
48166,40.64
48182,38.10
48198,35.56
48214,38.10
48230,38.10
48245,38.10
48261,40.64
48277,45.72
48292,106.68
48308,109.22
48324,91.44
48339,43.18
48356,40.64
48371,40.64
48387,101.60
48403,109.22
48418,106.68
48435,109.22
48450,109.22
48465,109.22
48482,109.22
48497,111.76
48514,109.22
48529,109.22
48545,109.22
48561,109.22
48576,111.76
48592,111.76
48608,111.76
48624,111.76
48640,109.22
48656,109.22
48671,109.22
48687,121.92
48703,124.46
48718,124.46
48735,124.46
48750,124.46
48765,124.46
48782,114.30
48797,114.30
48814,116.84
48829,50.80
48845,40.64
48861,38.10
48876,63.50
48892,109.22
48908,109.22
48924,111.76
48940,111.76
48955,111.76
48971,111.76
48987,111.76
49003,111.76
49018,111.76
49034,111.76
49050,111.76
49065,111.76
49082,45.72
49097,40.64
49113,40.64
49129,88.90
49144,109.22
49161,109.22
49176,109.22
49191,109.22
49208,109.22
49223,109.22
49240,109.22
49255,109.22
49271,109.22
49287,109.22
49302,109.22
49318,109.22
49334,109.22
49350,111.76
49366,109.22
49382,40.64
49397,38.10
49413,38.10
49429,35.56
49444,35.56
49460,35.56
49476,35.56
49491,35.56
49508,38.10
49523,35.56
49539,35.56
49555,35.56
49570,48.26
49586,106.68
49602,109.22
49617,83.82
49634,43.18
49649,38.10
49665,38.10
49681,35.56
49696,38.10
49713,38.10
49728,35.56
49743,35.56
49760,35.56
49775,58.42
49792,81.28
49807,81.28
49822,81.28
49839,81.28
49854,81.28
49869,81.28
49886,81.28
49901,81.28
49917,81.28
49933,81.28
49948,78.74
49965,78.74
49980,78.74
49995,78.74
50012,81.28
50027,81.28
50043,81.28
50059,83.82
50074,78.74
50091,78.74
50106,78.74
50121,78.74
50138,78.74
50153,78.74
50169,81.28
50185,81.28
50200,81.28
50216,81.28
50232,78.74
50247,78.74
50264,68.58
50279,43.18
50295,40.64
50311,38.10
50326,38.10
50342,35.56
50358,35.56
50373,35.56
50390,35.56
50405,38.10
50421,38.10
50437,38.10
50452,35.56
50468,38.10
50484,38.10
50500,38.10
50515,38.10
50531,38.10
50547,38.10
50563,38.10
50578,38.10
50594,38.10
50610,38.10
50626,38.10
50641,38.10
50657,38.10
50673,25.40
50689,22.86
50704,22.86
-1,-1
51720,35.56
51736,35.56
51751,35.56
51768,38.10
51783,38.10
51799,38.10
51815,27.94
51830,25.40
51847,22.86
51862,35.56
51877,38.10
51894,38.10
51909,38.10
51924,35.56
51941,35.56
51956,35.56
51973,38.10
51988,38.10
52003,38.10
52020,38.10
52035,35.56
52050,38.10
52067,35.56
52082,35.56
52099,38.10
52114,35.56
52129,38.10
52146,38.10
52161,35.56
52176,35.56
52193,35.56
52208,35.56
52225,35.56
52240,35.56
52255,35.56
52272,35.56
52287,38.10
52302,38.10
52319,35.56
52334,35.56
52350,38.10
52366,35.56
52381,35.56
52398,38.10
52413,38.10
52428,38.10
52445,38.10
52460,38.10
52476,38.10
52492,35.56
52507,43.18
52524,81.28
52539,81.28
52554,81.28
52571,78.74
52586,78.74
52602,78.74
52618,78.74
52633,78.74
52649,78.74
52665,78.74
52680,78.74
52697,81.28
52712,78.74
52728,78.74
52744,78.74
52759,78.74
52775,78.74
52791,78.74
52806,81.28
52823,81.28
52838,81.28
52854,58.42
52870,38.10
52885,35.56
52901,38.10
52917,78.74
52933,81.28
52948,81.28
52964,40.64
52980,38.10
52996,38.10
53011,78.74
53027,86.36
53043,86.36
53059,43.18
53074,38.10
53090,35.56
53106,38.10
53122,38.10
53137,38.10
53153,38.10
53169,38.10
53185,35.56
53200,35.56
53216,35.56
53232,35.56
53248,35.56
53263,35.56
53279,35.56
53295,35.56
53311,96.52
53326,109.22
53342,109.22
53358,48.26
53373,40.64
53390,38.10
53405,73.66
53421,106.68
53437,109.22
53452,109.22
53469,109.22
53484,109.22
53499,76.20
53516,43.18
53531,38.10
53548,38.10
53563,38.10
53578,38.10
53595,38.10
53610,99.06
53626,109.22
53642,111.76
53657,48.26
53673,40.64
53689,38.10
53705,81.28
53721,111.76
53736,111.76
53752,58.42
53768,40.64
53783,38.10
53799,38.10
53815,35.56
53831,38.10
53847,38.10
53862,38.10
53878,38.10
53894,38.10
53910,101.60
53925,114.30
53941,111.76
53957,121.92
53972,124.46
53989,124.46
54004,48.26
54020,40.64
54036,35.56
54051,76.20
54068,121.92
54083,124.46
54098,119.38
54115,109.22
54130,109.22
54147,109.22
54162,109.22
54178,109.22
54194,109.22
54209,109.22
54225,109.22
54241,109.22
54257,109.22
54273,109.22
54288,109.22
54304,111.76
54320,109.22
54336,109.22
54351,109.22
54368,111.76
54383,109.22
54398,109.22
-1,-1
55414,109.22
55431,109.22
55446,109.22
55462,109.22
55478,109.22
55494,50.80
55510,38.10
55525,38.10
55541,60.96
55557,106.68
55573,109.22
55588,109.22
55604,109.22
55620,109.22
55635,93.98
55652,43.18
55667,40.64
55683,38.10
55699,99.06
55714,109.22
55731,109.22
55746,109.22
55761,109.22
55778,109.22
55793,109.22
55810,109.22
55825,109.22
55840,109.22
55857,109.22
55872,109.22
55888,111.76
55904,109.22
55920,109.22
55936,109.22
55951,109.22
55967,109.22
55983,109.22
55999,111.76
56014,111.76
56031,111.76
56046,43.18
56061,38.10
56078,38.10
56093,96.52
56109,124.46
56125,124.46
56140,116.84
56157,114.30
56172,114.30
56188,114.30
56204,111.76
56219,111.76
56236,71.12
56251,40.64
56267,38.10
56283,35.56
56298,106.68
56314,111.76
56330,109.22
56346,40.64
56361,38.10
56377,35.56
56393,93.98
56409,111.76
56425,111.76
56440,111.76
56456,111.76
56472,111.76
56487,55.88
56504,43.18
56519,40.64
56535,40.64
56551,40.64
56566,38.10
56583,40.64
56598,104.14
56613,109.22
56630,109.22
56645,109.22
56662,109.22
56677,109.22
56692,109.22
56709,109.22
56724,109.22
56740,48.26
56756,40.64
56771,38.10
56787,38.10
56803,40.64
56819,40.64
56835,38.10
56850,35.56
56866,35.56
56882,35.56
56897,35.56
56913,35.56
56929,38.10
56945,38.10
56961,38.10
56976,38.10
56992,99.06
57008,109.22
57024,109.22
57039,45.72
57055,40.64
57071,38.10
57086,38.10
57102,38.10
57118,38.10
57134,35.56
57150,35.56
57165,38.10
57181,40.64
57197,78.74
57212,81.28
57229,81.28
57244,81.28
57260,81.28
57276,81.28
57291,81.28
57307,81.28
57323,81.28
57338,78.74
57355,78.74
57370,78.74
57385,81.28
57402,81.28
57417,81.28
57433,81.28
57449,78.74
57464,78.74
57481,81.28
57496,81.28
57511,81.28
57528,81.28
57543,78.74
57559,78.74
57575,78.74
57590,81.28
57607,81.28
57622,81.28
57637,78.74
57654,78.74
57669,81.28
57684,83.82
57701,83.82
57716,86.36
57733,45.72
57748,40.64
57763,38.10
57780,38.10
57795,35.56
57810,38.10
57827,38.10
57842,38.10
57859,38.10
57874,40.64
57889,106.68
57906,109.22
57921,109.22
57937,40.64
57953,38.10
57968,35.56
57985,38.10
58000,35.56
58016,38.10
58032,38.10
58047,38.10
58063,38.10
58079,38.10
58094,35.56
-1,-1
59110,22.86
59126,35.56
59142,35.56
59158,35.56
59173,38.10
59189,38.10
59205,38.10
59220,43.18
59236,109.22
59252,111.76
59268,93.98
59284,40.64
59299,35.56
59315,35.56
59331,35.56
59346,35.56
59363,38.10
59378,35.56
59394,35.56
59410,35.56
59425,81.28
59441,109.22
59457,109.22
59472,53.34
59489,38.10
59504,35.56
59520,38.10
59536,38.10
59551,38.10
59568,38.10
59583,106.68
59598,109.22
59615,109.22
59630,86.36
59646,86.36
59662,86.36
59677,43.18
59694,38.10
59709,38.10
59725,66.04
59741,81.28
59756,81.28
59772,81.28
59788,81.28
59803,81.28
59820,81.28
59835,81.28
59851,81.28
59867,81.28
59882,78.74
59898,78.74
59914,78.74
59929,81.28
59945,81.28
59961,81.28
59977,78.74
59993,78.74
60008,81.28
60024,81.28
60040,81.28
60055,81.28
60071,81.28
60087,78.74
60103,78.74
60119,81.28
60134,81.28
60150,81.28
60166,81.28
60182,81.28
60197,81.28
60213,81.28
60229,81.28
60244,81.28
60260,81.28
60276,83.82
60292,83.82
60308,83.82
60323,43.18
60339,38.10
60355,38.10
60370,35.56
60386,38.10
60402,38.10
60418,35.56
60434,35.56
60449,38.10
60465,35.56
60481,35.56
60496,35.56
60512,35.56
60528,38.10
60544,35.56
60560,38.10
60575,38.10
60591,38.10
60607,40.64
60622,38.10
60639,35.56
60654,35.56
60669,38.10
60686,38.10
60701,38.10
60717,38.10
60733,38.10
60748,35.56
60765,60.96
60780,106.68
60795,106.68
60812,109.22
60827,109.22
60844,109.22
60859,109.22
60874,109.22
60891,109.22
60906,109.22
60922,43.18
60938,40.64
60953,38.10
60969,96.52
60985,109.22
61001,109.22
61017,109.22
61033,109.22
61048,109.22
61064,53.34
61080,40.64
61095,40.64
61112,55.88
61127,109.22
61143,111.76
61159,111.76
61174,111.76
61191,111.76
61206,101.60
61221,40.64
61238,38.10
61253,35.56
61270,38.10
61285,40.64
61300,40.64
61317,38.10
61332,35.56
61347,38.10
61364,73.66
61379,114.30
61395,114.30
61411,116.84
61426,124.46
61443,124.46
61458,121.92
61474,114.30
61490,114.30
61506,111.76
61521,109.22
61537,109.22
61553,109.22
61569,109.22
61585,109.22
61600,109.22
61617,109.22
61632,109.22
61647,109.22
61664,109.22
61679,109.22
61696,109.22
61711,111.76
61726,109.22
61743,109.22
61758,109.22
61774,109.22
61790,109.22
-1,-1
62806,76.20
62822,106.68
62837,106.68
62853,58.42
62869,40.64
62884,38.10
62901,38.10
62916,35.56
62931,38.10
62948,38.10
62963,38.10
62979,38.10
62995,38.10
63010,101.60
63027,109.22
63042,109.22
63058,43.18
63074,38.10
63089,35.56
63106,81.28
63121,106.68
63136,109.22
63153,109.22
63168,109.22
63184,109.22
63200,109.22
63216,109.22
63232,109.22
63247,109.22
63263,109.22
63279,109.22
63295,109.22
63310,109.22
63327,109.22
63342,109.22
63357,109.22
63374,109.22
63389,109.22
63406,111.76
63421,111.76
63436,111.76
63453,119.38
63468,124.46
63484,124.46
63500,119.38
63516,116.84
63532,116.84
63547,116.84
63563,114.30
63579,114.30
63595,91.44
63610,43.18
63626,38.10
63642,38.10
63657,101.60
63674,111.76
63689,111.76
63705,111.76
63721,111.76
63736,111.76
63753,111.76
63768,111.76
63784,111.76
63800,111.76
63815,111.76
63832,111.76
63847,111.76
63863,111.76
63879,111.76
63895,111.76
63910,111.76
63926,111.76
63942,99.06
63958,45.72
63974,40.64
63989,38.10
64005,99.06
64021,106.68
64036,109.22
64053,109.22
64068,109.22
64083,109.22
64100,109.22
64115,109.22
64132,109.22
64147,53.34
64162,38.10
64179,38.10
64194,48.26
64210,106.68
64226,109.22
64241,83.82
64258,43.18
64273,38.10
64289,38.10
64305,38.10
64320,38.10
64336,38.10
64352,38.10
64367,35.56
64384,35.56
64399,35.56
64415,38.10
64431,35.56
64446,68.58
64462,109.22
64478,111.76
64494,63.50
64509,38.10
64525,35.56
64541,43.18
64557,81.28
64572,83.82
64588,83.82
64604,81.28
64620,78.74
64635,81.28
64651,81.28
64667,81.28
64683,81.28
64698,81.28
64714,78.74
64730,78.74
64746,78.74
64761,78.74
64777,78.74
64793,81.28
64808,81.28
64824,81.28
64840,58.42
64856,40.64
64872,35.56
64887,38.10
64903,73.66
64919,78.74
64934,78.74
64950,81.28
64966,81.28
64982,81.28
64998,81.28
65013,78.74
65029,78.74
65045,78.74
65060,78.74
65076,78.74
65092,81.28
65107,81.28
65124,81.28
65139,55.88
65155,40.64
65171,38.10
65186,38.10
65202,76.20
65218,81.28
65233,81.28
65250,40.64
65265,38.10
65281,38.10
65297,93.98
65312,111.76
65328,111.76
65344,45.72
65359,38.10
65376,38.10
65391,30.48
65406,27.94
65423,27.94
65438,35.56
65455,38.10
65470,35.56
65485,30.48
-1,-1
66501,35.56
66518,38.10
66533,38.10
66548,38.10
66565,38.10
66580,38.10
66596,38.10
66612,40.64
66627,38.10
66643,38.10
66659,38.10
66674,40.64
66691,25.40
66706,25.40
66722,22.86
66738,35.56
66753,35.56
66769,35.56
66785,35.56
66800,35.56
66817,35.56
66832,35.56
66848,35.56
66864,35.56
66879,38.10
66895,35.56
66911,35.56
66927,38.10
66942,38.10
66958,35.56
66974,35.56
66990,38.10
67005,38.10
67021,40.64
67037,38.10
67053,35.56
67068,38.10
67084,38.10
67100,38.10
67116,40.64
67131,38.10
67147,35.56
67163,35.56
67179,40.64
67194,78.74
67210,81.28
67226,81.28
67241,81.28
67257,81.28
67273,81.28
67289,81.28
67305,81.28
67320,81.28
67336,78.74
67352,78.74
67367,78.74
67383,45.72
67399,40.64
67415,40.64
67431,50.80
67446,78.74
67462,78.74
67478,81.28
67493,81.28
67509,81.28
67525,81.28
67540,78.74
67557,78.74
67572,78.74
67588,81.28
67604,81.28
67619,81.28
67635,81.28
67651,81.28
67666,81.28
67683,83.82
67698,83.82
67714,83.82
67730,48.26
67745,40.64
67761,38.10
67777,35.56
67792,35.56
67809,38.10
67824,38.10
67840,106.68
67856,109.22
67871,101.60
67888,40.64
67903,38.10
67918,38.10
67935,40.64
67950,38.10
67966,40.64
67982,38.10
67997,35.56
68014,35.56
68029,76.20
68044,109.22
68061,109.22
68076,58.42
68092,40.64
68108,38.10
68123,40.64
68140,106.68
68155,109.22
68171,109.22
68187,109.22
68202,109.22
68218,109.22
68234,109.22
68250,111.76
68265,109.22
68282,109.22
68297,109.22
68313,109.22
68329,109.22
68344,109.22
68361,109.22
68376,109.22
68392,109.22
68408,109.22
68423,63.50
68440,40.64
68455,38.10
68471,40.64
68487,106.68
68502,109.22
68518,101.60
68534,43.18
68550,38.10
68566,38.10
68581,38.10
68597,38.10
68613,38.10
68628,38.10
68644,38.10
68660,38.10
68676,73.66
68691,111.76
68707,111.76
68723,114.30
68739,114.30
68755,114.30
68770,114.30
68787,114.30
68802,114.30
68817,114.30
68834,124.46
68849,124.46
68866,121.92
68881,48.26
68896,40.64
68913,40.64
68928,96.52
68944,109.22
68960,109.22
68975,109.22
68992,111.76
69007,111.76
69023,109.22
69039,109.22
69054,109.22
69070,109.22
69086,109.22
69102,109.22
69117,109.22
69134,109.22
69149,109.22
69165,109.22
69181,109.22
-1,-1
70197,38.10
70212,48.26
70228,106.68
70244,109.22
70260,109.22
70276,109.22
70291,109.22
70307,109.22
70323,109.22
70339,109.22
70354,109.22
70370,109.22
70386,109.22
70402,109.22
70418,109.22
70433,109.22
70450,109.22
70465,109.22
70480,109.22
70497,109.22
70512,109.22
70529,109.22
70544,109.22
70560,109.22
70576,109.22
70591,109.22
70607,111.76
70623,109.22
70639,109.22
70654,109.22
70671,109.22
70686,109.22
70702,109.22
70718,109.22
70733,109.22
70750,109.22
70765,111.76
70780,111.76
70797,111.76
70812,111.76
70829,111.76
70844,111.76
70860,114.30
70876,124.46
70891,124.46
70907,124.46
70923,127.00
70939,124.46
70955,114.30
70971,43.18
70986,38.10
71002,38.10
71018,40.64
71033,38.10
71049,40.64
71065,38.10
71080,35.56
71097,38.10
71112,76.20
71128,109.22
71144,111.76
71159,58.42
71176,38.10
71191,35.56
71206,38.10
71223,38.10
71238,40.64
71254,40.64
71270,104.14
71285,106.68
71302,109.22
71317,43.18
71332,40.64
71349,38.10
71364,93.98
71380,106.68
71396,106.68
71411,109.22
71428,109.22
71443,109.22
71459,109.22
71475,111.76
71491,109.22
71506,63.50
71522,43.18
71538,40.64
71554,38.10
71570,38.10
71585,38.10
71601,38.10
71617,101.60
71632,109.22
71648,106.68
71664,45.72
71680,40.64
71696,38.10
71711,35.56
71727,35.56
71743,38.10
71758,73.66
71775,109.22
71790,109.22
71805,58.42
71822,38.10
71837,35.56
71854,35.56
71869,35.56
71884,38.10
71901,38.10
71916,35.56
71931,35.56
71948,38.10
71963,73.66
71980,81.28
71995,81.28
72010,81.28
72027,81.28
72042,81.28
72057,81.28
72074,78.74
72089,78.74
72105,78.74
72121,78.74
72136,81.28
72153,78.74
72168,78.74
72183,78.74
72200,78.74
72215,78.74
72231,78.74
72247,78.74
72262,81.28
72279,78.74
72294,78.74
72309,78.74
72326,78.74
72341,78.74
72357,78.74
72373,78.74
72388,81.28
72404,81.28
72420,81.28
72435,81.28
72452,53.34
72467,40.64
72483,35.56
72499,38.10
72514,38.10
72530,38.10
72546,40.64
72562,76.20
72578,81.28
72593,81.28
72609,40.64
72625,38.10
72640,38.10
72656,86.36
72672,111.76
72688,111.76
72704,53.34
72719,40.64
72735,40.64
72751,38.10
72767,35.56
72782,38.10
72798,38.10
72814,38.10
72829,38.10
72845,38.10
72861,38.10
72877,38.10
-1,-1
73892,66.04
73909,38.10
73924,35.56
73939,38.10
73956,38.10
73971,38.10
73987,38.10
74003,38.10
74018,38.10
74035,40.64
74050,99.06
74065,109.22
74082,109.22
74097,48.26
74114,40.64
74129,40.64
74144,73.66
74161,109.22
74176,111.76
74192,48.26
74208,25.40
74223,22.86
74240,22.86
74255,22.86
74270,22.86
74287,22.86
74302,35.56
74318,35.56
74334,35.56
74349,99.06
74365,111.76
74381,111.76
74397,45.72
74413,38.10
74428,38.10
74444,38.10
74460,38.10
74475,40.64
74491,38.10
74507,35.56
74523,35.56
74539,38.10
74554,38.10
74570,38.10
74586,40.64
74602,35.56
74617,35.56
74633,35.56
74649,73.66
74664,78.74
74680,78.74
74696,78.74
74712,78.74
74728,78.74
74743,78.74
74759,78.74
74775,78.74
74790,78.74
74806,78.74
74822,78.74
74838,78.74
74854,78.74
74869,78.74
74885,78.74
74901,78.74
74916,78.74
74933,78.74
74948,78.74
74963,78.74
74980,78.74
74995,81.28
75011,81.28
75027,81.28
75042,81.28
75059,81.28
75074,81.28
75089,83.82
75106,83.82
75121,83.82
75137,53.34
75153,40.64
75168,38.10
75185,38.10
75200,38.10
75215,38.10
75232,38.10
75247,38.10
75262,35.56
75279,38.10
75294,35.56
75311,38.10
75326,35.56
75341,35.56
75358,35.56
75373,35.56
75389,35.56
75405,35.56
75420,35.56
75437,35.56
75452,35.56
75467,35.56
75484,48.26
75499,106.68
75515,109.22
75531,106.68
75546,109.22
75563,109.22
75578,109.22
75594,109.22
75610,109.22
75626,106.68
75641,109.22
75657,109.22
75673,109.22
75688,109.22
75705,109.22
75720,109.22
75737,53.34
75752,40.64
75767,40.64
75784,60.96
75799,106.68
75814,109.22
75831,73.66
75846,40.64
75863,38.10
75878,38.10
75893,104.14
75910,111.76
75925,111.76
75941,43.18
75957,38.10
75972,38.10
75988,35.56
76004,38.10
76020,38.10
76036,76.20
76051,109.22
76067,111.76
76083,111.76
76099,111.76
76114,111.76
76130,114.30
76146,116.84
76162,119.38
76178,116.84
76193,124.46
76210,124.46
76225,124.46
76240,114.30
76257,111.76
76272,114.30
76289,111.76
76304,109.22
76320,109.22
76336,109.22
76351,109.22
76367,111.76
76383,109.22
76399,109.22
76414,109.22
76430,109.22
76446,111.76
76462,109.22
76478,109.22
76493,109.22
76510,109.22
76525,109.22
76540,109.22
76557,109.22
76572,109.22
-1,-1
77588,109.22
77604,109.22
77620,109.22
77636,109.22
77651,109.22
77667,106.68
77683,43.18
77699,40.64
77715,40.64
77730,99.06
77746,109.22
77762,109.22
77777,109.22
77794,109.22
77809,109.22
77826,109.22
77841,109.22
77856,109.22
77873,109.22
77888,109.22
77904,109.22
77920,109.22
77935,109.22
77952,109.22
77967,109.22
77983,109.22
77999,109.22
78015,109.22
78030,109.22
78046,109.22
78062,109.22
78077,109.22
78094,109.22
78109,109.22
78126,109.22
78141,109.22
78156,111.76
78173,111.76
78188,111.76
78204,111.76
78220,114.30
78235,124.46
78252,124.46
78267,86.36
78283,40.64
78299,38.10
78314,38.10
78330,106.68
78346,111.76
78362,114.30
78377,43.18
78394,38.10
78409,38.10
78425,35.56
78441,38.10
78456,38.10
78472,38.10
78488,38.10
78503,38.10
78520,63.50
78535,109.22
78551,111.76
78567,71.12
78582,43.18
78599,38.10
78614,38.10
78629,106.68
78646,109.22
78661,109.22
78678,40.64
78693,35.56
78708,35.56
78725,93.98
78740,106.68
78756,106.68
78772,109.22
78787,109.22
78803,109.22
78819,109.22
78835,109.22
78851,109.22
78866,109.22
78882,109.22
78898,109.22
78914,109.22
78929,109.22
78946,109.22
78961,101.60
78977,40.64
78993,38.10
79008,38.10
79025,35.56
79040,35.56
79055,38.10
79072,38.10
79087,35.56
79102,38.10
79119,35.56
79134,38.10
79151,38.10
79166,38.10
79181,35.56
79198,38.10
79213,35.56
79228,35.56
79245,35.56
79260,35.56
79277,35.56
79292,35.56
79307,35.56
79324,73.66
79339,81.28
79355,81.28
79371,81.28
79386,81.28
79403,81.28
79418,81.28
79433,81.28
79450,81.28
79465,81.28
79481,78.74
79497,78.74
79512,78.74
79528,78.74
79544,78.74
79559,78.74
79576,78.74
79591,78.74
79607,78.74
79623,78.74
79638,78.74
79654,78.74
79670,81.28
79685,83.82
79702,81.28
79717,81.28
79733,78.74
79749,78.74
79764,78.74
79780,78.74
79796,81.28
79812,81.28
79827,81.28
79843,81.28
79859,60.96
79875,40.64
79890,38.10
79906,38.10
79922,38.10
79938,38.10
79953,38.10
79969,38.10
79985,38.10
80001,35.56
80016,40.64
80032,40.64
80048,40.64
80064,38.10
80079,38.10
80095,38.10
80111,38.10
80126,40.64
80142,40.64
80158,38.10
80174,38.10
80190,38.10
80205,33.02
80221,25.40
80237,22.86
80252,22.86
80269,35.56
-1,-1
81285,35.56
81300,33.02
81315,25.40
81332,25.40
81347,22.86
81362,20.32
81379,22.86
81394,20.32
81411,33.02
81426,35.56
81441,35.56
81458,25.40
81473,22.86
81488,22.86
81505,22.86
81520,20.32
81537,22.86
81552,27.94
81567,35.56
81584,35.56
81599,30.48
81614,25.40
81631,25.40
81646,22.86
81662,35.56
81678,35.56
81693,35.56
81710,38.10
81725,38.10
81740,38.10
81757,38.10
81772,38.10
81788,35.56
81804,38.10
81819,38.10
81836,38.10
81851,38.10
81867,38.10
81883,38.10
81898,38.10
81914,35.56
81930,38.10
81945,35.56
81961,38.10
81977,40.64
81993,40.64
82009,68.58
82024,81.28
82040,81.28
82056,81.28
82071,78.74
82087,78.74
82103,81.28
82119,81.28
82135,81.28
82150,81.28
82166,78.74
82182,78.74
82197,78.74
82213,78.74
82229,78.74
82245,78.74
82260,78.74
82276,78.74
82292,78.74
82308,78.74
82323,78.74
82339,78.74
82355,78.74
82371,78.74
82386,78.74
82402,81.28
82418,81.28
82434,81.28
82449,53.34
82465,43.18
82481,38.10
82497,40.64
82512,78.74
82528,81.28
82544,73.66
82560,40.64
82575,38.10
82591,35.56
82607,35.56
82623,35.56
82638,38.10
82654,35.56
82670,35.56
82685,38.10
82701,38.10
82717,35.56
82733,35.56
82749,35.56
82764,35.56
82780,35.56
82796,38.10
82811,38.10
82828,38.10
82843,38.10
82859,35.56
82875,35.56
82890,35.56
82906,35.56
82922,35.56
82937,35.56
82954,93.98
82969,106.68
82984,109.22
83001,109.22
83016,109.22
83033,109.22
83048,55.88
83063,40.64
83080,38.10
83095,55.88
83111,106.68
83127,106.68
83142,106.68
83159,111.76
83174,111.76
83190,104.14
83206,40.64
83221,38.10
83237,38.10
83253,99.06
83269,109.22
83284,109.22
83300,111.76
83316,111.76
83332,114.30
83348,111.76
83363,111.76
83380,111.76
83395,111.76
83410,111.76
83427,111.76
83442,111.76
83459,114.30
83474,114.30
83489,114.30
83506,114.30
83521,114.30
83537,114.30
83553,124.46
83569,124.46
83585,124.46
83600,114.30
83616,111.76
83632,111.76
83648,111.76
83663,111.76
83680,114.30
83695,111.76
83710,109.22
83727,109.22
83742,111.76
83759,109.22
83774,109.22
83789,109.22
83806,109.22
83821,109.22
83837,109.22
83853,109.22
83869,109.22
83885,109.22
83900,111.76
83916,109.22
83932,109.22
83948,109.22
83963,109.22
-1,-1
84979,109.22
84996,109.22
85011,109.22
85026,109.22
85043,45.72
85058,40.64
85074,40.64
85090,88.90
85105,109.22
85122,109.22
85137,50.80
85153,40.64
85169,38.10
85184,38.10
85200,38.10
85216,38.10
85231,40.64
85248,106.68
85263,109.22
85279,109.22
85295,109.22
85310,109.22
85326,109.22
85342,109.22
85358,109.22
85373,109.22
85390,109.22
85405,109.22
85421,109.22
85437,109.22
85452,109.22
85469,109.22
85484,109.22
85500,109.22
85516,109.22
85531,111.76
85548,111.76
85563,111.76
85579,111.76
85595,111.76
85611,111.76
85626,114.30
85642,114.30
85658,114.30
85673,114.30
85690,116.84
85705,116.84
85721,116.84
85737,114.30
85752,114.30
85769,114.30
85784,114.30
85800,111.76
85816,111.76
85831,58.42
85848,38.10
85863,35.56
85879,43.18
85895,106.68
85910,109.22
85926,109.22
85942,114.30
85958,111.76
85974,111.76
85989,111.76
86005,109.22
86021,109.22
86037,45.72
86052,40.64
86069,38.10
86084,86.36
86099,106.68
86116,109.22
86131,53.34
86147,40.64
86163,38.10
86178,58.42
86195,106.68
86210,109.22
86225,109.22
86242,109.22
86257,109.22
86274,99.06
86289,43.18
86304,40.64
86321,38.10
86336,99.06
86352,106.68
86368,106.68
86383,45.72
86400,40.64
86415,38.10
86431,35.56
86447,35.56
86462,38.10
86478,38.10
86494,38.10
86510,38.10
86525,38.10
86541,38.10
86557,38.10
86573,38.10
86588,104.14
86604,109.22
86620,109.22
86636,86.36
86651,86.36
86667,86.36
86683,45.72
86699,38.10
86715,38.10
86730,38.10
86746,38.10
86762,38.10
86777,48.26
86793,78.74
86809,81.28
86824,81.28
86841,78.74
86856,81.28
86872,81.28
86888,78.74
86903,78.74
86919,78.74
86935,78.74
86950,81.28
86967,78.74
86982,78.74
86998,78.74
87014,78.74
87029,81.28
87046,81.28
87061,78.74
87076,78.74
87093,78.74
87108,78.74
87123,81.28
87140,78.74
87155,78.74
87172,81.28
87187,81.28
87202,81.28
87219,81.28
87234,81.28
87249,78.74
87266,81.28
87281,40.64
87298,38.10
87313,38.10
87328,66.04
87345,81.28
87360,81.28
87375,45.72
87392,38.10
87407,38.10
87424,60.96
87439,83.82
87454,83.82
87471,58.42
87486,40.64
87501,38.10
87518,38.10
87533,38.10
87549,38.10
87565,40.64
87580,38.10
87597,35.56
87612,35.56
87627,30.48
87644,27.94
87659,25.40
-1,-1
