14,76.20
30,109.22
46,109.22
61,60.96
77,38.10
93,35.56
108,35.56
123,109.22
140,111.76
155,111.76
171,111.76
187,111.76
202,111.76
218,45.72
234,40.64
249,38.10
265,50.80
280,50.80
296,50.80
312,43.18
327,40.64
344,38.10
359,38.10
374,35.56
390,35.56
406,40.64
421,50.80
437,50.80
453,50.80
468,111.76
484,116.84
500,116.84
516,132.08
531,134.62
547,134.62
563,119.38
578,116.84
594,116.84
610,114.30
625,114.30
642,114.30
657,114.30
672,114.30
689,114.30
704,114.30
719,114.30
736,114.30
751,114.30
766,114.30
783,114.30
798,114.30
814,114.30
830,114.30
845,114.30
861,48.26
876,38.10
892,38.10
908,38.10
923,38.10
940,40.64
955,40.64
970,127.00
987,132.08
1002,132.08
1017,119.38
1034,116.84
1049,116.84
1064,137.16
1081,142.24
1096,142.24
1112,63.50
1128,55.88
1143,55.88
1159,53.34
1175,53.34
1190,55.88
1206,53.34
1222,55.88
1238,55.88
1253,45.72
1269,40.64
1285,38.10
1300,40.64
1316,50.80
1332,50.80
1347,50.80
1363,40.64
1379,38.10
1394,38.10
1411,50.80
1426,50.80
1441,50.80
1458,43.18
1473,40.64
1489,35.56
1505,35.56
1520,35.56
1537,38.10
1552,35.56
1567,35.56
1584,35.56
1599,40.64
1614,50.80
1631,50.80
1646,50.80
1661,50.80
1677,50.80
1693,50.80
1709,50.80
1724,50.80
1740,50.80
1756,50.80
1771,50.80
1787,50.80
1803,53.34
1818,53.34
1835,53.34
1850,53.34
1865,53.34
1882,53.34
1897,55.88
1912,106.68
1929,111.76
1944,111.76
1960,55.88
1976,55.88
1991,55.88
2008,93.98
2023,109.22
2038,111.76
2055,111.76
2070,111.76
2085,111.76
2102,53.34
2117,38.10
2132,35.56
2149,35.56
2164,35.56
2180,35.56
2196,35.56
2211,109.22
2228,114.30
2243,114.30
2258,114.30
2275,114.30
2290,114.30
2306,121.92
2322,124.46
2337,124.46
2354,48.26
2369,40.64
2384,35.56
2401,38.10
2416,38.10
2432,40.64
2448,55.88
2463,109.22
2479,111.76
2495,109.22
2510,109.22
2526,109.22
2542,109.22
2557,109.22
2574,109.22
2589,109.22
2605,109.22
2621,109.22
2636,109.22
2652,109.22
2668,109.22
2683,109.22
-1,-1
3699,109.22
3716,109.22
3731,109.22
3746,109.22
3763,109.22
3778,109.22
3793,109.22
3810,109.22
3825,109.22
3842,109.22
3857,109.22
3872,109.22
3889,109.22
3904,109.22
3920,109.22
3936,109.22
3951,109.22
3968,109.22
3983,109.22
3998,109.22
4015,109.22
4030,109.22
4046,109.22
4062,109.22
4077,109.22
4093,109.22
4109,109.22
4124,109.22
4141,109.22
4156,109.22
4172,109.22
4188,109.22
4203,109.22
4219,109.22
4235,109.22
4250,111.76
4267,111.76
4282,106.68
4298,43.18
4314,38.10
4329,35.56
4345,38.10
4361,38.10
4376,38.10
4392,91.44
4408,121.92
4423,124.46
4440,55.88
4455,40.64
4470,38.10
4487,50.80
4502,106.68
4517,109.22
4534,81.28
4549,38.10
4564,35.56
4581,38.10
4596,104.14
4613,109.22
4628,109.22
4643,55.88
4660,55.88
4675,55.88
4690,53.34
4707,50.80
4722,53.34
4738,53.34
4754,53.34
4769,53.34
4785,53.34
4801,50.80
4816,50.80
4832,50.80
4848,50.80
4864,50.80
4879,50.80
4895,43.18
4911,38.10
4926,38.10
4942,48.26
4958,50.80
4973,50.80
4989,50.80
5005,53.34
5020,53.34
5037,48.26
5052,48.26
5067,48.26
5084,43.18
5099,38.10
5114,35.56
5131,35.56
5146,35.56
5161,35.56
5178,38.10
5193,48.26
5209,48.26
5225,48.26
5240,40.64
5256,35.56
5272,35.56
5287,35.56
5303,35.56
5319,35.56
5335,35.56
5350,35.56
5366,38.10
5382,45.72
5397,50.80
5413,50.80
5429,50.80
5444,53.34
5460,50.80
5476,50.80
5491,50.80
5508,50.80
5523,53.34
5538,43.18
5555,38.10
5570,38.10
5585,83.82
5602,114.30
5617,114.30
5633,119.38
5649,134.62
5664,134.62
5681,129.54
5696,116.84
5711,114.30
5728,114.30
5743,121.92
5758,124.46
5775,111.76
5790,43.18
5806,38.10
5822,38.10
5837,109.22
5854,124.46
5869,124.46
5884,48.26
5901,40.64
5916,38.10
5932,38.10
5948,38.10
5963,38.10
5979,38.10
5995,35.56
6010,38.10
6026,35.56
6042,35.56
6057,35.56
6073,38.10
6089,35.56
6105,38.10
6120,38.10
6136,35.56
6152,35.56
6167,35.56
6183,38.10
6199,40.64
6214,40.64
6231,30.48
6246,27.94
6261,25.40
6278,25.40
6293,27.94
6308,27.94
6325,33.02
6340,38.10
6355,35.56
6372,33.02
-1,-1
7388,20.32
7403,22.86
7418,25.40
7435,35.56
7450,38.10
7465,38.10
7482,38.10
7497,35.56
7513,38.10
7529,25.40
7544,25.40
7560,22.86
7576,35.56
7591,35.56
7607,38.10
7623,27.94
7639,25.40
7654,22.86
7670,30.48
7686,35.56
7701,38.10
7717,35.56
7733,27.94
7748,27.94
7764,25.40
7780,35.56
7795,35.56
7812,38.10
7827,38.10
7842,38.10
7859,38.10
7874,38.10
7889,38.10
7906,38.10
7921,38.10
7937,35.56
7953,38.10
7968,35.56
7984,35.56
8000,35.56
8015,35.56
8031,104.14
8047,111.76
8062,111.76
8078,43.18
8094,38.10
8110,38.10
8125,93.98
8141,129.54
8157,129.54
8173,53.34
8188,38.10
8204,38.10
8220,53.34
8236,114.30
8251,119.38
8267,116.84
8283,116.84
8298,116.84
8314,116.84
8330,129.54
8346,129.54
8361,129.54
8377,116.84
8393,114.30
8409,116.84
8424,63.50
8440,58.42
8456,58.42
8471,81.28
8487,111.76
8503,114.30
8519,73.66
8535,55.88
8550,50.80
8566,53.34
8582,53.34
8597,53.34
8613,53.34
8629,50.80
8644,50.80
8660,50.80
8676,38.10
8691,38.10
8708,38.10
8723,50.80
8738,50.80
8755,50.80
8770,40.64
8785,38.10
8802,35.56
8817,35.56
8833,35.56
8849,35.56
8864,35.56
8880,35.56
8896,35.56
8911,35.56
8927,35.56
8943,35.56
8958,35.56
8974,38.10
8990,38.10
9006,38.10
9021,50.80
9037,50.80
9053,50.80
9068,50.80
9084,50.80
9100,50.80
9115,53.34
9132,50.80
9147,53.34
9162,43.18
9179,38.10
9194,35.56
9209,38.10
9226,53.34
9241,53.34
9256,53.34
9273,53.34
9288,53.34
9304,53.34
9320,53.34
9335,53.34
9351,53.34
9367,78.74
9382,109.22
9398,109.22
9414,111.76
9430,114.30
9445,111.76
9461,73.66
9477,40.64
9492,38.10
9508,35.56
9524,38.10
9539,38.10
9555,35.56
9571,38.10
9586,35.56
9603,38.10
9618,38.10
9633,35.56
9650,38.10
9665,86.36
9680,121.92
9697,124.46
9712,60.96
9729,40.64
9744,38.10
9759,43.18
9776,109.22
9791,109.22
9806,111.76
9823,109.22
9838,109.22
9853,109.22
9870,45.72
9885,40.64
9901,38.10
9917,93.98
9932,109.22
9948,109.22
9964,109.22
9979,109.22
9996,109.22
10011,109.22
10027,109.22
10043,106.68
10058,109.22
-1,-1
11074,109.22
11090,109.22
11106,111.76
11122,111.76
11138,109.22
11153,109.22
11169,109.22
11185,109.22
11201,109.22
11216,109.22
11233,109.22
11248,109.22
11264,109.22
11280,109.22
11295,109.22
11312,109.22
11327,109.22
11343,109.22
11359,109.22
11374,109.22
11390,109.22
11406,109.22
11422,109.22
11438,111.76
11453,109.22
11469,109.22
11485,109.22
11501,109.22
11516,111.76
11533,109.22
11548,109.22
11564,109.22
11580,109.22
11595,109.22
11612,109.22
11627,109.22
11643,109.22
11659,43.18
11674,38.10
11691,35.56
11706,99.06
11722,121.92
11738,121.92
11753,124.46
11769,124.46
11785,121.92
11801,124.46
11816,124.46
11832,127.00
11848,73.66
11864,40.64
11880,40.64
11895,38.10
11911,35.56
11927,38.10
11942,38.10
11959,101.60
11974,109.22
11990,111.76
12006,111.76
12021,111.76
12038,111.76
12053,63.50
12068,55.88
12085,55.88
12100,53.34
12116,53.34
12132,50.80
12147,50.80
12164,50.80
12179,50.80
12194,45.72
12211,40.64
12226,38.10
12242,38.10
12258,38.10
12273,38.10
12290,35.56
12305,48.26
12320,50.80
12337,50.80
12352,50.80
12368,50.80
12384,50.80
12399,40.64
12416,35.56
12431,35.56
12446,38.10
12463,38.10
12478,40.64
12494,38.10
12510,35.56
12525,35.56
12541,35.56
12557,35.56
12572,35.56
12589,35.56
12604,35.56
12620,35.56
12636,35.56
12651,48.26
12667,48.26
12683,48.26
12699,40.64
12715,38.10
12730,38.10
12746,38.10
12762,35.56
12777,38.10
12793,45.72
12809,50.80
12825,50.80
12840,50.80
12856,50.80
12872,53.34
12888,50.80
12903,53.34
12919,53.34
12935,53.34
12951,53.34
12966,53.34
12982,55.88
12998,101.60
13014,142.24
13030,144.78
13045,137.16
13061,134.62
13077,132.08
13092,132.08
13109,129.54
13124,129.54
13139,91.44
13156,43.18
13171,40.64
13188,40.64
13203,38.10
13218,35.56
13235,38.10
13250,38.10
13265,38.10
13282,40.64
13297,38.10
13314,38.10
13329,35.56
13344,73.66
13361,111.76
13376,111.76
13392,60.96
13408,43.18
13423,40.64
13440,38.10
13455,35.56
13470,35.56
13487,35.56
13502,35.56
13518,38.10
13534,35.56
13549,35.56
13565,35.56
13581,35.56
13596,38.10
13613,38.10
13628,38.10
13644,38.10
13660,35.56
13675,38.10
13691,38.10
13707,38.10
13722,38.10
13739,35.56
13754,35.56
-1,-1
14770,22.86
14786,33.02
14801,35.56
14817,35.56
14833,30.48
14849,25.40
14864,22.86
14880,25.40
14896,35.56
14912,35.56
14927,35.56
14943,25.40
14959,22.86
14974,22.86
14990,35.56
15006,35.56
15022,35.56
15038,27.94
15053,25.40
15069,22.86
15085,33.02
15100,35.56
15116,35.56
15132,33.02
15148,27.94
15164,27.94
15179,30.48
15195,38.10
15211,35.56
15226,38.10
15242,35.56
15258,35.56
15273,35.56
15290,35.56
15305,38.10
15321,35.56
15337,35.56
15352,35.56
15369,35.56
15384,35.56
15399,35.56
15416,38.10
15431,38.10
15447,38.10
15463,38.10
15478,38.10
15495,38.10
15510,35.56
15525,38.10
15542,38.10
15557,38.10
15572,38.10
15589,38.10
15604,38.10
15621,38.10
15636,83.82
15651,114.30
15668,116.84
15683,121.92
15699,129.54
15715,129.54
15730,124.46
15747,114.30
15762,114.30
15778,114.30
15794,142.24
15810,144.78
15825,139.70
15841,58.42
15857,55.88
15873,55.88
15889,53.34
15904,53.34
15920,55.88
15936,53.34
15951,53.34
15967,53.34
15983,53.34
15998,50.80
16015,53.34
16030,40.64
16046,38.10
16062,38.10
16077,38.10
16093,35.56
16109,35.56
16124,35.56
16141,38.10
16156,38.10
16172,38.10
16188,35.56
16203,35.56
16219,35.56
16235,35.56
16250,38.10
16267,35.56
16282,38.10
16297,38.10
16314,38.10
16329,48.26
16345,48.26
16361,48.26
16376,45.72
16393,40.64
16408,38.10
16423,43.18
16440,50.80
16455,50.80
16471,50.80
16487,50.80
16502,50.80
16519,50.80
16534,40.64
16549,38.10
16566,38.10
16581,50.80
16596,50.80
16613,50.80
16628,43.18
16645,40.64
16660,38.10
16675,50.80
16692,53.34
16707,53.34
16722,53.34
16739,53.34
16754,53.34
16771,53.34
16786,53.34
16801,53.34
16818,53.34
16833,99.06
16849,111.76
16865,111.76
16880,45.72
16897,38.10
16912,35.56
16928,83.82
16944,124.46
16959,124.46
16975,124.46
16991,124.46
17007,124.46
17022,76.20
17038,45.72
17054,40.64
17070,40.64
17085,114.30
17101,124.46
17117,121.92
17133,43.18
17148,38.10
17165,38.10
17180,91.44
17196,111.76
17212,109.22
17227,111.76
17244,111.76
17259,111.76
17274,111.76
17291,109.22
17306,109.22
17323,109.22
17338,109.22
17353,109.22
17370,109.22
17385,109.22
17401,109.22
17417,109.22
17433,109.22
17448,109.22
-1,-1
18464,109.22
18480,109.22
18496,111.76
18511,109.22
18528,109.22
18543,109.22
18560,109.22
18575,109.22
18590,109.22
18607,109.22
18622,109.22
18638,109.22
18654,109.22
18670,109.22
18685,109.22
18701,109.22
18717,109.22
18733,109.22
18749,109.22
18764,109.22
18780,109.22
18796,109.22
18811,111.76
18828,109.22
18843,109.22
18860,109.22
18875,109.22
18890,109.22
18907,109.22
18922,109.22
18938,109.22
18954,109.22
18970,109.22
18985,109.22
19001,109.22
19017,111.76
19033,111.76
19049,111.76
19064,55.88
19080,40.64
19096,38.10
19111,35.56
19128,38.10
19143,38.10
19159,38.10
19175,119.38
19190,124.46
19207,124.46
19222,116.84
19237,116.84
19254,116.84
19269,114.30
19286,114.30
19301,114.30
19316,48.26
19333,40.64
19348,38.10
19364,71.12
19380,109.22
19395,111.76
19411,111.76
19427,111.76
19443,111.76
19459,111.76
19475,111.76
19490,111.76
19506,104.14
19522,55.88
19537,55.88
19554,55.88
19569,53.34
19585,50.80
19601,50.80
19616,50.80
19632,50.80
19648,50.80
19663,50.80
19680,53.34
19695,50.80
19710,50.80
19727,50.80
19742,50.80
19758,45.72
19774,40.64
19789,40.64
19806,40.64
19821,40.64
19836,40.64
19853,38.10
19868,50.80
19884,50.80
19900,50.80
19915,38.10
19932,35.56
19947,35.56
19962,50.80
19979,50.80
19994,50.80
20009,43.18
20026,38.10
20041,38.10
20058,45.72
20073,48.26
20088,48.26
20105,43.18
20120,38.10
20135,35.56
20152,38.10
20167,35.56
20184,38.10
20199,38.10
20214,35.56
20231,35.56
20246,35.56
20261,53.34
20278,53.34
20293,53.34
20310,53.34
20325,53.34
20340,53.34
20357,66.04
20372,111.76
20388,114.30
20404,114.30
20419,132.08
20435,132.08
20451,132.08
20467,129.54
20483,132.08
20498,132.08
20514,129.54
20530,129.54
20546,129.54
20561,129.54
20578,129.54
20593,129.54
20609,53.34
20625,40.64
20640,38.10
20656,38.10
20672,35.56
20687,35.56
20704,50.80
20719,111.76
20734,114.30
20751,86.36
20766,40.64
20783,38.10
20798,38.10
20813,35.56
20830,35.56
20845,38.10
20860,35.56
20877,38.10
20892,35.56
20909,35.56
20924,38.10
20939,38.10
20956,38.10
20971,38.10
20986,38.10
21003,38.10
21018,38.10
21035,38.10
21050,38.10
21065,35.56
21082,38.10
21097,35.56
21112,38.10
21129,38.10
21144,35.56
-1,-1
22160,35.56
22176,35.56
22192,33.02
22207,25.40
22223,25.40
22239,22.86
22255,20.32
22270,20.32
22286,20.32
22302,35.56
22318,38.10
22333,38.10
22349,35.56
22365,35.56
22381,38.10
22396,27.94
22412,25.40
22428,22.86
22444,25.40
22459,25.40
22475,25.40
22491,27.94
22507,35.56
22522,35.56
22538,35.56
22554,38.10
22569,38.10
22585,38.10
22601,40.64
22617,38.10
22633,38.10
22648,38.10
22664,35.56
22680,35.56
22695,35.56
22711,38.10
22727,35.56
22743,38.10
22759,38.10
22774,38.10
22790,38.10
22806,104.14
22821,111.76
22838,111.76
22853,114.30
22868,114.30
22885,114.30
22900,114.30
22917,114.30
22932,114.30
22947,114.30
22964,114.30
22979,114.30
22995,114.30
23011,114.30
23027,114.30
23043,114.30
23058,157.48
23074,157.48
23090,157.48
23106,132.08
23121,129.54
23138,129.54
23153,144.78
23169,147.32
23185,147.32
23200,63.50
23217,58.42
23232,58.42
23247,58.42
23264,55.88
23279,55.88
23294,53.34
23311,53.34
23326,55.88
23343,55.88
23358,55.88
23373,55.88
23390,45.72
23405,40.64
23421,38.10
23437,35.56
23452,35.56
23469,35.56
23484,38.10
23499,35.56
23516,35.56
23531,38.10
23547,35.56
23563,38.10
23578,38.10
23595,35.56
23610,35.56
23625,38.10
23642,35.56
23657,35.56
23673,38.10
23689,35.56
23704,35.56
23720,35.56
23736,38.10
23752,35.56
23768,38.10
23783,35.56
23799,48.26
23815,48.26
23830,50.80
23846,50.80
23862,50.80
23878,50.80
23894,50.80
23909,50.80
23925,50.80
23941,50.80
23956,50.80
23972,53.34
23988,50.80
24004,50.80
24019,50.80
24035,50.80
24051,50.80
24067,53.34
24082,53.34
24098,53.34
24114,53.34
24130,53.34
24145,99.06
24161,109.22
24177,109.22
24193,111.76
24209,111.76
24224,111.76
24240,111.76
24256,111.76
24271,111.76
24288,114.30
24303,114.30
24318,114.30
24335,114.30
24350,114.30
24367,114.30
24382,114.30
24398,124.46
24414,124.46
24429,121.92
24445,48.26
24461,43.18
24477,40.64
24493,96.52
24508,111.76
24524,111.76
24540,111.76
24556,111.76
24571,111.76
24587,53.34
24603,40.64
24619,38.10
24635,58.42
24650,106.68
24666,109.22
24682,109.22
24697,109.22
24714,109.22
24729,109.22
24745,109.22
24761,109.22
24776,109.22
24793,109.22
24808,109.22
24824,109.22
24840,109.22
-1,-1
25856,35.56
25871,38.10
25887,35.56
25903,35.56
25919,38.10
25934,35.56
25950,35.56
25966,35.56
25981,81.28
25997,106.68
26013,106.68
26029,53.34
26045,40.64
26060,38.10
26076,38.10
26092,35.56
26107,35.56
26124,38.10
26139,104.14
26155,106.68
26171,106.68
26186,109.22
26203,109.22
26218,109.22
26233,109.22
26250,109.22
26265,109.22
26281,106.68
26297,109.22
26313,109.22
26329,109.22
26344,109.22
26360,109.22
26376,55.88
26392,38.10
26407,38.10
26423,35.56
26439,35.56
26455,38.10
26471,38.10
26486,109.22
26502,116.84
26518,116.84
26533,43.18
26550,38.10
26565,40.64
26580,38.10
26597,38.10
26612,38.10
26628,83.82
26644,111.76
26659,111.76
26676,55.88
26691,43.18
26706,40.64
26723,38.10
26738,38.10
26755,38.10
26770,38.10
26785,106.68
26802,109.22
26817,111.76
26833,111.76
26849,111.76
26864,111.76
26881,58.42
26896,53.34
26912,50.80
26928,53.34
26943,50.80
26959,50.80
26975,50.80
26990,50.80
27006,50.80
27022,50.80
27038,50.80
27054,50.80
27069,50.80
27085,50.80
27101,50.80
27116,50.80
27132,50.80
27148,53.34
27164,50.80
27180,50.80
27195,50.80
27211,50.80
27227,40.64
27242,38.10
27258,38.10
27274,38.10
27290,35.56
27305,35.56
27321,35.56
27337,38.10
27353,35.56
27368,43.18
27384,50.80
27400,50.80
27416,45.72
27431,40.64
27447,38.10
27463,38.10
27479,35.56
27494,35.56
27510,38.10
27526,38.10
27542,35.56
27557,35.56
27573,50.80
27589,53.34
27604,53.34
27621,50.80
27636,53.34
27652,53.34
27668,55.88
27683,55.88
27699,55.88
27715,55.88
27730,58.42
27747,55.88
27762,55.88
27778,106.68
27794,114.30
27809,114.30
27826,127.00
27841,129.54
27856,129.54
27873,139.70
27888,157.48
27905,157.48
27920,142.24
27935,132.08
27952,132.08
27967,124.46
27983,114.30
27999,114.30
28015,114.30
28030,116.84
28046,116.84
28062,116.84
28078,114.30
28094,114.30
28109,114.30
28126,114.30
28141,114.30
28156,114.30
28173,114.30
28188,114.30
28205,114.30
28220,114.30
28235,114.30
28252,114.30
28267,53.34
28283,40.64
28299,38.10
28314,35.56
28331,35.56
28346,38.10
28362,40.64
28378,88.90
28393,91.44
28409,91.44
28425,88.90
28440,88.90
28456,88.90
28472,109.22
28488,111.76
28504,111.76
28519,48.26
28535,40.64
-1,-1
29551,38.10
29566,38.10
29583,38.10
29598,38.10
29614,38.10
29630,38.10
29645,35.56
29661,76.20
29677,111.76
29692,111.76
29709,58.42
29724,43.18
29740,40.64
29756,38.10
29771,38.10
29788,38.10
29803,38.10
29818,35.56
29835,38.10
29850,35.56
29867,27.94
29882,25.40
29897,22.86
29914,35.56
29929,35.56
29944,35.56
29961,35.56
29976,38.10
29992,38.10
30008,35.56
30023,38.10
30040,35.56
30055,35.56
30070,35.56
30087,35.56
30102,35.56
30118,106.68
30134,111.76
30149,109.22
30166,43.18
30181,38.10
30197,38.10
30213,93.98
30228,111.76
30244,111.76
30260,114.30
30276,114.30
30291,114.30
30307,116.84
30323,116.84
30339,116.84
30355,116.84
30370,116.84
30387,114.30
30402,114.30
30417,114.30
30434,114.30
30449,114.30
30466,132.08
30481,132.08
30496,132.08
30513,132.08
30528,132.08
30544,134.62
30560,119.38
30576,114.30
30592,114.30
30607,114.30
30623,116.84
30639,116.84
30655,73.66
30670,55.88
30686,55.88
30702,53.34
30717,53.34
30734,55.88
30749,53.34
30765,53.34
30781,50.80
30796,53.34
30812,50.80
30828,50.80
30843,50.80
30860,50.80
30875,50.80
30891,53.34
30907,53.34
30922,50.80
30938,53.34
30954,43.18
30969,40.64
30986,38.10
31001,38.10
31016,38.10
31033,38.10
31048,35.56
31064,35.56
31080,35.56
31095,38.10
31112,38.10
31127,38.10
31142,38.10
31159,38.10
31174,38.10
31191,40.64
31206,50.80
31221,50.80
31238,50.80
31253,50.80
31268,50.80
31285,50.80
31300,53.34
31316,58.42
31332,55.88
31347,55.88
31364,55.88
31379,55.88
31394,55.88
31411,58.42
31426,55.88
31442,55.88
31458,104.14
31473,111.76
31490,111.76
31505,111.76
31521,111.76
31537,111.76
31552,111.76
31568,111.76
31584,111.76
31600,111.76
31616,111.76
31632,111.76
31647,111.76
31663,111.76
31679,111.76
31694,78.74
31711,40.64
31726,38.10
31741,38.10
31758,38.10
31773,40.64
31789,40.64
31805,99.06
31820,121.92
31837,124.46
31852,124.46
31868,124.46
31884,124.46
31899,116.84
31916,111.76
31931,111.76
31947,111.76
31963,111.76
31978,111.76
31994,111.76
32010,111.76
32026,109.22
32041,109.22
32058,111.76
32073,109.22
32089,109.22
32105,109.22
32120,109.22
32137,109.22
32152,109.22
32168,109.22
32184,111.76
32199,109.22
32216,111.76
32231,109.22
-1,-1
33247,106.68
33263,106.68
33278,109.22
33295,48.26
33310,40.64
33326,38.10
33342,78.74
33357,109.22
33373,109.22
33389,109.22
33404,109.22
33421,109.22
33436,71.12
33453,38.10
33468,38.10
33483,38.10
33500,104.14
33515,109.22
33530,106.68
33547,109.22
33562,109.22
33579,109.22
33594,109.22
33610,109.22
33626,109.22
33641,109.22
33657,109.22
33673,109.22
33689,109.22
33704,109.22
33721,109.22
33736,109.22
33752,109.22
33768,109.22
33783,109.22
33800,109.22
33815,109.22
33830,109.22
33847,111.76
33862,111.76
33879,111.76
33894,111.76
33910,111.76
33926,111.76
33941,121.92
33957,124.46
33973,124.46
33989,124.46
34004,124.46
34021,124.46
34036,119.38
34052,114.30
34068,116.84
34083,116.84
34100,114.30
34115,114.30
34130,114.30
34147,111.76
34162,111.76
34179,104.14
34194,45.72
34210,40.64
34226,38.10
34241,99.06
34257,109.22
34273,109.22
34289,111.76
34305,111.76
34320,111.76
34336,111.76
34352,111.76
34368,111.76
34383,111.76
34399,111.76
34415,111.76
34430,81.28
34447,55.88
34462,53.34
34478,53.34
34494,50.80
34509,53.34
34526,50.80
34541,43.18
34556,38.10
34573,38.10
34588,50.80
34604,50.80
34620,50.80
34635,40.64
34652,35.56
34667,35.56
34682,35.56
34699,35.56
34714,35.56
34731,35.56
34746,35.56
34761,38.10
34778,38.10
34793,35.56
34808,35.56
34825,35.56
34840,53.34
34856,53.34
34872,53.34
34887,40.64
34904,38.10
34919,35.56
34934,50.80
34951,53.34
34966,53.34
34982,40.64
34998,38.10
35013,38.10
35030,48.26
35045,53.34
35060,53.34
35077,53.34
35092,106.68
35108,111.76
35124,106.68
35139,60.96
35155,55.88
35171,58.42
35187,104.14
35203,116.84
35218,116.84
35234,48.26
35250,40.64
35266,38.10
35281,38.10
35297,38.10
35313,38.10
35329,63.50
35345,114.30
35360,116.84
35376,73.66
35392,40.64
35407,38.10
35424,38.10
35439,109.22
35454,114.30
35471,114.30
35486,114.30
35503,114.30
35518,114.30
35533,114.30
35550,114.30
35565,114.30
35581,114.30
35597,114.30
35613,114.30
35629,53.34
35644,40.64
35660,38.10
35676,38.10
35691,40.64
35707,40.64
35723,40.64
35739,38.10
35755,38.10
35770,38.10
35786,106.68
35802,109.22
35818,111.76
35833,45.72
35849,40.64
35865,40.64
35880,38.10
35897,35.56
35912,38.10
35928,76.20
-1,-1
36943,109.22
36960,111.76
36975,45.72
36990,38.10
37007,38.10
37022,76.20
37039,109.22
37054,111.76
37069,48.26
37086,25.40
37101,22.86
37117,33.02
37133,38.10
37148,38.10
37165,40.64
37180,38.10
37196,38.10
37212,38.10
37227,101.60
37243,111.76
37259,109.22
37275,111.76
37291,111.76
37306,111.76
37322,50.80
37338,43.18
37354,40.64
37369,68.58
37385,111.76
37401,111.76
37416,68.58
37432,43.18
37448,40.64
37464,38.10
37480,35.56
37495,38.10
37511,38.10
37527,104.14
37542,114.30
37559,114.30
37574,48.26
37590,40.64
37606,40.64
37621,38.10
37638,35.56
37653,35.56
37668,71.12
37685,111.76
37700,111.76
37716,114.30
37732,114.30
37747,114.30
37764,114.30
37779,124.46
37795,127.00
37811,127.00
37826,152.40
37842,160.02
37858,160.02
37874,132.08
37890,129.54
37906,127.00
37921,116.84
37937,114.30
37953,114.30
37968,116.84
37985,116.84
38000,116.84
38016,116.84
38032,111.76
38047,111.76
38064,76.20
38079,55.88
38095,55.88
38111,55.88
38126,53.34
38142,53.34
38158,53.34
38173,50.80
38190,50.80
38205,50.80
38221,40.64
38237,38.10
38252,35.56
38268,35.56
38284,38.10
38299,38.10
38316,48.26
38331,48.26
38347,48.26
38363,45.72
38378,40.64
38394,38.10
38410,38.10
38425,35.56
38441,35.56
38457,38.10
38473,38.10
38489,38.10
38504,40.64
38520,35.56
38536,38.10
38552,38.10
38567,35.56
38583,35.56
38599,35.56
38615,48.26
38630,50.80
38646,50.80
38662,50.80
38678,50.80
38693,50.80
38709,50.80
38725,50.80
38740,50.80
38756,53.34
38772,53.34
38788,53.34
38804,53.34
38819,43.18
38835,40.64
38851,38.10
38866,38.10
38882,38.10
38898,38.10
38914,83.82
38930,111.76
38945,111.76
38961,111.76
38977,111.76
38992,111.76
39009,111.76
39024,111.76
39041,111.76
39056,76.20
39071,40.64
39088,38.10
39103,38.10
39118,104.14
39135,114.30
39150,114.30
39166,43.18
39182,38.10
39197,35.56
39214,96.52
39229,124.46
39245,124.46
39261,124.46
39277,124.46
39292,124.46
39308,116.84
39324,114.30
39340,111.76
39356,111.76
39371,111.76
39387,111.76
39403,111.76
39418,109.22
39435,109.22
39450,109.22
39467,109.22
39482,109.22
39497,109.22
39514,109.22
39529,109.22
39545,109.22
39561,48.26
39577,40.64
39592,38.10
39608,38.10
39624,38.10
-1,-1
40640,35.56
40655,38.10
40671,38.10
40687,38.10
40702,38.10
40719,35.56
40734,35.56
40750,35.56
40766,35.56
40781,35.56
40797,38.10
40813,38.10
40828,38.10
40845,38.10
40860,35.56
40876,35.56
40892,35.56
40907,38.10
40923,40.64
40939,38.10
40954,38.10
40971,38.10
40986,40.64
41001,83.82
41018,106.68
41033,109.22
41050,109.22
41065,109.22
41080,109.22
41097,109.22
41112,109.22
41128,109.22
41144,109.22
41160,109.22
41176,109.22
41191,109.22
41207,109.22
41223,109.22
41239,109.22
41254,111.76
41270,111.76
41286,111.76
41302,121.92
41318,124.46
41333,124.46
41350,127.00
41365,124.46
41380,127.00
41397,63.50
41412,40.64
41428,40.64
41444,40.64
41459,38.10
41476,35.56
41491,38.10
41506,106.68
41523,109.22
41538,109.22
41554,111.76
41570,111.76
41586,111.76
41602,111.76
41617,111.76
41633,111.76
41649,63.50
41665,53.34
41680,53.34
41696,43.18
41712,40.64
41728,40.64
41744,45.72
41759,50.80
41775,50.80
41791,45.72
41806,40.64
41822,40.64
41838,40.64
41853,50.80
41870,50.80
41885,50.80
41901,50.80
41917,50.80
41932,50.80
41948,40.64
41964,38.10
41979,35.56
41996,48.26
42011,50.80
42027,50.80
42043,43.18
42058,38.10
42074,35.56
42090,35.56
42105,35.56
42122,35.56
42137,38.10
42152,50.80
42169,50.80
42184,50.80
42200,38.10
42216,38.10
42231,38.10
42248,35.56
42263,35.56
42278,35.56
42295,35.56
42310,38.10
42326,38.10
42342,35.56
42357,38.10
42374,38.10
42389,45.72
42404,50.80
42421,50.80
42436,50.80
42451,53.34
42468,53.34
42483,53.34
42500,53.34
42515,53.34
42530,53.34
42547,93.98
42562,119.38
42578,119.38
42594,119.38
42609,119.38
42626,119.38
42641,55.88
42657,40.64
42673,38.10
42688,50.80
42704,127.00
42720,132.08
42736,132.08
42752,119.38
42767,119.38
42783,119.38
42799,116.84
42815,114.30
42830,114.30
42846,114.30
42862,114.30
42877,114.30
42894,114.30
42909,114.30
42926,114.30
42941,114.30
42956,111.76
42973,114.30
42988,55.88
43004,40.64
43020,38.10
43035,48.26
43052,109.22
43067,111.76
43083,109.22
43099,114.30
43114,111.76
43130,111.76
43146,114.30
43162,111.76
43177,111.76
43194,43.18
43209,38.10
43225,35.56
43241,86.36
43256,109.22
43272,109.22
43288,53.34
43303,40.64
43320,40.64
-1,-1
44336,48.26
44351,40.64
44366,40.64
44383,38.10
44398,35.56
44413,35.56
44430,60.96
44445,109.22
44462,111.76
44477,73.66
44492,43.18
44509,40.64
44524,33.02
44540,25.40
44556,25.40
44571,22.86
44588,35.56
44603,35.56
44618,38.10
44635,91.44
44650,109.22
44666,109.22
44682,111.76
44697,111.76
44713,111.76
44729,58.42
44745,38.10
44761,35.56
44776,38.10
44792,38.10
44808,40.64
44824,40.64
44839,106.68
44855,109.22
44871,111.76
44887,111.76
44903,111.76
44918,111.76
44935,114.30
44950,114.30
44965,114.30
44982,114.30
44997,114.30
45014,114.30
45029,114.30
45044,114.30
45061,114.30
45076,116.84
45092,119.38
45108,116.84
45124,116.84
45139,114.30
45155,114.30
45171,116.84
45187,114.30
45203,114.30
45218,114.30
45234,127.00
45250,129.54
45265,129.54
45282,129.54
45297,129.54
45314,129.54
45329,137.16
45344,144.78
45361,144.78
45376,81.28
45392,60.96
45408,55.88
45423,55.88
45440,53.34
45455,50.80
45471,53.34
45487,53.34
45502,53.34
45518,53.34
45534,50.80
45549,50.80
45565,50.80
45581,50.80
45597,53.34
45613,53.34
45628,50.80
45644,50.80
45660,50.80
45675,40.64
45691,38.10
45707,38.10
45723,35.56
45739,38.10
45754,38.10
45770,38.10
45786,38.10
45801,38.10
45817,38.10
45833,35.56
45849,35.56
45864,35.56
45880,35.56
45896,35.56
45912,38.10
45927,50.80
45943,50.80
45959,50.80
45975,50.80
45990,50.80
46006,50.80
46022,50.80
46038,50.80
46053,50.80
46069,50.80
46085,50.80
46101,50.80
46116,50.80
46132,50.80
46148,50.80
46163,50.80
46179,53.34
46195,53.34
46211,53.34
46227,53.34
46242,53.34
46258,53.34
46274,86.36
46289,109.22
46306,109.22
46321,111.76
46337,111.76
46353,111.76
46368,111.76
46385,111.76
46400,111.76
46416,78.74
46432,40.64
46447,38.10
46464,35.56
46479,38.10
46494,38.10
46511,38.10
46526,35.56
46542,35.56
46558,38.10
46573,99.06
46589,121.92
46605,121.92
46621,50.80
46637,38.10
46652,38.10
46668,38.10
46684,40.64
46699,40.64
46715,45.72
46731,106.68
46747,111.76
46763,111.76
46778,111.76
46794,109.22
46810,109.22
46826,109.22
46841,109.22
46858,109.22
46873,109.22
46888,109.22
46905,109.22
46920,109.22
46937,109.22
46952,109.22
46967,109.22
46984,109.22
46999,109.22
47015,109.22
-1,-1
48031,35.56
48047,38.10
48063,35.56
48078,35.56
48094,35.56
48110,63.50
48125,106.68
48141,106.68
48157,71.12
48173,40.64
48189,38.10
48204,38.10
48220,35.56
48236,35.56
48251,35.56
48268,101.60
48283,109.22
48299,109.22
48315,45.72
48330,40.64
48347,38.10
48362,83.82
48377,109.22
48394,109.22
48409,109.22
48425,109.22
48441,109.22
48456,109.22
48473,109.22
48488,109.22
48504,109.22
48520,109.22
48536,109.22
48551,109.22
48567,109.22
48583,109.22
48599,109.22
48615,111.76
48630,111.76
48646,111.76
48662,45.72
48677,38.10
48694,35.56
48709,76.20
48724,111.76
48741,114.30
48756,116.84
48773,124.46
48788,124.46
48803,121.92
48820,114.30
48835,114.30
48851,88.90
48867,43.18
48883,38.10
48899,38.10
48914,38.10
48930,38.10
48946,38.10
48961,96.52
48977,111.76
48993,111.76
49009,60.96
49025,55.88
49040,55.88
49056,76.20
49072,109.22
49088,111.76
49103,76.20
49119,55.88
49135,55.88
49150,55.88
49166,50.80
49182,50.80
49198,50.80
49214,50.80
49229,50.80
49245,50.80
49261,50.80
49276,50.80
49292,50.80
49308,50.80
49324,53.34
49340,50.80
49355,43.18
49371,40.64
49387,38.10
49402,38.10
49419,35.56
49434,35.56
49449,35.56
49466,35.56
49481,35.56
49497,38.10
49513,50.80
49528,48.26
49545,50.80
49560,40.64
49575,38.10
49592,38.10
49607,35.56
49623,35.56
49639,38.10
49654,48.26
49671,50.80
49686,50.80
49701,40.64
49718,35.56
49733,35.56
49748,35.56
49765,35.56
49780,38.10
49797,40.64
49812,53.34
49827,53.34
49844,53.34
49859,53.34
49875,53.34
49891,53.34
49906,53.34
49923,53.34
49938,53.34
49953,86.36
49970,111.76
49985,114.30
50001,114.30
50017,114.30
50032,114.30
50049,116.84
50064,127.00
50080,129.54
50096,129.54
50112,129.54
50127,129.54
50143,129.54
50159,116.84
50174,114.30
50191,116.84
50206,116.84
50223,116.84
50238,116.84
50253,116.84
50270,114.30
50285,114.30
50301,116.84
50317,116.84
50332,114.30
50349,114.30
50364,116.84
50380,114.30
50396,114.30
50412,114.30
50427,114.30
50443,116.84
50459,114.30
50475,114.30
50491,116.84
50506,111.76
50523,111.76
50538,111.76
50553,45.72
50570,40.64
50585,40.64
50600,38.10
50617,35.56
50632,38.10
50649,35.56
50664,35.56
50679,38.10
50696,38.10
50711,40.64
-1,-1
51727,22.86
51743,33.02
51759,35.56
51774,38.10
51790,35.56
51806,35.56
51821,35.56
51837,35.56
51853,106.68
51869,111.76
51885,109.22
51900,40.64
51916,38.10
51932,38.10
51948,25.40
51963,22.86
51979,22.86
51995,33.02
52011,35.56
52026,35.56
52042,35.56
52058,35.56
52074,35.56
52089,35.56
52105,35.56
52121,35.56
52136,38.10
52152,38.10
52168,40.64
52184,38.10
52200,38.10
52215,35.56
52231,35.56
52247,38.10
52262,38.10
52278,38.10
52294,38.10
52310,38.10
52326,38.10
52341,38.10
52357,35.56
52373,35.56
52388,55.88
52405,111.76
52420,114.30
52435,114.30
52452,114.30
52467,114.30
52484,114.30
52499,116.84
52514,116.84
52531,116.84
52546,116.84
52562,116.84
52578,116.84
52594,45.72
52610,40.64
52625,40.64
52641,40.64
52657,38.10
52672,40.64
52688,60.96
52704,147.32
52720,149.86
52736,83.82
52751,43.18
52767,38.10
52783,43.18
52799,50.80
52814,50.80
52830,48.26
52846,40.64
52861,38.10
52877,35.56
52893,50.80
52909,53.34
52925,53.34
52940,50.80
52956,50.80
52972,50.80
52987,40.64
53003,38.10
53019,35.56
53035,38.10
53051,35.56
53066,38.10
53082,43.18
53098,50.80
53113,50.80
53130,48.26
53145,40.64
53160,38.10
53177,35.56
53192,35.56
53208,35.56
53224,38.10
53239,35.56
53256,35.56
53271,35.56
53286,38.10
53303,38.10
53318,38.10
53334,38.10
53350,35.56
53365,38.10
53382,43.18
53397,50.80
53412,50.80
53429,50.80
53444,50.80
53459,50.80
53476,50.80
53491,50.80
53508,50.80
53523,50.80
53538,50.80
53555,50.80
53570,50.80
53585,50.80
53602,50.80
53617,50.80
53634,53.34
53649,53.34
53664,53.34
53681,53.34
53696,53.34
53712,53.34
53728,55.88
53743,106.68
53760,111.76
53775,111.76
53791,111.76
53807,111.76
53822,111.76
53838,43.18
53854,38.10
53870,38.10
53885,38.10
53901,38.10
53917,38.10
53933,81.28
53948,124.46
53964,124.46
53980,124.46
53996,127.00
54011,124.46
54028,78.74
54043,40.64
54059,38.10
54075,38.10
54090,38.10
54106,38.10
54122,38.10
54137,38.10
54154,40.64
54169,38.10
54184,93.98
54201,109.22
54216,109.22
54233,109.22
54248,111.76
54263,109.22
54280,109.22
54295,111.76
54311,109.22
54327,109.22
54343,109.22
54359,109.22
54374,109.22
54390,109.22
54406,109.22
-1,-1
55421,55.88
55438,106.68
55453,106.68
55469,76.20
55485,40.64
55500,40.64
55517,40.64
55532,104.14
55547,109.22
55564,109.22
55579,109.22
55596,109.22
55611,109.22
55627,43.18
55643,38.10
55658,38.10
55674,78.74
55690,106.68
55706,109.22
55721,109.22
55737,109.22
55753,109.22
55769,109.22
55785,109.22
55800,109.22
55816,109.22
55832,109.22
55847,109.22
55864,109.22
55879,109.22
55896,109.22
55911,109.22
55926,109.22
55943,109.22
55958,109.22
55974,111.76
55990,111.76
56006,111.76
56022,111.76
56037,109.22
56053,109.22
56069,111.76
56085,124.46
56100,124.46
56116,124.46
56132,124.46
56147,124.46
56164,124.46
56179,116.84
56196,116.84
56211,114.30
56226,43.18
56243,40.64
56258,38.10
56274,35.56
56290,35.56
56305,38.10
56322,81.28
56337,109.22
56353,111.76
56369,111.76
56384,111.76
56400,111.76
56416,66.04
56432,43.18
56448,40.64
56463,38.10
56479,106.68
56495,111.76
56511,111.76
56526,55.88
56542,53.34
56558,53.34
56573,53.34
56589,53.34
56605,55.88
56621,53.34
56637,50.80
56652,50.80
56668,50.80
56684,50.80
56699,50.80
56715,50.80
56731,50.80
56747,50.80
56763,45.72
56778,40.64
56794,38.10
56810,38.10
56825,35.56
56842,35.56
56857,35.56
56872,48.26
56889,50.80
56904,50.80
56920,40.64
56936,38.10
56951,35.56
56968,50.80
56983,50.80
56998,50.80
57015,40.64
57030,38.10
57046,38.10
57062,35.56
57077,35.56
57094,35.56
57109,35.56
57124,35.56
57141,35.56
57156,35.56
57171,50.80
57188,50.80
57203,50.80
57220,53.34
57235,53.34
57250,53.34
57267,55.88
57282,55.88
57298,55.88
57314,55.88
57329,53.34
57346,53.34
57361,53.34
57376,142.24
57393,147.32
57408,147.32
57424,116.84
57440,114.30
57456,114.30
57472,129.54
57487,129.54
57503,129.54
57519,116.84
57535,114.30
57550,116.84
57566,127.00
57582,129.54
57597,129.54
57614,119.38
57629,116.84
57646,114.30
57661,114.30
57676,116.84
57693,116.84
57708,116.84
57724,114.30
57740,114.30
57756,114.30
57772,114.30
57787,116.84
57803,109.22
57819,43.18
57835,38.10
57850,38.10
57866,38.10
57882,38.10
57897,38.10
57913,35.56
57929,35.56
57945,38.10
57961,71.12
57976,109.22
57992,111.76
58008,63.50
58023,43.18
58040,38.10
58055,38.10
58071,38.10
58087,38.10
58102,33.02
-1,-1
59118,35.56
59134,35.56
59150,30.48
59165,25.40
59182,22.86
59197,22.86
59212,20.32
59229,22.86
59244,20.32
59260,35.56
59276,35.56
59291,35.56
59308,38.10
59323,38.10
59338,38.10
59355,38.10
59370,38.10
59386,35.56
59402,27.94
59417,22.86
59433,22.86
59449,27.94
59464,38.10
59481,38.10
59496,38.10
59512,38.10
59528,38.10
59543,38.10
59559,96.52
59575,111.76
59591,111.76
59607,45.72
59622,38.10
59638,35.56
59654,40.64
59670,38.10
59685,38.10
59701,38.10
59717,35.56
59732,35.56
59748,40.64
59764,109.22
59780,111.76
59796,111.76
59811,114.30
59827,114.30
59843,114.30
59858,114.30
59875,114.30
59890,114.30
59907,48.26
59922,40.64
59937,40.64
59954,88.90
59969,129.54
59985,132.08
60001,129.54
60016,132.08
60033,132.08
60048,129.54
60064,147.32
60080,149.86
60095,149.86
60111,134.62
60127,134.62
60143,132.08
60158,116.84
60175,116.84
60190,116.84
60206,60.96
60222,55.88
60237,58.42
60254,55.88
60269,53.34
60284,53.34
60301,53.34
60316,53.34
60332,53.34
60348,40.64
60363,35.56
60380,35.56
60395,35.56
60410,35.56
60427,38.10
60442,38.10
60457,38.10
60474,38.10
60489,38.10
60506,50.80
60521,50.80
60536,50.80
60553,40.64
60568,38.10
60584,35.56
60600,35.56
60615,35.56
60632,38.10
60647,38.10
60662,38.10
60679,38.10
60694,45.72
60710,48.26
60726,48.26
60741,50.80
60758,50.80
60773,50.80
60788,50.80
60805,50.80
60820,50.80
60836,50.80
60852,50.80
60867,50.80
60883,50.80
60899,50.80
60914,50.80
60931,50.80
60946,50.80
60962,50.80
60978,50.80
60993,45.72
61009,40.64
61025,38.10
61040,38.10
61057,38.10
61072,40.64
61088,38.10
61104,104.14
61119,111.76
61135,111.76
61151,43.18
61167,38.10
61182,38.10
61198,88.90
61214,111.76
61230,111.76
61246,48.26
61261,38.10
61277,38.10
61293,38.10
61308,38.10
61325,40.64
61340,40.64
61356,35.56
61372,38.10
61387,38.10
61403,38.10
61419,38.10
61434,38.10
61451,111.76
61466,124.46
61481,124.46
61498,114.30
61513,111.76
61530,111.76
61545,111.76
61560,109.22
61577,111.76
61592,111.76
61608,109.22
61624,111.76
61640,109.22
61656,109.22
61671,109.22
61687,109.22
61703,111.76
61719,109.22
61734,109.22
61751,109.22
61766,109.22
61782,109.22
61798,109.22
-1,-1
62814,109.22
62829,111.76
62845,109.22
62861,109.22
62877,109.22
62893,109.22
62908,109.22
62924,109.22
62940,109.22
62956,109.22
62971,109.22
62987,109.22
63003,109.22
63019,111.76
63035,109.22
63050,109.22
63067,109.22
63082,109.22
63097,109.22
63114,109.22
63129,109.22
63145,109.22
63161,109.22
63177,109.22
63193,109.22
63208,109.22
63224,109.22
63240,109.22
63256,109.22
63271,109.22
63287,109.22
63303,109.22
63319,109.22
63335,48.26
63350,38.10
63367,38.10
63382,38.10
63397,38.10
63414,40.64
63429,50.80
63444,109.22
63461,111.76
63476,83.82
63493,40.64
63508,38.10
63523,35.56
63540,114.30
63555,124.46
63571,124.46
63587,45.72
63602,38.10
63619,38.10
63634,38.10
63650,35.56
63666,38.10
63681,71.12
63697,109.22
63713,111.76
63729,111.76
63745,111.76
63760,111.76
63776,111.76
63792,111.76
63808,111.76
63823,99.06
63839,45.72
63855,40.64
63870,38.10
63887,38.10
63902,40.64
63918,40.64
63934,38.10
63949,38.10
63965,40.64
63981,48.26
63996,50.80
64013,50.80
64028,50.80
64044,50.80
64060,50.80
64075,50.80
64091,50.80
64107,50.80
64122,50.80
64139,50.80
64154,50.80
64169,50.80
64186,40.64
64201,38.10
64217,38.10
64233,38.10
64248,35.56
64265,35.56
64280,35.56
64295,35.56
64312,35.56
64327,38.10
64343,35.56
64359,35.56
64374,45.72
64391,48.26
64406,48.26
64421,50.80
64438,50.80
64453,50.80
64470,48.26
64485,40.64
64500,38.10
64517,38.10
64532,35.56
64547,38.10
64564,35.56
64579,53.34
64595,53.34
64611,53.34
64626,53.34
64643,53.34
64658,53.34
64673,55.88
64690,55.88
64705,55.88
64721,55.88
64737,114.30
64752,116.84
64769,116.84
64784,139.70
64800,147.32
64816,147.32
64831,45.72
64847,40.64
64863,38.10
64879,99.06
64894,137.16
64910,139.70
64926,121.92
64942,116.84
64958,116.84
64973,116.84
64989,116.84
65005,116.84
65020,119.38
65037,114.30
65052,114.30
65069,114.30
65084,114.30
65099,114.30
65116,116.84
65131,114.30
65147,114.30
65163,114.30
65179,45.72
65195,40.64
65210,40.64
65226,38.10
65242,35.56
65257,38.10
65273,35.56
65289,35.56
65305,35.56
65320,35.56
65336,35.56
65352,35.56
65368,38.10
65383,38.10
65399,38.10
65415,38.10
65431,38.10
65446,38.10
65462,35.56
65478,25.40
65494,22.86
-1,-1
66509,22.86
66525,22.86
66541,20.32
66556,20.32
66573,33.02
66588,35.56
66604,35.56
66620,38.10
66635,38.10
66651,38.10
66667,25.40
66682,22.86
66699,22.86
66714,30.48
66729,35.56
66746,35.56
66761,35.56
66777,35.56
66793,35.56
66808,33.02
66825,25.40
66840,22.86
66855,22.86
66872,35.56
66887,35.56
66904,35.56
66919,38.10
66934,38.10
66951,38.10
66966,38.10
66981,35.56
66998,35.56
67013,35.56
67030,35.56
67045,35.56
67060,38.10
67077,38.10
67092,38.10
67107,38.10
67124,106.68
67139,111.76
67155,111.76
67171,114.30
67187,114.30
67203,114.30
67218,114.30
67234,114.30
67250,114.30
67266,119.38
67281,119.38
67297,119.38
67313,60.96
67329,43.18
67345,40.64
67360,50.80
67376,114.30
67392,116.84
67407,116.84
67424,129.54
67439,129.54
67456,129.54
67471,129.54
67486,129.54
67503,129.54
67518,134.62
67534,134.62
67550,134.62
67565,50.80
67581,40.64
67597,40.64
67613,38.10
67629,35.56
67644,35.56
67660,35.56
67676,38.10
67691,38.10
67707,43.18
67723,50.80
67739,50.80
67755,45.72
67770,38.10
67786,38.10
67802,35.56
67818,50.80
67833,50.80
67849,50.80
67865,43.18
67880,38.10
67896,38.10
67912,35.56
67928,38.10
67944,38.10
67959,38.10
67975,35.56
67991,35.56
68006,38.10
68022,38.10
68038,38.10
68054,38.10
68070,35.56
68085,35.56
68101,38.10
68117,48.26
68132,50.80
68148,50.80
68164,50.80
68179,50.80
68196,50.80
68211,50.80
68227,50.80
68243,50.80
68258,50.80
68275,50.80
68290,53.34
68305,40.64
68322,38.10
68337,38.10
68353,38.10
68369,38.10
68384,38.10
68401,40.64
68416,50.80
68431,50.80
68448,50.80
68463,93.98
68478,111.76
68495,111.76
68510,111.76
68527,111.76
68542,111.76
68558,111.76
68574,111.76
68589,111.76
68605,111.76
68621,111.76
68637,111.76
68653,111.76
68668,111.76
68684,114.30
68700,111.76
68716,124.46
68731,124.46
68748,124.46
68763,116.84
68779,116.84
68795,116.84
68810,124.46
68827,124.46
68842,127.00
68857,50.80
68874,40.64
68889,38.10
68905,35.56
68921,38.10
68936,38.10
68953,38.10
68968,40.64
68983,38.10
69000,40.64
69015,104.14
69031,109.22
69047,109.22
69063,111.76
69079,109.22
69094,109.22
69110,109.22
69126,111.76
69142,111.76
69157,48.26
69173,40.64
69189,40.64
-1,-1
70205,43.18
70220,38.10
70237,38.10
70252,38.10
70267,35.56
70284,38.10
70299,78.74
70315,106.68
70331,109.22
70346,109.22
70363,109.22
70378,111.76
70394,66.04
70410,43.18
70425,40.64
70441,38.10
70457,38.10
70472,38.10
70489,40.64
70504,101.60
70520,109.22
70536,109.22
70551,109.22
70567,109.22
70583,109.22
70599,109.22
70615,109.22
70631,109.22
70646,109.22
70662,109.22
70678,109.22
70693,109.22
70710,109.22
70725,109.22
70742,109.22
70757,109.22
70772,109.22
70789,96.52
70804,40.64
70820,38.10
70836,35.56
70851,38.10
70867,35.56
70883,35.56
70898,101.60
70915,124.46
70930,124.46
70946,124.46
70962,124.46
70978,124.46
70993,116.84
71009,116.84
71025,116.84
71041,66.04
71057,40.64
71072,38.10
71088,38.10
71104,106.68
71119,111.76
71136,111.76
71151,111.76
71166,111.76
71183,111.76
71198,58.42
71215,55.88
71230,53.34
71245,53.34
71262,50.80
71277,50.80
71293,50.80
71309,50.80
71324,50.80
71341,50.80
71356,50.80
71371,50.80
71388,50.80
71403,50.80
71419,50.80
71435,50.80
71450,50.80
71467,50.80
71482,53.34
71498,50.80
71514,50.80
71529,50.80
71545,50.80
71561,50.80
71576,50.80
71592,43.18
71608,40.64
71624,38.10
71640,38.10
71655,35.56
71671,35.56
71687,35.56
71702,35.56
71718,35.56
71734,38.10
71750,35.56
71766,38.10
71781,38.10
71797,45.72
71813,45.72
71828,48.26
71844,38.10
71860,35.56
71876,35.56
71891,38.10
71907,40.64
71923,40.64
71939,48.26
71955,50.80
71970,50.80
71986,45.72
72002,40.64
72017,38.10
72033,40.64
72049,53.34
72065,53.34
72081,53.34
72096,53.34
72112,53.34
72128,53.34
72143,119.38
72160,144.78
72175,144.78
72190,50.80
72207,40.64
72222,38.10
72238,73.66
72254,132.08
72269,134.62
72286,129.54
72301,121.92
72317,121.92
72333,83.82
72348,43.18
72365,40.64
72380,40.64
72395,106.68
72412,114.30
72427,114.30
72443,114.30
72459,114.30
72475,114.30
72491,48.26
72506,40.64
72522,35.56
72538,35.56
72554,35.56
72569,38.10
72585,58.42
72601,111.76
72616,114.30
72632,73.66
72648,40.64
72664,38.10
72680,35.56
72695,38.10
72711,38.10
72727,38.10
72742,30.48
72759,27.94
72774,27.94
72790,38.10
72806,38.10
72821,38.10
72837,30.48
72853,27.94
72868,27.94
72885,35.56
-1,-1
73901,38.10
73916,38.10
73931,38.10
73948,35.56
73963,35.56
73978,35.56
73995,38.10
74010,38.10
74027,30.48
74042,25.40
74057,25.40
74074,25.40
74089,38.10
74104,38.10
74121,38.10
74136,35.56
74152,38.10
74168,35.56
74183,25.40
74200,22.86
74215,22.86
74231,22.86
74247,22.86
74262,22.86
74278,25.40
74294,25.40
74309,25.40
74326,33.02
74341,35.56
74357,35.56
74373,35.56
74388,35.56
74404,35.56
74420,35.56
74435,101.60
74451,114.30
74467,114.30
74483,48.26
74499,40.64
74514,40.64
74530,83.82
74546,111.76
74562,114.30
74577,114.30
74593,114.30
74609,116.84
74625,114.30
74641,114.30
74656,114.30
74673,83.82
74688,40.64
74703,38.10
74720,38.10
74735,38.10
74750,38.10
74767,38.10
74782,35.56
74799,35.56
74814,38.10
74829,38.10
74846,38.10
74861,40.64
74876,78.74
74893,127.00
74908,129.54
74925,121.92
74940,116.84
74956,114.30
74972,93.98
74987,58.42
75003,58.42
75019,58.42
75034,53.34
75051,55.88
75066,53.34
75082,53.34
75098,50.80
75113,50.80
75129,50.80
75145,50.80
75161,50.80
75176,40.64
75192,38.10
75208,35.56
75224,35.56
75239,35.56
75255,38.10
75271,38.10
75287,35.56
75302,38.10
75318,38.10
75334,40.64
75350,38.10
75365,40.64
75381,38.10
75397,35.56
75413,38.10
75428,35.56
75444,38.10
75460,38.10
75475,50.80
75491,50.80
75507,50.80
75523,50.80
75539,50.80
75554,50.80
75570,50.80
75586,50.80
75601,50.80
75618,50.80
75633,50.80
75649,50.80
75665,50.80
75680,50.80
75696,50.80
75712,50.80
75727,50.80
75744,50.80
75759,50.80
75774,43.18
75791,40.64
75806,40.64
75822,50.80
75838,50.80
75853,50.80
75870,66.04
75885,109.22
75900,111.76
75917,111.76
75932,111.76
75949,111.76
75964,111.76
75979,114.30
75996,114.30
76011,114.30
76027,114.30
76043,114.30
76059,114.30
76075,114.30
76090,114.30
76106,114.30
76122,121.92
76138,124.46
76153,124.46
76169,60.96
76185,43.18
76200,40.64
76217,40.64
76232,40.64
76248,40.64
76264,40.64
76279,38.10
76296,35.56
76311,38.10
76326,104.14
76343,111.76
76358,111.76
76375,111.76
76390,111.76
76405,111.76
76422,109.22
76437,109.22
76453,109.22
76469,109.22
76485,109.22
76500,109.22
76516,109.22
76532,109.22
76548,109.22
76564,109.22
76579,109.22
-1,-1
77595,109.22
77612,109.22
77627,109.22
77642,109.22
77659,109.22
77674,109.22
77690,109.22
77706,81.28
77721,40.64
77737,38.10
77753,38.10
77769,101.60
77785,109.22
77800,109.22
77816,109.22
77832,109.22
77848,111.76
77863,109.22
77880,109.22
77895,109.22
77911,109.22
77927,109.22
77942,109.22
77959,109.22
77974,109.22
77989,109.22
78006,109.22
78021,109.22
78038,109.22
78053,109.22
78069,109.22
78085,109.22
78100,109.22
78116,109.22
78132,109.22
78148,109.22
78163,43.18
78180,38.10
78195,35.56
78211,35.56
78227,35.56
78242,38.10
78258,71.12
78274,111.76
78289,109.22
78306,111.76
78321,124.46
78337,124.46
78353,124.46
78368,114.30
78385,114.30
78400,101.60
78416,43.18
78432,38.10
78447,38.10
78464,99.06
78479,111.76
78495,111.76
78511,45.72
78526,38.10
78542,38.10
78558,38.10
78573,38.10
78589,38.10
78605,38.10
78621,38.10
78637,38.10
78652,38.10
78668,40.64
78684,40.64
78699,40.64
78715,53.34
78731,53.34
78747,53.34
78763,53.34
78778,50.80
78794,53.34
78810,53.34
78826,50.80
78841,50.80
78857,50.80
78873,50.80
78888,53.34
78904,50.80
78920,50.80
78936,50.80
78952,45.72
78967,40.64
78983,38.10
78999,38.10
79014,35.56
79030,35.56
79046,35.56
79062,35.56
79078,35.56
79093,35.56
79109,38.10
79125,38.10
79140,38.10
79157,48.26
79172,48.26
79187,48.26
79204,40.64
79219,38.10
79235,35.56
79251,45.72
79266,48.26
79283,48.26
79298,43.18
79313,38.10
79330,35.56
79345,38.10
79361,50.80
79377,50.80
79392,50.80
79409,53.34
79424,53.34
79439,53.34
79456,53.34
79471,53.34
79486,53.34
79503,81.28
79518,114.30
79535,114.30
79550,60.96
79565,43.18
79582,40.64
79597,38.10
79613,35.56
79629,38.10
79644,38.10
79661,38.10
79676,38.10
79692,35.56
79708,101.60
79723,114.30
79739,114.30
79755,116.84
79771,116.84
79787,116.84
79802,114.30
79818,114.30
79834,114.30
79850,114.30
79865,111.76
79882,114.30
79897,114.30
79912,114.30
79929,114.30
79944,114.30
79961,114.30
79976,114.30
79991,111.76
80008,114.30
80023,114.30
80039,114.30
80055,43.18
80071,38.10
80087,38.10
80102,88.90
80118,111.76
80134,111.76
80149,53.34
80165,43.18
80181,40.64
80197,40.64
80212,38.10
80228,38.10
80244,27.94
80260,25.40
80276,22.86
-1,-1
81292,58.42
81307,38.10
81323,38.10
81339,38.10
81354,38.10
81370,35.56
81386,38.10
81401,38.10
81418,35.56
81433,35.56
81448,38.10
81465,38.10
81480,38.10
81496,40.64
81512,38.10
81527,38.10
81544,27.94
81559,25.40
81574,22.86
81591,35.56
81606,38.10
81622,38.10
81638,38.10
81653,35.56
81670,38.10
81685,38.10
81700,35.56
81717,35.56
81732,35.56
81748,38.10
81764,38.10
81779,40.64
81796,93.98
81811,111.76
81826,109.22
81843,111.76
81858,111.76
81874,111.76
81890,114.30
81906,114.30
81922,114.30
81937,114.30
81953,114.30
81969,114.30
81985,114.30
82000,114.30
82017,114.30
82032,114.30
82048,114.30
82064,116.84
82079,116.84
82096,114.30
82111,114.30
82126,116.84
82143,48.26
82158,40.64
82174,38.10
82190,38.10
82205,38.10
82222,38.10
82237,58.42
82253,127.00
82269,129.54
82284,127.00
82300,116.84
82316,114.30
82332,106.68
82348,58.42
82363,58.42
82379,58.42
82395,55.88
82411,53.34
82426,55.88
82442,53.34
82458,50.80
82473,50.80
82489,40.64
82505,35.56
82521,38.10
82537,35.56
82552,38.10
82568,38.10
82584,38.10
82599,35.56
82616,38.10
82631,38.10
82647,38.10
82663,38.10
82678,35.56
82694,50.80
82710,50.80
82725,50.80
82742,40.64
82757,38.10
82772,35.56
82789,38.10
82804,38.10
82820,38.10
82836,35.56
82851,35.56
82868,35.56
82883,45.72
82898,50.80
82915,50.80
82930,50.80
82946,50.80
82962,50.80
82977,50.80
82994,50.80
83009,53.34
83024,53.34
83041,50.80
83056,50.80
83072,50.80
83088,53.34
83103,53.34
83120,50.80
83135,40.64
83150,38.10
83167,35.56
83182,40.64
83197,40.64
83214,40.64
83229,45.72
83246,109.22
83261,111.76
83276,111.76
83293,111.76
83308,111.76
83324,111.76
83340,111.76
83356,111.76
83372,111.76
83387,43.18
83403,38.10
83419,35.56
83435,81.28
83450,114.30
83466,116.84
83482,114.30
83497,114.30
83514,114.30
83529,116.84
83545,124.46
83561,124.46
83576,124.46
83593,127.00
83608,127.00
83624,127.00
83640,114.30
83655,114.30
83672,114.30
83687,114.30
83703,114.30
83719,114.30
83734,111.76
83750,109.22
83766,111.76
83782,111.76
83798,111.76
83814,109.22
83829,109.22
83845,109.22
83861,111.76
83876,109.22
83893,109.22
83908,109.22
83924,109.22
83940,109.22
83955,109.22
83972,109.22
-1,-1
84987,35.56
85003,38.10
85019,38.10
85035,38.10
85050,40.64
85066,38.10
85082,35.56
85097,35.56
85113,35.56
85129,96.52
85145,106.68
85160,109.22
85176,45.72
85192,40.64
85208,38.10
85224,76.20
85239,106.68
85255,109.22
85271,58.42
85286,40.64
85303,38.10
85318,40.64
85334,104.14
85350,106.68
85365,96.52
85382,43.18
85397,40.64
85412,38.10
85429,101.60
85444,109.22
85460,106.68
85476,109.22
85491,109.22
85508,109.22
85523,109.22
85539,109.22
85555,109.22
85570,111.76
85586,111.76
85602,111.76
85618,111.76
85634,111.76
85650,111.76
85665,111.76
85681,124.46
85697,124.46
85712,114.30
85729,45.72
85744,40.64
85760,40.64
85776,38.10
85791,35.56
85808,35.56
85823,86.36
85838,111.76
85855,114.30
85870,111.76
85886,111.76
85902,111.76
85917,111.76
85934,111.76
85949,111.76
85965,111.76
85981,111.76
85997,111.76
86012,101.60
86028,55.88
86044,53.34
86060,53.34
86076,40.64
86091,38.10
86107,38.10
86123,35.56
86138,38.10
86154,38.10
86170,50.80
86185,50.80
86202,50.80
86217,50.80
86233,50.80
86249,50.80
86264,50.80
86281,50.80
86296,50.80
86311,45.72
86328,40.64
86343,38.10
86359,40.64
86375,38.10
86390,38.10
86407,35.56
86422,35.56
86437,35.56
86454,35.56
86469,48.26
86484,48.26
86501,48.26
86516,48.26
86533,48.26
86548,48.26
86563,43.18
86580,38.10
86595,38.10
86610,38.10
86627,38.10
86642,35.56
86659,38.10
86674,35.56
86689,35.56
86706,38.10
86721,50.80
86737,50.80
86753,50.80
86768,50.80
86785,50.80
86800,53.34
86815,53.34
86832,53.34
86847,55.88
86863,55.88
86879,53.34
86894,55.88
86910,45.72
86926,40.64
86941,40.64
86958,38.10
86973,38.10
86989,38.10
87005,40.64
87020,38.10
87036,38.10
87052,35.56
87067,88.90
87084,114.30
87099,114.30
87115,121.92
87131,127.00
87146,127.00
87162,119.38
87178,114.30
87194,116.84
87209,116.84
87226,116.84
87241,114.30
87257,114.30
87273,116.84
87288,116.84
87305,114.30
87320,114.30
87336,111.76
87352,114.30
87367,114.30
87384,111.76
87399,114.30
87415,48.26
87431,40.64
87446,38.10
87462,78.74
87478,111.76
87494,111.76
87510,58.42
87525,43.18
87541,40.64
87557,40.64
87573,38.10
87588,38.10
87604,38.10
87620,38.10
87635,38.10
87651,35.56
87667,25.40
-1,-1