14,360.68
30,360.68
46,363.22
61,345.44
77,299.72
93,292.10
108,292.10
124,292.10
140,292.10
155,294.64
172,287.02
187,287.02
202,289.56
219,358.14
234,358.14
249,121.92
266,119.38
281,119.38
296,121.92
313,365.76
328,365.76
344,365.76
360,360.68
375,363.22
391,360.68
407,119.38
422,121.92
438,121.92
454,119.38
470,116.84
485,116.84
501,116.84
517,116.84
532,116.84
548,116.84
564,116.84
579,116.84
595,119.38
611,119.38
626,116.84
643,119.38
658,160.02
673,160.02
689,160.02
705,160.02
720,160.02
736,160.02
752,160.02
768,160.02
783,160.02
799,160.02
815,160.02
830,160.02
846,160.02
862,160.02
877,162.56
893,160.02
909,160.02
924,160.02
941,160.02
956,160.02
971,160.02
988,160.02
1003,162.56
1018,160.02
1035,63.50
1050,53.34
1065,53.34
1082,53.34
1097,50.80
1113,53.34
1129,53.34
1144,50.80
1160,53.34
1176,53.34
1191,50.80
1207,50.80
1223,53.34
1239,53.34
1254,50.80
1270,53.34
1286,50.80
1301,53.34
1317,53.34
1333,50.80
1348,48.26
1364,48.26
1380,50.80
1395,48.26
1412,50.80
1427,50.80
1442,50.80
1459,53.34
1474,53.34
1489,50.80
1506,50.80
1521,50.80
1537,50.80
1553,50.80
1568,50.80
1584,48.26
1600,50.80
1615,50.80
1631,50.80
1647,50.80
1662,50.80
1678,48.26
1694,50.80
1710,50.80
1725,48.26
1741,53.34
1757,50.80
1772,53.34
1788,50.80
1804,50.80
1819,50.80
1836,50.80
1851,50.80
1866,50.80
1883,50.80
1898,50.80
1913,50.80
1930,50.80
1945,50.80
1960,50.80
1977,50.80
1992,50.80
2008,50.80
2024,50.80
2039,50.80
2055,50.80
2071,50.80
2086,55.88
2102,55.88
2118,53.34
2134,160.02
2150,157.48
2165,157.48
2181,160.02
2197,157.48
2212,157.48
2228,119.38
2244,127.00
2259,127.00
2275,127.00
2291,157.48
2307,157.48
2323,160.02
2338,106.68
2354,106.68
2370,106.68
2385,129.54
2401,129.54
2417,129.54
2433,157.48
2449,157.48
2464,157.48
2480,114.30
2496,116.84
2511,116.84
2527,111.76
2543,111.76
2558,114.30
2575,109.22
2590,109.22
2606,111.76
2622,109.22
2637,109.22
2653,109.22
2669,109.22
2684,109.22
-1,-1
3700,109.22
3717,109.22
3732,109.22
3747,109.22
3764,109.22
3779,109.22
3795,109.22
3811,109.22
3826,109.22
3843,109.22
3858,111.76
3873,109.22
3890,109.22
3905,109.22
3921,109.22
3937,109.22
3952,109.22
3969,109.22
3984,109.22
3999,109.22
4016,109.22
4031,109.22
4047,109.22
4063,109.22
4078,109.22
4094,109.22
4110,114.30
4126,111.76
4142,114.30
4157,111.76
4173,111.76
4189,111.76
4204,111.76
4220,111.76
4236,111.76
4252,111.76
4268,124.46
4283,124.46
4299,124.46
4315,127.00
4330,127.00
4346,127.00
4362,127.00
4378,127.00
4393,127.00
4409,127.00
4425,127.00
4441,127.00
4456,137.16
4472,160.02
4488,160.02
4504,157.48
4519,160.02
4535,157.48
4551,50.80
4567,58.42
4582,58.42
4598,60.96
4614,55.88
4629,53.34
4645,55.88
4661,50.80
4676,50.80
4692,50.80
4708,50.80
4723,50.80
4740,50.80
4755,50.80
4770,50.80
4787,50.80
4802,50.80
4817,50.80
4834,50.80
4849,50.80
4865,50.80
4881,50.80
4896,50.80
4912,50.80
4928,50.80
4943,50.80
4959,48.26
4975,48.26
4990,48.26
5006,50.80
5022,50.80
5038,50.80
5053,48.26
5069,48.26
5085,48.26
5100,48.26
5116,48.26
5132,48.26
5147,48.26
5164,48.26
5179,50.80
5194,50.80
5211,50.80
5226,50.80
5241,50.80
5258,50.80
5273,50.80
5288,50.80
5305,48.26
5320,50.80
5336,50.80
5352,50.80
5367,50.80
5383,50.80
5399,53.34
5414,50.80
5430,50.80
5446,50.80
5462,50.80
5477,53.34
5493,50.80
5509,53.34
5524,53.34
5540,53.34
5556,53.34
5571,53.34
5587,50.80
5603,50.80
5618,50.80
5635,50.80
5650,162.56
5665,162.56
5682,160.02
5697,162.56
5712,160.02
5729,162.56
5744,160.02
5761,162.56
5776,160.02
5791,160.02
5808,162.56
5823,160.02
5838,160.02
5855,162.56
5870,162.56
5886,160.02
5902,160.02
5917,162.56
5934,162.56
5949,162.56
5964,160.02
5981,162.56
5996,162.56
6012,165.10
6028,165.10
6043,165.10
6060,165.10
6075,165.10
6090,162.56
6107,162.56
6122,165.10
6138,162.56
6154,165.10
6169,165.10
6185,165.10
6201,327.66
6216,350.52
6233,350.52
6248,347.98
6264,360.68
6280,360.68
6295,358.14
6311,350.52
6327,353.06
6343,353.06
6359,368.30
6374,368.30
-1,-1
7390,119.38
7406,119.38
7421,119.38
7437,116.84
7453,116.84
7469,119.38
7485,116.84
7500,116.84
7516,119.38
7532,116.84
7547,116.84
7563,116.84
7579,116.84
7595,116.84
7611,116.84
7626,119.38
7642,368.30
7658,365.76
7673,363.22
7689,358.14
7705,358.14
7720,358.14
7737,121.92
7752,124.46
7768,124.46
7784,114.30
7799,116.84
7815,116.84
7831,116.84
7846,116.84
7863,116.84
7878,116.84
7894,116.84
7910,116.84
7925,165.10
7941,162.56
7957,162.56
7972,119.38
7989,116.84
8004,116.84
8019,119.38
8036,162.56
8051,162.56
8068,162.56
8083,162.56
8098,162.56
8115,162.56
8130,162.56
8145,162.56
8162,162.56
8177,160.02
8194,160.02
8209,160.02
8224,160.02
8241,160.02
8256,162.56
8271,160.02
8288,162.56
8303,162.56
8320,162.56
8335,162.56
8350,160.02
8367,162.56
8382,160.02
8397,160.02
8414,53.34
8429,50.80
8444,53.34
8461,53.34
8476,50.80
8492,50.80
8508,53.34
8523,53.34
8539,53.34
8555,53.34
8570,50.80
8586,53.34
8602,50.80
8617,50.80
8633,50.80
8649,50.80
8665,50.80
8680,48.26
8696,50.80
8712,48.26
8727,50.80
8743,50.80
8759,48.26
8774,48.26
8791,48.26
8806,50.80
8821,48.26
8838,48.26
8853,50.80
8868,50.80
8885,53.34
8900,53.34
8915,50.80
8932,50.80
8947,53.34
8963,53.34
8979,50.80
8994,50.80
9010,50.80
9026,50.80
9041,50.80
9057,55.88
9073,50.80
9089,50.80
9104,50.80
9120,50.80
9136,50.80
9151,50.80
9167,50.80
9183,50.80
9198,50.80
9214,50.80
9230,50.80
9245,50.80
9262,50.80
9277,50.80
9292,50.80
9309,50.80
9324,50.80
9339,50.80
9356,50.80
9371,50.80
9387,50.80
9403,58.42
9418,53.34
9434,53.34
9450,53.34
9465,53.34
9481,55.88
9497,53.34
9512,157.48
9529,157.48
9544,157.48
9560,157.48
9576,157.48
9591,157.48
9607,157.48
9623,160.02
9638,157.48
9655,106.68
9670,127.00
9686,127.00
9702,127.00
9717,157.48
9733,157.48
9749,157.48
9764,124.46
9781,124.46
9796,124.46
9811,127.00
9828,127.00
9843,127.00
9859,116.84
9875,114.30
9890,114.30
9907,111.76
9922,111.76
9937,114.30
9954,111.76
9969,111.76
9985,111.76
10001,109.22
10016,109.22
10033,109.22
10048,109.22
10063,109.22
-1,-1
11079,109.22
11096,109.22
11111,109.22
11127,109.22
11143,109.22
11159,109.22
11174,109.22
11190,109.22
11206,109.22
11222,109.22
11238,109.22
11253,109.22
11270,109.22
11285,109.22
11300,109.22
11317,109.22
11332,111.76
11348,109.22
11364,109.22
11380,109.22
11396,109.22
11411,109.22
11427,109.22
11443,109.22
11459,109.22
11474,109.22
11490,109.22
11506,109.22
11522,109.22
11538,114.30
11553,111.76
11570,111.76
11585,111.76
11600,111.76
11617,114.30
11632,114.30
11649,129.54
11664,129.54
11680,129.54
11696,127.00
11711,127.00
11727,127.00
11743,127.00
11759,127.00
11774,127.00
11790,160.02
11806,160.02
11822,160.02
11838,160.02
11853,160.02
11870,160.02
11885,157.48
11900,157.48
11917,160.02
11932,58.42
11949,58.42
11964,58.42
11979,58.42
11996,53.34
12011,53.34
12026,53.34
12043,50.80
12058,50.80
12075,50.80
12090,50.80
12105,50.80
12122,50.80
12137,50.80
12152,50.80
12169,50.80
12184,50.80
12200,50.80
12216,50.80
12231,50.80
12248,50.80
12263,53.34
12278,50.80
12295,50.80
12310,50.80
12326,50.80
12342,48.26
12357,48.26
12374,48.26
12389,48.26
12404,48.26
12421,48.26
12436,48.26
12452,48.26
12468,48.26
12483,48.26
12499,50.80
12515,50.80
12531,50.80
12547,50.80
12562,50.80
12578,50.80
12594,48.26
12609,50.80
12625,50.80
12641,50.80
12657,50.80
12673,50.80
12688,50.80
12704,50.80
12720,48.26
12735,48.26
12751,50.80
12767,50.80
12783,53.34
12798,53.34
12814,53.34
12830,53.34
12846,53.34
12861,50.80
12877,53.34
12893,50.80
12909,50.80
12924,50.80
12940,50.80
12956,53.34
12972,50.80
12987,53.34
13003,53.34
13019,58.42
13035,53.34
13050,53.34
13066,53.34
13082,160.02
13097,160.02
13114,160.02
13129,160.02
13145,160.02
13161,160.02
13176,160.02
13193,160.02
13208,160.02
13223,162.56
13240,160.02
13255,160.02
13272,160.02
13287,160.02
13302,160.02
13319,160.02
13334,160.02
13350,160.02
13366,160.02
13382,160.02
13398,160.02
13413,162.56
13429,165.10
13445,165.10
13461,165.10
13476,162.56
13493,162.56
13508,162.56
13523,116.84
13540,119.38
13555,119.38
13572,116.84
13587,116.84
13602,116.84
13619,116.84
13634,116.84
13650,119.38
13666,116.84
13682,360.68
13698,358.14
13713,355.60
13729,335.28
13745,289.56
13761,289.56
-1,-1
14777,358.14
14792,358.14
14809,355.60
14824,353.06
14839,353.06
14856,355.60
14871,322.58
14887,289.56
14903,289.56
14919,294.64
14935,294.64
14950,294.64
14966,292.10
14982,292.10
14998,294.64
15013,294.64
15029,355.60
15045,355.60
15060,355.60
15077,353.06
15092,355.60
15109,355.60
15124,360.68
15139,360.68
15156,363.22
15171,355.60
15187,353.06
15203,119.38
15219,116.84
15235,116.84
15250,116.84
15266,119.38
15282,119.38
15298,119.38
15313,116.84
15329,116.84
15345,116.84
15361,119.38
15377,119.38
15392,119.38
15409,162.56
15424,162.56
15439,162.56
15456,162.56
15471,162.56
15488,162.56
15503,160.02
15518,162.56
15535,160.02
15550,162.56
15566,162.56
15582,162.56
15598,160.02
15613,160.02
15629,160.02
15645,160.02
15661,160.02
15677,162.56
15692,162.56
15709,160.02
15724,160.02
15739,160.02
15756,160.02
15771,160.02
15788,160.02
15803,50.80
15818,53.34
15835,53.34
15850,50.80
15866,53.34
15882,53.34
15897,50.80
15913,50.80
15929,50.80
15944,50.80
15961,50.80
15976,50.80
15992,55.88
16008,55.88
16023,55.88
16039,53.34
16055,48.26
16070,48.26
16087,48.26
16102,48.26
16118,48.26
16134,48.26
16149,48.26
16165,50.80
16181,50.80
16196,50.80
16212,50.80
16228,48.26
16244,50.80
16260,50.80
16275,50.80
16291,50.80
16307,50.80
16322,50.80
16338,50.80
16354,50.80
16370,50.80
16386,50.80
16401,48.26
16417,48.26
16433,48.26
16448,48.26
16464,48.26
16480,48.26
16496,48.26
16512,48.26
16527,50.80
16543,50.80
16559,50.80
16574,50.80
16590,50.80
16606,50.80
16622,50.80
16637,50.80
16653,50.80
16669,50.80
16685,50.80
16700,50.80
16716,50.80
16732,50.80
16748,50.80
16763,50.80
16779,50.80
16795,50.80
16811,50.80
16826,50.80
16842,53.34
16858,53.34
16874,53.34
16889,157.48
16905,157.48
16921,157.48
16936,160.02
16953,157.48
16968,157.48
16984,157.48
17000,157.48
17015,157.48
17032,104.14
17047,127.00
17063,127.00
17079,127.00
17094,124.46
17111,124.46
17126,124.46
17142,124.46
17158,124.46
17173,124.46
17189,132.08
17205,132.08
17221,132.08
17236,111.76
17253,111.76
17268,111.76
17284,111.76
17300,111.76
17315,114.30
17332,109.22
17347,109.22
17362,109.22
17379,109.22
17394,109.22
17411,109.22
17426,109.22
17442,109.22
17458,109.22
-1,-1
18473,109.22
18489,109.22
18505,109.22
18521,109.22
18537,111.76
18552,111.76
18569,109.22
18584,109.22
18599,109.22
18616,109.22
18631,109.22
18648,109.22
18663,109.22
18679,109.22
18695,109.22
18710,109.22
18726,109.22
18742,111.76
18758,111.76
18774,109.22
18790,109.22
18805,109.22
18821,109.22
18837,111.76
18852,109.22
18869,109.22
18884,109.22
18899,109.22
18916,111.76
18931,111.76
18948,111.76
18963,111.76
18979,111.76
18995,114.30
19010,111.76
19026,127.00
19042,127.00
19058,127.00
19074,127.00
19089,127.00
19105,127.00
19121,127.00
19137,127.00
19152,127.00
19169,157.48
19184,157.48
19200,157.48
19216,157.48
19231,157.48
19248,157.48
19263,157.48
19278,157.48
19295,157.48
19310,157.48
19326,157.48
19342,157.48
19358,50.80
19374,53.34
19389,53.34
19405,53.34
19421,53.34
19436,50.80
19452,53.34
19468,50.80
19484,53.34
19500,50.80
19515,50.80
19531,50.80
19547,50.80
19563,50.80
19578,50.80
19594,50.80
19610,50.80
19625,50.80
19641,50.80
19657,50.80
19673,50.80
19688,50.80
19704,50.80
19720,50.80
19736,50.80
19751,50.80
19767,48.26
19783,50.80
19799,48.26
19814,48.26
19830,48.26
19846,48.26
19862,48.26
19877,48.26
19893,48.26
19909,48.26
19924,48.26
19941,48.26
19956,48.26
19972,50.80
19988,50.80
20003,48.26
20019,50.80
20035,50.80
20050,50.80
20067,50.80
20082,50.80
20098,48.26
20114,48.26
20129,50.80
20145,50.80
20161,50.80
20176,48.26
20193,50.80
20208,50.80
20224,53.34
20240,50.80
20255,50.80
20271,50.80
20287,53.34
20302,50.80
20319,53.34
20334,53.34
20349,50.80
20366,50.80
20381,50.80
20397,50.80
20413,50.80
20428,50.80
20445,50.80
20460,160.02
20475,160.02
20492,160.02
20507,160.02
20524,160.02
20539,160.02
20554,160.02
20571,162.56
20586,160.02
20602,160.02
20618,160.02
20634,160.02
20649,160.02
20665,160.02
20681,162.56
20697,160.02
20713,160.02
20728,160.02
20744,160.02
20760,162.56
20775,162.56
20792,160.02
20807,121.92
20824,121.92
20839,121.92
20854,162.56
20871,162.56
20886,162.56
20902,116.84
20918,116.84
20933,119.38
20950,114.30
20965,114.30
20981,114.30
20997,114.30
21013,114.30
21028,114.30
21044,119.38
21060,116.84
21075,116.84
21092,116.84
21107,116.84
21124,116.84
21139,116.84
21154,289.56
-1,-1
22170,292.10
22187,297.18
22202,294.64
22218,292.10
22234,294.64
22250,292.10
22265,292.10
22281,294.64
22297,294.64
22312,294.64
22329,297.18
22344,297.18
22360,294.64
22376,297.18
22391,294.64
22408,294.64
22423,294.64
22439,292.10
22455,353.06
22470,353.06
22487,355.60
22502,355.60
22518,353.06
22534,121.92
22550,119.38
22565,119.38
22581,114.30
22597,116.84
22612,116.84
22629,114.30
22644,116.84
22661,114.30
22676,121.92
22691,116.84
22708,116.84
22723,116.84
22739,116.84
22755,116.84
22770,116.84
22787,162.56
22802,162.56
22818,162.56
22834,160.02
22850,160.02
22865,160.02
22881,160.02
22897,160.02
22913,160.02
22929,160.02
22944,162.56
22961,160.02
22976,162.56
22991,162.56
23008,162.56
23023,162.56
23040,160.02
23055,160.02
23070,160.02
23087,162.56
23102,162.56
23118,160.02
23134,160.02
23150,160.02
23165,160.02
23181,50.80
23197,53.34
23213,53.34
23229,50.80
23244,53.34
23260,50.80
23276,50.80
23291,50.80
23307,53.34
23323,50.80
23339,50.80
23355,50.80
23370,50.80
23386,48.26
23402,48.26
23417,55.88
23433,53.34
23449,53.34
23464,53.34
23481,48.26
23496,48.26
23512,48.26
23528,48.26
23543,48.26
23559,50.80
23575,48.26
23590,50.80
23607,50.80
23622,50.80
23638,50.80
23654,50.80
23669,48.26
23685,50.80
23701,50.80
23716,50.80
23733,50.80
23748,50.80
23763,48.26
23780,50.80
23795,50.80
23811,55.88
23827,53.34
23842,50.80
23859,50.80
23874,50.80
23889,50.80
23906,50.80
23921,50.80
23937,50.80
23953,50.80
23968,50.80
23985,50.80
24000,50.80
24015,50.80
24032,50.80
24047,50.80
24062,50.80
24079,50.80
24094,50.80
24111,50.80
24126,50.80
24141,50.80
24158,50.80
24173,50.80
24188,50.80
24205,50.80
24220,50.80
24237,50.80
24252,50.80
24267,53.34
24284,53.34
24299,53.34
24314,160.02
24331,157.48
24346,157.48
24363,162.56
24378,157.48
24394,157.48
24410,109.22
24425,127.00
24441,127.00
24457,127.00
24473,127.00
24488,127.00
24504,127.00
24520,127.00
24536,127.00
24552,127.00
24567,127.00
24584,127.00
24599,127.00
24614,127.00
24631,127.00
24646,127.00
24663,114.30
24678,114.30
24693,116.84
24710,111.76
24725,111.76
24741,109.22
24757,109.22
24773,109.22
24788,109.22
24804,109.22
24820,109.22
24836,109.22
24852,109.22
-1,-1
25868,109.22
25883,109.22
25900,109.22
25915,109.22
25930,109.22
25947,109.22
25962,109.22
25978,109.22
25994,109.22
26010,109.22
26025,109.22
26041,109.22
26057,109.22
26073,111.76
26089,109.22
26104,109.22
26120,109.22
26136,109.22
26151,109.22
26168,109.22
26183,109.22
26200,109.22
26215,109.22
26230,109.22
26247,109.22
26262,109.22
26278,109.22
26294,111.76
26310,111.76
26326,111.76
26341,111.76
26357,111.76
26373,111.76
26389,111.76
26404,111.76
26420,111.76
26436,111.76
26451,157.48
26468,157.48
26483,157.48
26500,127.00
26515,129.54
26530,129.54
26547,127.00
26562,127.00
26578,127.00
26594,127.00
26609,127.00
26626,127.00
26641,157.48
26657,160.02
26673,160.02
26689,160.02
26704,157.48
26720,157.48
26736,58.42
26752,58.42
26768,58.42
26783,53.34
26799,53.34
26815,53.34
26830,53.34
26847,50.80
26862,50.80
26877,50.80
26894,50.80
26909,50.80
26925,55.88
26941,50.80
26956,50.80
26973,50.80
26988,50.80
27003,50.80
27020,50.80
27035,50.80
27051,50.80
27067,50.80
27082,50.80
27098,50.80
27114,50.80
27129,50.80
27146,48.26
27161,48.26
27176,48.26
27193,50.80
27208,48.26
27225,48.26
27240,48.26
27255,48.26
27272,48.26
27287,48.26
27302,48.26
27319,48.26
27334,50.80
27351,50.80
27366,50.80
27381,48.26
27398,48.26
27413,48.26
27428,48.26
27445,48.26
27460,48.26
27476,48.26
27492,50.80
27507,50.80
27524,48.26
27539,50.80
27554,50.80
27571,50.80
27586,50.80
27602,50.80
27618,50.80
27633,53.34
27650,53.34
27665,53.34
27680,50.80
27697,50.80
27712,53.34
27728,53.34
27744,50.80
27759,50.80
27776,50.80
27791,50.80
27806,50.80
27823,50.80
27838,162.56
27854,160.02
27870,160.02
27885,160.02
27901,162.56
27917,160.02
27933,162.56
27949,162.56
27965,162.56
27980,160.02
27996,160.02
28012,160.02
28027,160.02
28044,160.02
28059,160.02
28076,160.02
28091,160.02
28106,160.02
28123,160.02
28138,160.02
28154,160.02
28170,160.02
28185,160.02
28201,160.02
28217,160.02
28233,167.64
28249,167.64
28265,167.64
28280,162.56
28296,165.10
28312,162.56
28327,165.10
28344,165.10
28359,165.10
28375,121.92
28391,121.92
28406,121.92
28423,116.84
28438,119.38
28454,119.38
28470,119.38
28485,355.60
28502,350.52
28517,350.52
28533,358.14
28549,358.14
-1,-1
29564,353.06
29581,373.38
29596,373.38
29612,373.38
29628,360.68
29643,360.68
29660,363.22
29675,332.74
29691,297.18
29707,297.18
29722,370.84
29739,368.30
29754,365.76
29770,368.30
29786,365.76
29801,365.76
29817,365.76
29833,360.68
29849,360.68
29864,360.68
29881,309.88
29896,297.18
29912,297.18
29928,365.76
29943,363.22
29960,365.76
29975,358.14
29991,358.14
30007,198.12
30022,165.10
30039,167.64
30054,167.64
30070,162.56
30086,165.10
30101,165.10
30117,134.62
30133,134.62
30149,134.62
30164,162.56
30181,162.56
30196,162.56
30212,162.56
30228,160.02
30243,162.56
30260,162.56
30275,162.56
30291,162.56
30307,160.02
30322,162.56
30339,162.56
30354,160.02
30370,160.02
30386,160.02
30402,160.02
30417,160.02
30433,162.56
30449,160.02
30465,162.56
30481,160.02
30496,162.56
30512,162.56
30528,160.02
30543,162.56
30560,160.02
30575,160.02
30592,160.02
30607,53.34
30622,50.80
30639,53.34
30654,53.34
30670,50.80
30686,53.34
30701,50.80
30717,50.80
30733,53.34
30748,50.80
30765,50.80
30780,53.34
30796,55.88
30812,50.80
30827,50.80
30843,50.80
30859,48.26
30874,50.80
30891,48.26
30906,48.26
30922,50.80
30938,50.80
30953,50.80
30969,50.80
30985,50.80
31000,48.26
31016,50.80
31032,50.80
31048,50.80
31064,50.80
31079,50.80
31095,50.80
31111,50.80
31126,50.80
31142,55.88
31158,53.34
31174,53.34
31190,53.34
31205,53.34
31221,53.34
31237,53.34
31252,48.26
31268,48.26
31284,48.26
31300,50.80
31315,50.80
31331,50.80
31347,50.80
31363,50.80
31378,53.34
31394,50.80
31410,50.80
31426,50.80
31441,50.80
31457,50.80
31473,50.80
31489,50.80
31504,50.80
31520,50.80
31536,50.80
31552,50.80
31567,50.80
31583,50.80
31599,50.80
31614,50.80
31630,50.80
31646,53.34
31662,53.34
31678,53.34
31693,157.48
31709,157.48
31725,157.48
31740,160.02
31757,157.48
31772,157.48
31789,160.02
31804,157.48
31819,160.02
31836,157.48
31851,157.48
31867,157.48
31883,160.02
31898,160.02
31915,160.02
31930,160.02
31946,124.46
31962,124.46
31978,127.00
31993,124.46
32009,124.46
32025,124.46
32040,101.60
32057,101.60
32072,101.60
32089,111.76
32104,111.76
32119,111.76
32136,111.76
32151,111.76
32167,111.76
32183,111.76
32198,109.22
32215,109.22
32230,109.22
32246,109.22
-1,-1
33262,109.22
33277,109.22
33294,109.22
33309,109.22
33325,109.22
33341,109.22
33356,109.22
33373,109.22
33388,109.22
33404,109.22
33420,109.22
33435,109.22
33452,109.22
33467,109.22
33483,109.22
33499,109.22
33515,109.22
33530,109.22
33546,109.22
33562,109.22
33577,109.22
33594,109.22
33609,111.76
33625,109.22
33641,109.22
33656,109.22
33673,109.22
33688,111.76
33704,109.22
33720,114.30
33735,111.76
33752,111.76
33767,111.76
33783,111.76
33799,111.76
33815,111.76
33830,157.48
33846,157.48
33862,157.48
33878,160.02
33894,160.02
33909,157.48
33925,127.00
33941,127.00
33956,127.00
33973,157.48
33988,157.48
34004,157.48
34020,157.48
34035,157.48
34052,157.48
34067,162.56
34083,160.02
34099,157.48
34115,58.42
34130,58.42
34146,58.42
34162,53.34
34178,53.34
34193,53.34
34209,53.34
34225,50.80
34241,53.34
34256,50.80
34272,50.80
34288,50.80
34304,50.80
34319,50.80
34335,50.80
34351,50.80
34367,50.80
34382,50.80
34398,50.80
34414,50.80
34429,50.80
34445,53.34
34461,50.80
34477,50.80
34493,50.80
34508,50.80
34524,50.80
34540,50.80
34555,50.80
34571,50.80
34587,50.80
34603,48.26
34619,48.26
34634,50.80
34650,48.26
34666,48.26
34681,48.26
34697,48.26
34713,48.26
34728,48.26
34745,50.80
34760,48.26
34776,50.80
34792,48.26
34807,50.80
34823,50.80
34839,50.80
34854,55.88
34871,53.34
34886,53.34
34902,53.34
34918,53.34
34933,53.34
34950,53.34
34965,50.80
34980,50.80
34997,50.80
35012,50.80
35027,50.80
35044,50.80
35059,53.34
35075,53.34
35091,53.34
35106,53.34
35123,50.80
35138,53.34
35153,53.34
35170,53.34
35185,53.34
35202,53.34
35217,160.02
35232,160.02
35249,160.02
35264,162.56
35280,162.56
35296,162.56
35311,160.02
35328,160.02
35343,162.56
35359,160.02
35375,160.02
35391,160.02
35406,160.02
35422,160.02
35438,160.02
35453,160.02
35470,160.02
35485,160.02
35501,160.02
35517,160.02
35532,160.02
35549,160.02
35564,165.10
35580,165.10
35596,162.56
35611,165.10
35628,162.56
35643,165.10
35659,162.56
35675,162.56
35690,165.10
35706,162.56
35722,162.56
35738,162.56
35753,165.10
35770,165.10
35785,167.64
35801,167.64
35817,353.06
35832,350.52
35849,350.52
35864,353.06
35880,353.06
35896,350.52
35911,350.52
35928,353.06
35943,355.60
-1,-1
36959,355.60
36975,355.60
36990,355.60
37007,353.06
37022,353.06
37038,353.06
37054,370.84
37069,370.84
37086,370.84
37101,355.60
37116,360.68
37133,360.68
37148,355.60
37165,353.06
37180,355.60
37196,353.06
37212,373.38
37227,373.38
37243,370.84
37259,358.14
37275,358.14
37291,360.68
37307,350.52
37322,353.06
37338,353.06
37354,358.14
37369,358.14
37386,358.14
37401,355.60
37417,353.06
37433,355.60
37448,162.56
37465,165.10
37480,165.10
37496,162.56
37512,162.56
37527,165.10
37543,162.56
37559,162.56
37575,165.10
37591,160.02
37607,160.02
37622,162.56
37638,162.56
37654,160.02
37669,162.56
37686,160.02
37701,162.56
37716,162.56
37733,162.56
37748,162.56
37765,162.56
37780,160.02
37796,160.02
37812,160.02
37827,160.02
37843,162.56
37859,160.02
37875,160.02
37891,160.02
37906,160.02
37922,160.02
37938,160.02
37954,160.02
37969,160.02
37986,55.88
38001,55.88
38017,55.88
38033,53.34
38048,53.34
38064,53.34
38080,50.80
38095,53.34
38112,53.34
38127,50.80
38142,50.80
38159,50.80
38174,50.80
38190,50.80
38206,50.80
38221,53.34
38238,53.34
38253,50.80
38268,50.80
38285,50.80
38300,48.26
38317,50.80
38332,48.26
38347,48.26
38364,50.80
38379,48.26
38394,50.80
38411,50.80
38426,48.26
38443,50.80
38458,50.80
38473,50.80
38490,50.80
38505,50.80
38520,50.80
38537,50.80
38552,50.80
38568,50.80
38584,50.80
38599,50.80
38616,48.26
38631,48.26
38646,50.80
38663,50.80
38678,50.80
38694,50.80
38710,53.34
38725,50.80
38742,50.80
38757,50.80
38772,50.80
38789,50.80
38804,50.80
38820,50.80
38836,50.80
38851,50.80
38867,50.80
38883,50.80
38898,50.80
38915,50.80
38930,50.80
38946,50.80
38962,50.80
38977,50.80
38993,50.80
39009,50.80
39024,53.34
39041,53.34
39056,53.34
39072,160.02
39088,157.48
39103,157.48
39119,160.02
39135,157.48
39151,157.48
39166,157.48
39182,157.48
39198,157.48
39214,157.48
39230,157.48
39245,157.48
39262,157.48
39277,157.48
39292,157.48
39309,157.48
39324,124.46
39341,124.46
39356,124.46
39372,127.00
39388,127.00
39403,127.00
39419,114.30
39435,111.76
39451,111.76
39467,111.76
39482,111.76
39498,111.76
39514,111.76
39530,111.76
39545,111.76
39562,111.76
39577,111.76
39592,111.76
39609,111.76
39624,109.22
39641,109.22
-1,-1
40656,109.22
40672,109.22
40688,109.22
40704,109.22
40719,109.22
40735,109.22
40751,109.22
40767,109.22
40782,109.22
40798,114.30
40814,111.76
40829,111.76
40846,111.76
40861,109.22
40878,109.22
40893,109.22
40908,109.22
40925,109.22
40940,109.22
40956,109.22
40972,109.22
40988,109.22
41004,111.76
41019,111.76
41035,111.76
41051,111.76
41067,111.76
41082,111.76
41098,116.84
41114,111.76
41129,111.76
41146,111.76
41161,111.76
41178,111.76
41193,111.76
41208,124.46
41225,124.46
41240,124.46
41256,129.54
41272,129.54
41288,129.54
41304,160.02
41319,160.02
41335,160.02
41351,104.14
41367,104.14
41382,104.14
41398,157.48
41414,157.48
41430,157.48
41446,160.02
41461,157.48
41478,157.48
41493,157.48
41508,157.48
41525,160.02
41540,55.88
41556,53.34
41572,50.80
41587,53.34
41604,50.80
41619,50.80
41635,53.34
41651,50.80
41666,50.80
41682,50.80
41698,50.80
41713,50.80
41730,53.34
41745,50.80
41761,50.80
41777,50.80
41792,50.80
41808,50.80
41824,50.80
41839,50.80
41856,50.80
41871,50.80
41887,50.80
41903,48.26
41918,48.26
41934,48.26
41950,48.26
41965,48.26
41981,48.26
41997,48.26
42013,48.26
42029,48.26
42044,48.26
42060,48.26
42076,48.26
42091,48.26
42107,48.26
42123,50.80
42139,48.26
42155,48.26
42170,48.26
42186,48.26
42202,48.26
42217,48.26
42233,48.26
42249,48.26
42265,48.26
42280,50.80
42296,48.26
42312,50.80
42328,50.80
42344,53.34
42359,53.34
42375,53.34
42391,50.80
42406,50.80
42422,50.80
42438,55.88
42454,53.34
42470,53.34
42485,53.34
42501,53.34
42517,53.34
42532,53.34
42548,53.34
42564,53.34
42579,53.34
42596,160.02
42611,160.02
42627,160.02
42643,160.02
42658,162.56
42675,160.02
42690,160.02
42705,160.02
42722,160.02
42737,160.02
42754,160.02
42769,162.56
42785,160.02
42801,160.02
42816,160.02
42832,160.02
42848,160.02
42864,160.02
42880,162.56
42895,160.02
42911,160.02
42927,160.02
42943,160.02
42958,160.02
42975,162.56
42990,132.08
43005,129.54
43022,129.54
43037,162.56
43054,162.56
43069,162.56
43084,162.56
43101,162.56
43116,165.10
43132,170.18
43148,170.18
43164,170.18
43180,167.64
43195,355.60
43211,353.06
43227,353.06
43243,358.14
43258,358.14
43275,358.14
43290,355.60
43305,353.06
43322,355.60
43337,335.28
-1,-1
44353,355.60
44369,355.60
44385,350.52
44401,350.52
44417,353.06
44432,317.50
44448,289.56
44464,292.10
44480,287.02
44495,287.02
44511,289.56
44527,289.56
44542,289.56
44559,289.56
44574,287.02
44591,287.02
44606,287.02
44621,289.56
44638,368.30
44653,368.30
44669,365.76
44685,363.22
44701,365.76
44717,368.30
44732,358.14
44748,355.60
44764,358.14
44780,350.52
44795,350.52
44812,111.76
44827,121.92
44843,124.46
44859,109.22
44874,119.38
44891,119.38
44906,119.38
44922,162.56
44938,162.56
44953,162.56
44969,116.84
44985,116.84
45001,119.38
45017,162.56
45032,160.02
45048,160.02
45064,160.02
45080,160.02
45095,160.02
45112,160.02
45127,160.02
45143,160.02
45159,160.02
45174,162.56
45191,160.02
45206,162.56
45221,162.56
45238,162.56
45253,162.56
45270,160.02
45285,160.02
45301,162.56
45317,162.56
45332,160.02
45348,162.56
45364,162.56
45380,162.56
45395,162.56
45411,60.96
45427,60.96
45443,60.96
45459,53.34
45474,50.80
45490,53.34
45506,50.80
45521,53.34
45538,53.34
45553,50.80
45569,48.26
45585,50.80
45600,55.88
45616,50.80
45632,50.80
45647,50.80
45664,53.34
45679,50.80
45694,53.34
45711,50.80
45726,53.34
45742,50.80
45758,50.80
45773,50.80
45790,50.80
45805,50.80
45820,50.80
45837,50.80
45852,50.80
45868,50.80
45884,48.26
45899,53.34
45916,50.80
45931,53.34
45946,50.80
45963,50.80
45978,48.26
45993,48.26
46010,48.26
46025,48.26
46042,48.26
46057,50.80
46072,50.80
46089,50.80
46104,50.80
46119,50.80
46136,50.80
46151,50.80
46168,50.80
46183,50.80
46198,50.80
46215,50.80
46230,50.80
46245,50.80
46262,50.80
46277,50.80
46294,50.80
46309,50.80
46324,50.80
46341,50.80
46356,50.80
46371,50.80
46388,50.80
46403,50.80
46419,50.80
46435,50.80
46450,160.02
46467,157.48
46482,157.48
46498,157.48
46514,157.48
46529,157.48
46545,160.02
46561,160.02
46577,160.02
46593,160.02
46609,157.48
46624,154.94
46640,157.48
46656,127.00
46671,127.00
46688,127.00
46703,127.00
46718,127.00
46735,127.00
46750,127.00
46767,124.46
46782,127.00
46798,114.30
46814,116.84
46829,114.30
46845,111.76
46861,114.30
46877,111.76
46893,109.22
46908,109.22
46924,109.22
46940,109.22
46956,109.22
46971,109.22
46988,109.22
47003,109.22
47019,109.22
47035,109.22
-1,-1
48051,109.22
48066,109.22
48082,109.22
48098,109.22
48114,109.22
48130,109.22
48145,109.22
48161,109.22
48177,114.30
48193,111.76
48208,111.76
48225,111.76
48240,109.22
48256,109.22
48272,109.22
48287,109.22
48304,109.22
48319,109.22
48335,109.22
48351,109.22
48366,109.22
48382,109.22
48398,109.22
48414,109.22
48430,111.76
48445,111.76
48461,111.76
48477,114.30
48493,111.76
48508,114.30
48525,111.76
48540,111.76
48556,111.76
48572,119.38
48587,114.30
48604,114.30
48619,114.30
48635,127.00
48651,127.00
48666,127.00
48683,127.00
48698,127.00
48714,127.00
48730,127.00
48745,127.00
48761,129.54
48777,160.02
48793,157.48
48808,157.48
48825,157.48
48840,157.48
48856,157.48
48872,157.48
48887,157.48
48904,157.48
48919,55.88
48934,58.42
48951,58.42
48966,53.34
48983,53.34
48998,53.34
49013,53.34
49030,50.80
49045,50.80
49060,53.34
49077,53.34
49092,53.34
49108,53.34
49124,50.80
49139,50.80
49156,50.80
49171,50.80
49186,50.80
49203,50.80
49218,53.34
49234,53.34
49250,53.34
49265,50.80
49282,50.80
49297,50.80
49312,50.80
49329,50.80
49344,50.80
49360,50.80
49376,48.26
49391,48.26
49408,48.26
49423,48.26
49439,48.26
49455,50.80
49470,48.26
49486,48.26
49502,48.26
49517,48.26
49533,48.26
49549,48.26
49565,48.26
49581,48.26
49596,48.26
49612,48.26
49628,48.26
49643,48.26
49659,48.26
49675,48.26
49691,48.26
49707,55.88
49722,53.34
49738,53.34
49754,50.80
49769,48.26
49785,50.80
49801,50.80
49817,50.80
49832,50.80
49848,50.80
49864,50.80
49880,50.80
49896,50.80
49911,50.80
49927,50.80
49943,53.34
49958,50.80
49974,160.02
49990,162.56
50006,160.02
50022,162.56
50037,160.02
50053,160.02
50069,160.02
50084,160.02
50101,160.02
50116,160.02
50132,160.02
50148,160.02
50163,160.02
50180,160.02
50195,160.02
50211,160.02
50227,160.02
50243,162.56
50258,167.64
50274,160.02
50290,160.02
50306,160.02
50322,162.56
50337,162.56
50353,162.56
50369,160.02
50384,160.02
50401,162.56
50416,162.56
50433,162.56
50448,165.10
50463,165.10
50480,162.56
50495,162.56
50511,162.56
50527,355.60
50543,353.06
50558,134.62
50574,129.54
50590,132.08
50606,132.08
50622,358.14
50637,353.06
50653,353.06
50669,355.60
50684,355.60
50701,358.14
50716,355.60
50733,355.60
-1,-1
51748,294.64
51764,355.60
51779,353.06
51795,353.06
51811,360.68
51827,360.68
51843,363.22
51859,360.68
51874,360.68
51890,360.68
51906,353.06
51921,355.60
51938,355.60
51953,355.60
51970,368.30
51985,370.84
52000,370.84
52017,355.60
52032,360.68
52048,360.68
52064,355.60
52079,355.60
52096,355.60
52111,360.68
52127,360.68
52143,121.92
52159,119.38
52174,119.38
52190,116.84
52206,116.84
52221,119.38
52238,116.84
52253,116.84
52270,119.38
52285,119.38
52300,162.56
52317,162.56
52332,162.56
52348,116.84
52364,119.38
52379,119.38
52396,162.56
52411,162.56
52427,162.56
52443,160.02
52459,160.02
52474,162.56
52490,162.56
52506,160.02
52521,162.56
52538,160.02
52553,162.56
52570,160.02
52585,160.02
52600,162.56
52617,160.02
52632,160.02
52648,160.02
52664,162.56
52679,160.02
52696,160.02
52711,160.02
52727,162.56
52743,162.56
52759,162.56
52774,162.56
52790,60.96
52806,60.96
52822,60.96
52837,50.80
52853,53.34
52869,53.34
52885,50.80
52900,50.80
52916,53.34
52932,50.80
52947,50.80
52963,50.80
52979,55.88
52995,50.80
53011,53.34
53026,50.80
53042,50.80
53058,50.80
53073,50.80
53089,48.26
53105,48.26
53121,48.26
53137,48.26
53152,50.80
53168,50.80
53184,48.26
53199,48.26
53216,48.26
53231,48.26
53246,50.80
53263,50.80
53278,50.80
53294,50.80
53310,50.80
53325,50.80
53342,50.80
53357,50.80
53372,48.26
53389,48.26
53404,48.26
53420,48.26
53436,50.80
53451,50.80
53468,50.80
53483,50.80
53498,50.80
53515,50.80
53530,50.80
53545,50.80
53562,50.80
53577,50.80
53594,50.80
53609,50.80
53624,50.80
53641,50.80
53656,53.34
53671,50.80
53688,50.80
53703,50.80
53720,50.80
53735,50.80
53750,50.80
53767,50.80
53782,50.80
53797,50.80
53814,50.80
53829,53.34
53846,53.34
53861,53.34
53876,160.02
53893,157.48
53908,157.48
53924,160.02
53940,157.48
53955,157.48
53971,157.48
53987,157.48
54003,157.48
54019,157.48
54034,157.48
54050,157.48
54066,157.48
54082,104.14
54097,106.68
54114,106.68
54129,129.54
54145,129.54
54161,129.54
54176,127.00
54193,127.00
54208,127.00
54224,114.30
54240,114.30
54255,114.30
54272,111.76
54287,111.76
54303,111.76
54319,109.22
54334,109.22
54350,109.22
54366,109.22
54382,109.22
54397,109.22
54414,109.22
54429,109.22
-1,-1
55445,109.22
55460,109.22
55477,109.22
55492,109.22
55508,109.22
55524,109.22
55540,109.22
55556,109.22
55571,109.22
55587,111.76
55603,109.22
55619,109.22
55634,109.22
55651,109.22
55666,109.22
55682,109.22
55698,109.22
55713,109.22
55730,109.22
55745,109.22
55760,109.22
55777,109.22
55792,109.22
55809,109.22
55824,109.22
55840,109.22
55856,109.22
55871,109.22
55887,109.22
55903,114.30
55919,114.30
55934,111.76
55951,111.76
55966,111.76
55982,111.76
55998,111.76
56013,132.08
56030,132.08
56045,129.54
56060,124.46
56077,124.46
56092,127.00
56109,127.00
56124,127.00
56140,127.00
56156,160.02
56171,160.02
56187,160.02
56203,157.48
56219,157.48
56235,157.48
56250,157.48
56266,160.02
56282,157.48
56298,157.48
56313,157.48
56330,157.48
56345,55.88
56360,58.42
56377,58.42
56392,50.80
56409,53.34
56424,53.34
56439,55.88
56456,50.80
56471,50.80
56486,50.80
56503,50.80
56518,50.80
56534,53.34
56550,50.80
56565,50.80
56582,50.80
56597,50.80
56612,50.80
56629,50.80
56644,50.80
56659,50.80
56676,50.80
56691,50.80
56708,50.80
56723,50.80
56738,50.80
56755,48.26
56770,48.26
56785,48.26
56802,48.26
56817,48.26
56834,48.26
56849,48.26
56864,48.26
56881,48.26
56896,48.26
56912,48.26
56928,48.26
56943,48.26
56960,48.26
56975,48.26
56990,53.34
57007,50.80
57022,50.80
57038,50.80
57054,53.34
57069,50.80
57085,50.80
57101,50.80
57116,53.34
57133,50.80
57148,53.34
57164,53.34
57180,53.34
57195,50.80
57211,50.80
57227,53.34
57243,50.80
57259,53.34
57274,53.34
57290,53.34
57306,53.34
57321,53.34
57337,55.88
57353,53.34
57369,53.34
57384,53.34
57400,162.56
57416,160.02
57432,160.02
57448,160.02
57463,160.02
57479,160.02
57495,162.56
57510,162.56
57527,160.02
57542,160.02
57558,162.56
57574,160.02
57589,162.56
57606,162.56
57621,160.02
57637,160.02
57653,160.02
57668,162.56
57684,160.02
57700,162.56
57716,160.02
57732,162.56
57748,165.10
57763,165.10
57779,165.10
57795,162.56
57810,162.56
57827,165.10
57842,165.10
57858,165.10
57874,165.10
57889,165.10
57906,165.10
57921,165.10
57937,165.10
57953,360.68
57968,358.14
57985,355.60
58000,358.14
58016,355.60
58032,358.14
58048,355.60
58063,355.60
58079,355.60
58095,358.14
58110,358.14
58127,358.14
-1,-1
59143,355.60
59158,355.60
59174,355.60
59190,368.30
59205,368.30
59222,370.84
59237,360.68
59253,360.68
59269,363.22
59284,355.60
59300,355.60
59316,358.14
59332,355.60
59347,355.60
59364,358.14
59379,358.14
59395,355.60
59411,355.60
59426,355.60
59443,353.06
59458,353.06
59474,353.06
59490,368.30
59505,368.30
59522,368.30
59537,355.60
59553,355.60
59569,121.92
59585,119.38
59600,119.38
59616,124.46
59632,165.10
59648,165.10
59664,165.10
59679,162.56
59695,162.56
59711,165.10
59726,162.56
59743,162.56
59758,162.56
59774,162.56
59790,162.56
59805,162.56
59822,160.02
59837,162.56
59853,162.56
59869,160.02
59885,162.56
59900,162.56
59916,160.02
59932,160.02
59948,160.02
59964,160.02
59979,160.02
59995,162.56
60011,162.56
60026,160.02
60043,160.02
60058,160.02
60075,160.02
60090,160.02
60105,162.56
60122,162.56
60137,162.56
60153,162.56
60169,160.02
60185,160.02
60200,160.02
60216,53.34
60232,53.34
60248,53.34
60264,50.80
60279,50.80
60295,53.34
60311,50.80
60326,50.80
60342,50.80
60358,50.80
60374,50.80
60390,53.34
60405,50.80
60421,48.26
60437,50.80
60452,48.26
60468,48.26
60484,50.80
60499,50.80
60516,53.34
60531,53.34
60547,53.34
60563,48.26
60578,48.26
60594,50.80
60610,48.26
60625,48.26
60642,50.80
60657,48.26
60673,50.80
60689,48.26
60704,48.26
60720,50.80
60736,50.80
60751,50.80
60768,48.26
60783,48.26
60798,48.26
60815,48.26
60830,48.26
60847,48.26
60862,50.80
60877,50.80
60894,50.80
60909,50.80
60924,50.80
60941,50.80
60956,50.80
60973,50.80
60988,50.80
61003,50.80
61020,50.80
61035,50.80
61050,50.80
61067,50.80
61082,50.80
61099,50.80
61114,50.80
61129,50.80
61146,50.80
61161,50.80
61176,50.80
61193,50.80
61208,53.34
61224,53.34
61240,53.34
61255,160.02
61272,157.48
61287,157.48
61303,160.02
61319,157.48
61334,157.48
61350,157.48
61366,157.48
61382,157.48
61398,157.48
61413,157.48
61429,157.48
61445,157.48
61461,124.46
61476,124.46
61493,124.46
61508,127.00
61523,127.00
61540,127.00
61555,127.00
61572,127.00
61587,127.00
61602,114.30
61619,114.30
61634,114.30
61650,111.76
61666,111.76
61682,111.76
61698,111.76
61713,111.76
61729,111.76
61745,111.76
61761,111.76
61776,111.76
61793,111.76
61808,111.76
61824,114.30
-1,-1
62839,111.76
62856,111.76
62871,111.76
62887,109.22
62903,109.22
62919,109.22
62935,109.22
62950,109.22
62966,111.76
62982,114.30
62998,114.30
63013,114.30
63029,114.30
63045,109.22
63060,109.22
63077,109.22
63092,109.22
63109,109.22
63124,109.22
63139,109.22
63156,109.22
63171,109.22
63187,109.22
63203,109.22
63219,109.22
63235,111.76
63250,111.76
63266,111.76
63282,109.22
63298,109.22
63313,109.22
63330,114.30
63345,111.76
63361,111.76
63377,111.76
63392,111.76
63409,111.76
63424,111.76
63439,127.00
63456,127.00
63471,127.00
63488,127.00
63503,127.00
63519,127.00
63535,127.00
63550,127.00
63566,127.00
63582,160.02
63598,160.02
63613,160.02
63629,160.02
63645,160.02
63661,160.02
63677,157.48
63692,157.48
63709,157.48
63724,55.88
63739,58.42
63756,58.42
63771,53.34
63788,53.34
63803,55.88
63818,53.34
63835,50.80
63850,50.80
63865,50.80
63882,50.80
63897,50.80
63913,50.80
63929,50.80
63944,50.80
63961,50.80
63976,50.80
63991,50.80
64008,50.80
64023,53.34
64039,53.34
64055,53.34
64070,50.80
64087,53.34
64102,50.80
64117,50.80
64134,48.26
64149,48.26
64165,48.26
64181,48.26
64196,48.26
64212,48.26
64228,48.26
64243,48.26
64260,48.26
64275,48.26
64291,48.26
64307,48.26
64322,48.26
64338,48.26
64354,48.26
64369,48.26
64386,48.26
64401,48.26
64417,48.26
64433,48.26
64448,48.26
64464,48.26
64480,48.26
64495,48.26
64512,48.26
64527,48.26
64543,50.80
64559,50.80
64574,55.88
64590,53.34
64606,50.80
64622,53.34
64637,53.34
64653,53.34
64669,50.80
64685,50.80
64700,53.34
64716,50.80
64732,50.80
64748,50.80
64763,58.42
64779,55.88
64795,53.34
64811,55.88
64826,162.56
64842,160.02
64858,160.02
64874,160.02
64889,160.02
64905,160.02
64921,160.02
64936,160.02
64953,162.56
64968,160.02
64985,160.02
65000,160.02
65015,165.10
65032,160.02
65047,160.02
65063,162.56
65079,162.56
65094,162.56
65111,162.56
65126,162.56
65142,162.56
65158,162.56
65174,160.02
65189,160.02
65205,160.02
65221,162.56
65236,165.10
65253,162.56
65268,132.08
65285,132.08
65300,134.62
65315,132.08
65332,355.60
65347,355.60
65363,355.60
65379,360.68
65394,360.68
65411,360.68
65426,360.68
65442,358.14
65458,358.14
65474,353.06
65489,353.06
65505,353.06
65521,360.68
-1,-1
66537,355.60
66552,358.14
66569,373.38
66584,373.38
66600,373.38
66616,355.60
66631,355.60
66648,358.14
66663,355.60
66679,355.60
66695,355.60
66710,363.22
66726,360.68
66742,363.22
66758,360.68
66774,358.14
66790,360.68
66805,360.68
66821,353.06
66837,355.60
66852,353.06
66869,363.22
66884,368.30
66900,368.30
66916,355.60
66931,355.60
66948,358.14
66963,355.60
66979,353.06
66995,355.60
67011,360.68
67026,360.68
67042,360.68
67058,142.24
67074,144.78
67090,147.32
67105,165.10
67121,165.10
67137,165.10
67152,160.02
67169,160.02
67184,162.56
67201,160.02
67216,162.56
67231,162.56
67248,160.02
67263,160.02
67279,160.02
67295,160.02
67311,162.56
67326,162.56
67342,162.56
67358,162.56
67374,162.56
67390,162.56
67405,160.02
67421,162.56
67437,160.02
67452,162.56
67469,162.56
67484,162.56
67501,160.02
67516,160.02
67531,160.02
67548,162.56
67563,162.56
67579,162.56
67595,53.34
67610,55.88
67627,55.88
67642,53.34
67658,53.34
67674,53.34
67689,50.80
67705,50.80
67721,53.34
67736,50.80
67752,50.80
67768,50.80
67784,48.26
67800,48.26
67815,48.26
67831,48.26
67847,48.26
67863,48.26
67878,48.26
67894,48.26
67910,48.26
67926,50.80
67941,48.26
67957,48.26
67973,48.26
67989,48.26
68004,50.80
68020,50.80
68036,48.26
68051,48.26
68067,48.26
68083,48.26
68099,48.26
68115,48.26
68130,55.88
68146,53.34
68162,53.34
68177,50.80
68193,48.26
68209,48.26
68225,48.26
68241,48.26
68256,48.26
68272,48.26
68288,50.80
68303,50.80
68320,50.80
68335,50.80
68350,50.80
68367,50.80
68382,50.80
68398,50.80
68414,50.80
68429,50.80
68446,50.80
68461,50.80
68476,50.80
68493,50.80
68508,53.34
68524,50.80
68540,50.80
68555,50.80
68572,50.80
68587,55.88
68602,55.88
68619,55.88
68634,53.34
68649,53.34
68666,53.34
68681,160.02
68698,157.48
68713,157.48
68728,157.48
68745,157.48
68760,157.48
68776,157.48
68792,157.48
68808,157.48
68824,157.48
68839,157.48
68855,157.48
68871,157.48
68887,124.46
68902,124.46
68918,124.46
68934,129.54
68950,129.54
68966,129.54
68981,111.76
68998,111.76
69013,111.76
69028,111.76
69045,111.76
69060,111.76
69076,111.76
69092,111.76
69108,111.76
69124,109.22
69139,109.22
69155,109.22
69171,109.22
69187,109.22
69202,109.22
69218,109.22
-1,-1
70235,111.76
70250,114.30
70265,111.76
70282,111.76
70297,111.76
70313,111.76
70329,111.76
70344,111.76
70361,109.22
70376,109.22
70392,109.22
70408,109.22
70424,111.76
70439,111.76
70455,111.76
70471,111.76
70487,111.76
70503,111.76
70518,109.22
70535,109.22
70550,109.22
70565,111.76
70582,111.76
70597,114.30
70614,109.22
70629,109.22
70644,109.22
70661,111.76
70676,111.76
70692,111.76
70708,111.76
70724,111.76
70739,111.76
70755,111.76
70771,111.76
70787,111.76
70803,111.76
70818,124.46
70835,124.46
70850,124.46
70865,124.46
70882,124.46
70897,124.46
70914,127.00
70929,127.00
70944,127.00
70961,160.02
70976,160.02
70992,160.02
71008,157.48
71024,157.48
71040,157.48
71055,157.48
71071,157.48
71087,157.48
71103,50.80
71118,50.80
71134,53.34
71150,53.34
71165,50.80
71182,50.80
71197,50.80
71213,50.80
71229,50.80
71244,50.80
71260,50.80
71276,50.80
71291,50.80
71308,50.80
71323,50.80
71339,50.80
71355,50.80
71370,50.80
71387,50.80
71402,50.80
71417,50.80
71434,50.80
71449,50.80
71464,50.80
71481,50.80
71496,50.80
71513,50.80
71528,50.80
71543,50.80
71560,48.26
71575,48.26
71590,48.26
71607,48.26
71622,48.26
71639,48.26
71654,48.26
71669,48.26
71686,48.26
71701,48.26
71716,48.26
71733,48.26
71748,48.26
71764,48.26
71780,48.26
71795,48.26
71812,48.26
71827,48.26
71843,48.26
71859,48.26
71874,48.26
71890,53.34
71906,53.34
71921,53.34
71938,53.34
71953,50.80
71969,50.80
71985,53.34
72000,50.80
72016,50.80
72032,50.80
72047,50.80
72064,50.80
72079,50.80
72095,50.80
72111,50.80
72126,53.34
72142,58.42
72158,53.34
72173,55.88
72189,53.34
72205,162.56
72221,160.02
72237,160.02
72252,162.56
72268,162.56
72284,160.02
72300,160.02
72315,160.02
72332,160.02
72347,162.56
72363,160.02
72379,160.02
72394,162.56
72411,162.56
72426,162.56
72441,160.02
72458,160.02
72473,162.56
72489,162.56
72505,160.02
72521,160.02
72537,160.02
72552,162.56
72568,162.56
72584,160.02
72600,162.56
72615,162.56
72632,162.56
72647,162.56
72663,162.56
72679,165.10
72694,134.62
72711,134.62
72726,134.62
72741,119.38
72758,119.38
72773,119.38
72790,119.38
72805,363.22
72821,360.68
72837,358.14
72852,353.06
72868,353.06
72884,350.52
72900,365.76
72915,368.30
-1,-1
73931,360.68
73948,317.50
73963,297.18
73978,294.64
73995,355.60
74010,355.60
74027,353.06
74042,370.84
74058,370.84
74074,370.84
74089,347.98
74105,299.72
74121,297.18
74137,294.64
74152,294.64
74168,294.64
74184,292.10
74200,358.14
74216,358.14
74231,358.14
74248,363.22
74263,360.68
74278,363.22
74295,355.60
74310,355.60
74327,119.38
74342,119.38
74358,119.38
74374,116.84
74389,116.84
74405,119.38
74421,119.38
74437,162.56
74452,162.56
74469,162.56
74484,132.08
74500,132.08
74516,132.08
74531,106.68
74548,109.22
74563,109.22
74578,162.56
74595,162.56
74610,162.56
74627,160.02
74642,160.02
74658,160.02
74674,162.56
74689,160.02
74705,160.02
74721,160.02
74737,160.02
74753,160.02
74769,162.56
74784,162.56
74800,162.56
74816,162.56
74831,162.56
74848,160.02
74863,160.02
74878,160.02
74895,160.02
74910,162.56
74927,160.02
74942,160.02
74958,160.02
74974,160.02
74989,160.02
75005,162.56
75021,53.34
75037,53.34
75053,53.34
75068,50.80
75084,53.34
75100,53.34
75116,50.80
75131,50.80
75147,50.80
75163,50.80
75179,50.80
75194,50.80
75210,50.80
75226,48.26
75242,48.26
75257,50.80
75273,48.26
75289,50.80
75304,48.26
75320,48.26
75336,48.26
75352,50.80
75368,48.26
75383,48.26
75399,48.26
75415,50.80
75430,48.26
75446,50.80
75462,48.26
75478,48.26
75494,50.80
75509,48.26
75525,48.26
75541,48.26
75556,48.26
75572,48.26
75588,48.26
75603,53.34
75620,50.80
75635,48.26
75651,48.26
75667,50.80
75682,50.80
75699,53.34
75714,50.80
75729,50.80
75746,50.80
75761,50.80
75777,50.80
75793,50.80
75808,50.80
75825,50.80
75840,50.80
75855,50.80
75872,50.80
75887,50.80
75902,50.80
75919,50.80
75934,50.80
75951,50.80
75966,53.34
75981,53.34
75998,53.34
76013,160.02
76028,157.48
76045,157.48
76060,157.48
76077,157.48
76092,157.48
76108,160.02
76124,157.48
76139,157.48
76155,160.02
76171,157.48
76187,157.48
76203,127.00
76219,104.14
76234,106.68
76250,106.68
76266,124.46
76281,124.46
76298,124.46
76313,129.54
76328,127.00
76345,127.00
76360,114.30
76377,114.30
76392,114.30
76408,111.76
76424,111.76
76439,111.76
76455,111.76
76471,111.76
76487,111.76
76503,111.76
76519,111.76
76534,111.76
76550,109.22
76566,109.22
76581,109.22
76598,109.22
76613,111.76
-1,-1
77629,111.76
77645,111.76
77661,111.76
77676,111.76
77692,111.76
77708,114.30
77724,111.76
77740,111.76
77756,109.22
77771,109.22
77787,109.22
77803,109.22
77818,109.22
77835,109.22
77850,109.22
77865,109.22
77882,109.22
77897,109.22
77914,109.22
77929,109.22
77945,109.22
77961,109.22
77976,111.76
77992,111.76
78008,111.76
78024,111.76
78040,109.22
78056,109.22
78071,109.22
78087,114.30
78103,111.76
78118,111.76
78135,111.76
78150,111.76
78166,111.76
78182,111.76
78197,127.00
78214,127.00
78229,127.00
78245,124.46
78261,124.46
78276,124.46
78292,127.00
78308,127.00
78324,127.00
78340,127.00
78355,127.00
78371,127.00
78387,160.02
78403,157.48
78418,157.48
78435,157.48
78450,157.48
78466,157.48
78482,157.48
78497,157.48
78514,157.48
78529,55.88
78544,58.42
78561,58.42
78576,50.80
78593,53.34
78608,53.34
78623,53.34
78640,50.80
78655,50.80
78671,50.80
78687,50.80
78702,50.80
78718,50.80
78734,50.80
78749,50.80
78766,50.80
78781,50.80
78797,50.80
78813,50.80
78828,50.80
78844,50.80
78860,50.80
78875,50.80
78892,50.80
78907,50.80
78923,50.80
78939,48.26
78954,48.26
78970,48.26
78986,48.26
79001,48.26
79017,48.26
79033,48.26
79049,48.26
79065,48.26
79080,50.80
79096,48.26
79112,48.26
79127,53.34
79143,53.34
79159,53.34
79175,50.80
79191,48.26
79206,50.80
79222,55.88
79238,53.34
79254,53.34
79269,53.34
79285,53.34
79301,53.34
79316,53.34
79332,53.34
79348,53.34
79364,50.80
79380,53.34
79395,53.34
79411,53.34
79427,50.80
79442,53.34
79458,53.34
79474,53.34
79490,53.34
79506,53.34
79521,58.42
79537,55.88
79553,55.88
79568,55.88
79584,160.02
79600,160.02
79616,160.02
79632,160.02
79647,160.02
79664,160.02
79679,162.56
79694,160.02
79711,160.02
79726,160.02
79742,160.02
79758,160.02
79774,160.02
79790,162.56
79805,162.56
79821,162.56
79837,162.56
79853,162.56
79868,160.02
79884,162.56
79900,162.56
79916,144.78
79932,119.38
79947,119.38
79964,119.38
79979,165.10
79994,162.56
80011,162.56
80026,162.56
80043,165.10
80058,162.56
80074,162.56
80090,162.56
80105,162.56
80121,109.22
80137,109.22
80153,109.22
80168,109.22
80184,353.06
80200,350.52
80216,347.98
80232,358.14
80247,355.60
80264,358.14
80279,355.60
80294,355.60
80311,355.60
-1,-1
81327,314.96
81342,297.18
81358,297.18
81374,353.06
81390,353.06
81405,353.06
81421,353.06
81437,353.06
81453,353.06
81469,353.06
81484,353.06
81501,355.60
81516,353.06
81531,353.06
81548,353.06
81563,353.06
81580,365.76
81595,363.22
81611,363.22
81627,358.14
81642,358.14
81658,360.68
81674,353.06
81690,353.06
81705,353.06
81721,360.68
81737,360.68
81753,363.22
81769,363.22
81784,363.22
81801,114.30
81816,134.62
81831,134.62
81848,137.16
81863,162.56
81880,165.10
81895,162.56
81911,160.02
81927,160.02
81942,160.02
81958,160.02
81974,162.56
81990,162.56
82006,162.56
82022,162.56
82037,165.10
82053,160.02
82069,160.02
82084,162.56
82101,160.02
82116,160.02
82131,160.02
82148,160.02
82163,162.56
82180,160.02
82195,162.56
82211,162.56
82227,162.56
82242,162.56
82258,160.02
82274,160.02
82290,160.02
82306,167.64
82321,167.64
82337,167.64
82353,160.02
82369,160.02
82384,162.56
82401,55.88
82416,50.80
82432,53.34
82448,50.80
82463,50.80
82479,53.34
82495,50.80
82510,50.80
82527,53.34
82542,50.80
82557,50.80
82574,53.34
82589,50.80
82606,50.80
82621,53.34
82636,50.80
82653,50.80
82668,53.34
82683,53.34
82700,48.26
82715,48.26
82732,48.26
82747,48.26
82762,48.26
82779,48.26
82794,53.34
82809,50.80
82826,50.80
82841,48.26
82857,48.26
82873,48.26
82888,48.26
82905,48.26
82920,48.26
82935,55.88
82952,53.34
82967,50.80
82983,50.80
82999,48.26
83014,50.80
83031,48.26
83046,48.26
83061,48.26
83078,48.26
83093,50.80
83109,50.80
83125,50.80
83140,50.80
83156,50.80
83172,50.80
83187,50.80
83204,50.80
83219,50.80
83235,50.80
83251,50.80
83266,50.80
83282,50.80
83298,50.80
83314,50.80
83330,50.80
83345,50.80
83361,50.80
83377,50.80
83392,53.34
83408,53.34
83424,53.34
83440,157.48
83456,157.48
83471,157.48
83487,160.02
83503,157.48
83519,157.48
83534,157.48
83550,157.48
83566,157.48
83581,157.48
83598,157.48
83613,157.48
83630,157.48
83645,160.02
83660,157.48
83677,160.02
83692,124.46
83708,124.46
83724,124.46
83740,127.00
83756,127.00
83771,127.00
83787,114.30
83803,114.30
83819,114.30
83834,111.76
83850,111.76
83866,111.76
83881,111.76
83898,111.76
83913,111.76
83930,109.22
83945,109.22
83960,109.22
83977,109.22
83992,111.76
84008,109.22
-1,-1
85024,109.22
85040,109.22
85056,109.22
85071,109.22
85087,109.22
85103,109.22
85118,109.22
85135,109.22
85150,109.22
85166,109.22
85182,109.22
85197,109.22
85214,109.22
85229,109.22
85245,109.22
85261,109.22
85276,109.22
85293,109.22
85308,109.22
85324,109.22
85340,109.22
85356,109.22
85371,109.22
85387,109.22
85403,109.22
85419,109.22
85435,109.22
85450,111.76
85467,109.22
85482,109.22
85497,109.22
85514,114.30
85529,111.76
85545,111.76
85561,116.84
85576,114.30
85593,114.30
85608,114.30
85624,129.54
85640,127.00
85656,127.00
85671,157.48
85687,157.48
85703,157.48
85719,127.00
85735,127.00
85750,127.00
85766,162.56
85782,160.02
85797,160.02
85814,157.48
85829,157.48
85846,157.48
85861,160.02
85876,157.48
85893,157.48
85908,55.88
85924,55.88
85940,55.88
85955,53.34
85971,50.80
85987,53.34
86003,53.34
86019,50.80
86034,50.80
86050,53.34
86066,53.34
86081,50.80
86097,53.34
86113,50.80
86129,50.80
86145,50.80
86160,50.80
86176,50.80
86192,50.80
86207,53.34
86223,55.88
86239,55.88
86255,53.34
86270,48.26
86286,48.26
86302,55.88
86318,50.80
86333,50.80
86349,50.80
86365,50.80
86381,50.80
86396,50.80
86412,48.26
86428,48.26
86444,50.80
86459,48.26
86475,48.26
86491,48.26
86507,48.26
86522,48.26
86538,48.26
86554,48.26
86569,48.26
86585,50.80
86601,48.26
86617,48.26
86633,48.26
86648,48.26
86664,48.26
86680,48.26
86695,50.80
86712,53.34
86727,50.80
86743,50.80
86759,50.80
86774,50.80
86790,53.34
86806,50.80
86821,50.80
86838,50.80
86853,50.80
86868,50.80
86885,50.80
86900,50.80
86916,50.80
86932,50.80
86947,50.80
86964,50.80
86979,50.80
86994,50.80
87011,160.02
87026,160.02
87042,160.02
87058,160.02
87073,160.02
87090,160.02
87105,160.02
87121,160.02
87137,160.02
87152,160.02
87169,160.02
87184,160.02
87200,160.02
87216,160.02
87231,160.02
87247,162.56
87263,165.10
87279,165.10
87294,165.10
87311,162.56
87326,162.56
87342,162.56
87358,160.02
87373,160.02
87390,160.02
87405,116.84
87420,119.38
87437,116.84
87452,114.30
87469,116.84
87484,114.30
87500,116.84
87516,116.84
87531,119.38
87547,119.38
87563,355.60
87579,353.06
87595,353.06
87611,358.14
87626,358.14
87642,162.56
87658,119.38
87673,119.38
87690,121.92
87705,330.20
-1,-1
