999,12,0,96.52
1000,12,0,96.52
1001,12,0,96.52
1002,12,0,96.52
1003,12,0,96.52
1019,12,1,96.52
1037,12,2,96.52
1055,12,3,96.52
1073,12,4,96.52
1090,12,5,96.52
1107,12,6,96.52
1126,12,7,96.52
1143,12,8,96.52
1161,12,9,96.52
1178,12,10,96.52
1198,12,11,96.52
1216,12,12,96.52
1234,12,13,96.52
1254,12,14,96.52
1272,12,15,96.52
1291,12,16,96.52
1309,12,17,96.52
1329,12,18,96.52
1347,12,19,96.52
1366,12,20,96.52
1385,12,21,96.52
1403,12,22,96.52
1422,12,23,96.52
1440,12,24,96.52
1460,12,25,96.52
1478,12,26,96.52
1497,12,27,96.52
1515,12,28,96.52
1534,12,29,96.52
1553,12,30,96.52
1571,12,31,96.52
1591,12,32,96.52
1609,12,33,96.52
1628,12,34,96.52
1646,12,35,96.52
1666,12,36,96.52
1684,12,37,96.52
1702,12,38,96.52
1722,12,39,96.52
1740,12,40,96.52
1759,12,41,96.52
1777,12,42,93.98
1797,12,43,96.52
1815,12,44,96.52
1833,12,45,96.52
1853,12,46,96.52
1871,12,47,99.06
1890,12,48,99.06
1908,12,49,99.06
1928,12,50,99.06
1946,12,51,99.06
1965,12,52,101.60
1985,12,53,129.54
2004,12,54,129.54
2024,12,55,132.08
2043,12,56,132.08
2064,12,57,132.08
2083,12,58,132.08
2103,12,59,132.08
2123,12,60,99.06
2142,12,61,93.98
2160,12,62,96.52
2179,12,63,93.98
2198,12,64,93.98
2216,12,65,93.98
2235,12,66,99.06
2254,12,67,106.68
2274,12,68,104.14
2293,12,69,93.98
2312,12,70,99.06
2331,12,71,104.14
2351,12,72,116.84
2370,12,73,96.52
2390,12,74,99.06
2408,12,75,124.46
2427,12,76,134.62
2447,12,77,116.84
2467,12,78,114.30
2487,12,79,106.68
2506,12,80,154.94
2527,12,81,124.46
2546,12,82,127.00
2566,12,83,132.08
2586,12,84,124.46
2606,12,85,119.38
2625,12,86,116.84
2644,12,87,127.00
2665,12,88,147.32
2684,12,89,142.24
-1,-1
2711,12,90,119.38
2732,12,89,119.38
2751,12,88,104.14
2770,12,87,116.84
2791,12,86,116.84
2810,12,85,139.70
2830,12,84,134.62
2850,12,83,127.00
2870,12,82,134.62
2889,12,81,129.54
2909,12,80,121.92
2929,12,79,119.38
2949,12,78,124.46
2968,12,77,129.54
2989,12,76,127.00
3008,12,75,119.38
3027,12,74,116.84
3048,12,73,106.68
3067,12,72,116.84
3087,12,71,116.84
3106,12,70,114.30
3127,12,69,116.84
3146,12,68,111.76
3166,12,67,111.76
3186,12,66,111.76
3206,12,65,109.22
3225,12,64,109.22
3245,12,63,109.22
3265,12,62,109.22
3284,12,61,109.22
3304,12,60,109.22
3324,12,59,111.76
3344,12,58,109.22
3363,12,57,109.22
3384,12,56,111.76
3403,12,55,111.76
3423,12,54,121.92
3442,12,53,160.02
3463,12,52,116.84
3482,12,51,142.24
3502,12,50,142.24
3522,12,49,149.86
3542,12,48,134.62
3561,12,47,127.00
3581,12,46,147.32
3601,12,45,127.00
3620,12,44,137.16
3640,12,43,119.38
3660,12,42,129.54
3680,12,41,116.84
3699,12,40,127.00
3720,12,39,149.86
3739,12,38,154.94
3759,12,37,152.40
3778,12,36,154.94
3799,12,35,165.10
3818,12,34,152.40
3837,12,33,154.94
3858,12,32,119.38
3877,12,31,116.84
3897,12,30,111.76
3917,12,29,106.68
3937,12,28,111.76
3956,12,27,114.30
3976,12,26,116.84
3996,12,25,114.30
4016,12,24,109.22
4035,12,23,106.68
4056,12,22,101.60
4075,12,21,104.14
4094,12,20,104.14
4115,12,19,104.14
4134,12,18,101.60
4154,12,17,104.14
4173,12,16,101.60
4194,12,15,101.60
4213,12,14,101.60
4233,12,13,101.60
4253,12,12,101.60
4273,12,11,99.06
4291,12,10,99.06
4310,12,9,99.06
4328,12,8,99.06
4345,12,7,99.06
4363,12,6,99.06
4381,12,5,99.06
4399,12,4,99.06
4416,12,3,99.06
4433,12,2,99.06
4452,12,1,96.52
-1,-1
4476,11,0,96.52
4494,11,1,96.52
4512,11,2,96.52
4530,11,3,96.52
4547,11,4,96.52
4564,11,5,96.52
4583,11,6,96.52
4600,11,7,96.52
4618,11,8,96.52
4635,11,9,96.52
4654,11,10,96.52
4672,11,11,96.52
4690,11,12,96.52
4709,11,13,96.52
4728,11,14,96.52
4747,11,15,96.52
4765,11,16,96.52
4785,11,17,96.52
4803,11,18,96.52
4822,11,19,96.52
4840,11,20,96.52
4859,11,21,96.52
4878,11,22,96.52
4896,11,23,96.52
4916,11,24,96.52
4934,11,25,96.52
4953,11,26,96.52
4971,11,27,96.52
4990,11,28,96.52
5009,11,29,96.52
5027,11,30,96.52
5047,11,31,96.52
5065,11,32,96.52
5084,11,33,96.52
5102,11,34,96.52
5122,11,35,96.52
5140,11,36,96.52
5158,11,37,96.52
5178,11,38,96.52
5196,11,39,96.52
5215,11,40,96.52
5233,11,41,96.52
5253,11,42,96.52
5271,11,43,96.52
5289,11,44,96.52
5308,11,45,96.52
5327,11,46,96.52
5346,11,47,99.06
5364,11,48,99.06
5384,11,49,99.06
5402,11,50,99.06
5421,11,51,99.06
5439,11,52,99.06
5458,11,53,99.06
5477,11,54,99.06
5495,11,55,124.46
5516,11,56,129.54
5535,11,57,129.54
5555,11,58,132.08
5574,11,59,132.08
5595,11,60,101.60
5614,11,61,93.98
5633,11,62,96.52
5652,11,63,96.52
5670,11,64,96.52
5689,11,65,93.98
5707,11,66,93.98
5727,11,67,93.98
5745,11,68,99.06
5764,11,69,104.14
5784,11,70,101.60
5804,11,71,109.22
5823,11,72,111.76
5843,11,73,114.30
5863,11,74,111.76
5882,11,75,93.98
5901,11,76,114.30
5921,11,77,101.60
5941,11,78,129.54
5960,11,79,104.14
5981,11,80,93.98
5999,11,81,116.84
6019,11,82,132.08
6038,11,83,119.38
6059,11,84,106.68
6078,11,85,99.06
6096,11,86,104.14
6117,11,87,124.46
6136,11,88,121.92
6156,11,89,124.46
-1,-1
6183,11,90,149.86
6203,11,89,124.46
6222,11,88,101.60
6243,11,87,101.60
6262,11,86,101.60
6282,11,85,101.60
6301,11,84,101.60
6322,11,83,99.06
6340,11,82,99.06
6359,11,81,99.06
6378,11,80,99.06
6396,11,79,99.06
6415,11,78,99.06
6433,11,77,99.06
6453,11,76,99.06
6471,11,75,99.06
6490,11,74,99.06
6509,11,73,99.06
6528,11,72,99.06
6546,11,71,106.68
6565,11,70,106.68
6586,11,69,104.14
6605,11,68,104.14
6625,11,67,104.14
6645,11,66,101.60
6665,11,65,104.14
6684,11,64,104.14
6704,11,63,104.14
6724,11,62,101.60
6744,11,61,104.14
6763,11,60,101.60
6784,11,59,101.60
6803,11,58,101.60
6822,11,57,99.06
6842,11,56,99.06
6860,11,55,96.52
6879,11,54,96.52
6897,11,53,96.52
6917,11,52,129.54
6936,11,51,106.68
6956,11,50,111.76
6976,11,49,116.84
6995,11,48,111.76
7015,11,47,106.68
7034,11,46,129.54
7055,11,45,144.78
7074,11,44,111.76
7094,11,43,111.76
7114,11,42,134.62
7134,11,41,147.32
7153,11,40,142.24
7174,11,39,152.40
7193,11,38,147.32
7213,11,37,160.02
7232,11,36,154.94
7252,11,35,149.86
7272,11,34,157.48
7291,11,33,152.40
7312,11,32,144.78
7331,11,31,134.62
7351,11,30,124.46
7370,11,29,114.30
7391,11,28,114.30
7410,11,27,116.84
7430,11,26,111.76
7450,11,25,111.76
7470,11,24,104.14
7489,11,23,101.60
7510,11,22,104.14
7529,11,21,101.60
7548,11,20,99.06
7567,11,19,99.06
7586,11,18,101.60
7606,11,17,99.06
7624,11,16,99.06
7644,11,15,99.06
7662,11,14,99.06
7681,11,13,99.06
7699,11,12,99.06
7718,11,11,99.06
7737,11,10,99.06
7755,11,9,99.06
7774,11,8,99.06
7791,11,7,99.06
7809,11,6,99.06
7826,11,5,99.06
7844,11,4,99.06
7862,11,3,99.06
7879,11,2,99.06
7897,11,1,99.06
-1,-1
7922,10,0,96.52
7940,10,1,96.52
7957,10,2,96.52
7975,10,3,96.52
7993,10,4,96.52
8010,10,5,96.52
8028,10,6,96.52
8046,10,7,96.52
8064,10,8,96.52
8081,10,9,96.52
8098,10,10,96.52
8118,10,11,96.52
8136,10,12,96.52
8155,10,13,96.52
8174,10,14,96.52
8193,10,15,96.52
8211,10,16,96.52
8229,10,17,96.52
8249,10,18,96.52
8267,10,19,96.52
8286,10,20,96.52
8304,10,21,96.52
8324,10,22,96.52
8342,10,23,96.52
8360,10,24,96.52
8380,10,25,96.52
8398,10,26,96.52
8417,10,27,96.52
8435,10,28,96.52
8455,10,29,96.52
8473,10,30,96.52
8492,10,31,96.52
8511,10,32,96.52
8529,10,33,96.52
8548,10,34,96.52
8566,10,35,96.52
8586,10,36,96.52
8604,10,37,96.52
8623,10,38,96.52
8642,10,39,96.52
8660,10,40,96.52
8679,10,41,96.52
8697,10,42,96.52
8717,10,43,96.52
8735,10,44,96.52
8754,10,45,96.52
8773,10,46,96.52
8792,10,47,96.52
8810,10,48,96.52
8828,10,49,96.52
8848,10,50,96.52
8866,10,51,99.06
8885,10,52,99.06
8903,10,53,99.06
8923,10,54,127.00
8942,10,55,129.54
8962,10,56,132.08
8982,10,57,132.08
9001,10,58,137.16
9021,10,59,101.60
9041,10,60,96.52
9060,10,61,96.52
9078,10,62,96.52
9097,10,63,96.52
9116,10,64,93.98
9135,10,65,93.98
9153,10,66,96.52
9172,10,67,99.06
9191,10,68,93.98
9209,10,69,96.52
9228,10,70,96.52
9247,10,71,106.68
9267,10,72,99.06
9285,10,73,99.06
9305,10,74,106.68
9324,10,75,106.68
9344,10,76,93.98
9362,10,77,101.60
9382,10,78,99.06
9401,10,79,101.60
9420,10,80,101.60
9441,10,81,99.06
9459,10,82,111.76
9479,10,83,157.48
9498,10,84,109.22
9519,10,85,134.62
9538,10,86,121.92
9558,10,87,121.92
9578,10,88,106.68
9597,10,89,137.16
-1,-1
9624,10,90,109.22
9645,10,89,124.46
9664,10,88,106.68
9683,10,87,116.84
9704,10,86,111.76
9723,10,85,134.62
9743,10,84,134.62
9762,10,83,104.14
9783,10,82,104.14
9802,10,81,106.68
9822,10,80,106.68
9842,10,79,106.68
9862,10,78,106.68
9881,10,77,106.68
9901,10,76,106.68
9921,10,75,106.68
9940,10,74,106.68
9960,10,73,106.68
9980,10,72,104.14
10000,10,71,104.14
10020,10,70,106.68
10042,10,69,106.68
10062,10,68,104.14
10083,10,67,106.68
10104,10,66,106.68
10125,10,65,104.14
10145,10,64,104.14
10166,10,63,106.68
10187,10,62,106.68
10208,10,61,104.14
10228,10,60,106.68
10250,10,59,106.68
10270,10,58,104.14
10291,10,57,104.14
10312,10,56,104.14
10333,10,55,104.14
10353,10,54,104.14
10375,10,53,99.06
10394,10,52,129.54
10415,10,51,116.84
10436,10,50,109.22
10457,10,49,121.92
10477,10,48,109.22
10498,10,47,114.30
10519,10,46,104.14
10540,10,45,99.06
10559,10,44,101.60
10580,10,43,99.06
10600,10,42,104.14
10620,10,41,119.38
10642,10,40,124.46
10662,10,39,144.78
10683,10,38,152.40
10704,10,37,142.24
10725,10,36,162.56
10745,10,35,142.24
10766,10,34,147.32
10787,10,33,144.78
10808,10,32,111.76
10828,10,31,111.76
10850,10,30,114.30
10870,10,29,109.22
10891,10,28,109.22
10912,10,27,109.22
10933,10,26,114.30
10953,10,25,104.14
10975,10,24,101.60
10995,10,23,101.60
11016,10,22,104.14
11037,10,21,109.22
11058,10,20,104.14
11078,10,19,101.60
11099,10,18,101.60
11120,10,17,101.60
11141,10,16,99.06
11160,10,15,99.06
11181,10,14,99.06
11200,10,13,101.60
11220,10,12,99.06
11241,10,11,99.06
11260,10,10,99.06
11280,10,9,99.06
11298,10,8,101.60
11319,10,7,99.06
11337,10,6,101.60
11357,10,5,99.06
11376,10,4,99.06
11395,10,3,96.52
11413,10,2,99.06
11431,10,1,99.06
-1,-1
11458,9,0,99.06
11475,9,1,99.06
11493,9,2,99.06
11511,9,3,96.52
11529,9,4,96.52
11546,9,5,96.52
11564,9,6,96.52
11582,9,7,96.52
11599,9,8,48.26
11617,9,9,43.18
11635,9,10,40.64
11654,9,11,91.44
11672,9,12,93.98
11691,9,13,93.98
11710,9,14,93.98
11728,9,15,93.98
11747,9,16,93.98
11765,9,17,93.98
11785,9,18,93.98
11803,9,19,93.98
11822,9,20,93.98
11841,9,21,96.52
11859,9,22,96.52
11878,9,23,96.52
11896,9,24,96.52
11916,9,25,96.52
11934,9,26,96.52
11953,9,27,96.52
11972,9,28,96.52
11991,9,29,96.52
12009,9,30,96.52
12027,9,31,96.52
12047,9,32,96.52
12065,9,33,96.52
12084,9,34,96.52
12103,9,35,96.52
12122,9,36,96.52
12140,9,37,96.52
12158,9,38,96.52
12178,9,39,96.52
12196,9,40,96.52
12215,9,41,96.52
12234,9,42,96.52
12253,9,43,96.52
12271,9,44,96.52
12290,9,45,96.52
12309,9,46,96.52
12327,9,47,96.52
12346,9,48,99.06
12364,9,49,99.06
12384,9,50,99.06
12402,9,51,99.06
12421,9,52,99.06
12440,9,53,106.68
12460,9,54,129.54
12479,9,55,129.54
12499,9,56,132.08
12519,9,57,132.08
12538,9,58,132.08
12558,9,59,134.62
12578,9,60,134.62
12598,9,61,99.06
12616,9,62,96.52
12636,9,63,96.52
12654,9,64,93.98
12673,9,65,93.98
12691,9,66,96.52
12710,9,67,96.52
12729,9,68,96.52
12747,9,69,96.52
12767,9,70,99.06
12785,9,71,101.60
12805,9,72,104.14
12824,9,73,96.52
12844,9,74,101.60
12863,9,75,104.14
12882,9,76,99.06
12902,9,77,99.06
12920,9,78,101.60
12940,9,79,99.06
12958,9,80,99.06
12978,9,81,104.14
12997,9,82,106.68
13017,9,83,104.14
13037,9,84,124.46
13057,9,85,114.30
13076,9,86,109.22
13095,9,87,132.08
13116,9,88,111.76
13135,9,89,101.60
-1,-1
13162,9,90,111.76
13182,9,89,106.68
13202,9,88,109.22
13221,9,87,101.60
13242,9,86,101.60
13261,9,85,104.14
13281,9,84,101.60
13301,9,83,101.60
13321,9,82,101.60
13340,9,81,101.60
13360,9,80,101.60
13380,9,79,101.60
13400,9,78,101.60
13419,9,77,111.76
13440,9,76,101.60
13459,9,75,101.60
13478,9,74,101.60
13499,9,73,104.14
13518,9,72,106.68
13538,9,71,111.76
13557,9,70,109.22
13578,9,69,106.68
13597,9,68,106.68
13617,9,67,104.14
13637,9,66,101.60
13657,9,65,104.14
13676,9,64,106.68
13696,9,63,106.68
13716,9,62,106.68
13735,9,61,104.14
13755,9,60,104.14
13775,9,59,104.14
13795,9,58,104.14
13814,9,57,101.60
13835,9,56,101.60
13854,9,55,101.60
13874,9,54,101.60
13893,9,53,104.14
13914,9,52,101.60
13933,9,51,137.16
13953,9,50,129.54
13973,9,49,104.14
13992,9,48,121.92
14012,9,47,127.00
14032,9,46,111.76
14052,9,45,119.38
14071,9,44,116.84
14091,9,43,116.84
14111,9,42,116.84
14131,9,41,129.54
14150,9,40,144.78
14171,9,39,177.80
14190,9,38,170.18
14210,9,37,144.78
14230,9,36,147.32
14249,9,35,152.40
14269,9,34,149.86
14288,9,33,162.56
14309,9,32,149.86
14328,9,31,147.32
14348,9,30,142.24
14368,9,29,142.24
14388,9,28,111.76
14407,9,27,106.68
14427,9,26,104.14
14447,9,25,101.60
14467,9,24,101.60
14486,9,23,101.60
14507,9,22,99.06
14525,9,21,101.60
14544,9,20,101.60
14565,9,19,101.60
14584,9,18,101.60
14604,9,17,101.60
14623,9,16,101.60
14644,9,15,101.60
14663,9,14,99.06
14682,9,13,99.06
14701,9,12,99.06
14720,9,11,99.06
14738,9,10,96.52
14756,9,9,99.06
14775,9,8,99.06
14792,9,7,99.06
14810,9,6,101.60
14829,9,5,99.06
14846,9,4,101.60
14865,9,3,101.60
14883,9,2,101.60
14903,9,1,99.06
-1,-1
14927,8,0,101.60
14946,8,1,99.06
14964,8,2,96.52
14982,8,3,96.52
14999,8,4,96.52
15016,8,5,96.52
15035,8,6,96.52
15052,8,7,96.52
15070,8,8,53.34
15087,8,9,43.18
15106,8,10,40.64
15124,8,11,86.36
15142,8,12,93.98
15162,8,13,93.98
15180,8,14,93.98
15199,8,15,93.98
15217,8,16,93.98
15237,8,17,93.98
15255,8,18,93.98
15273,8,19,93.98
15292,8,20,93.98
15311,8,21,93.98
15330,8,22,96.52
15348,8,23,96.52
15368,8,24,96.52
15386,8,25,96.52
15405,8,26,99.06
15423,8,27,96.52
15442,8,28,96.52
15461,8,29,96.52
15479,8,30,96.52
15499,8,31,96.52
15517,8,32,96.52
15536,8,33,96.52
15554,8,34,96.52
15574,8,35,96.52
15592,8,36,96.52
15610,8,37,96.52
15630,8,38,96.52
15648,8,39,96.52
15667,8,40,96.52
15685,8,41,96.52
15705,8,42,96.52
15723,8,43,96.52
15741,8,44,96.52
15761,8,45,96.52
15779,8,46,96.52
15798,8,47,96.52
15816,8,48,99.06
15836,8,49,99.06
15854,8,50,99.06
15873,8,51,99.06
15891,8,52,99.06
15910,8,53,99.06
15929,8,54,99.06
15947,8,55,99.06
15967,8,56,116.84
15986,8,57,132.08
16006,8,58,132.08
16025,8,59,134.62
16046,8,60,134.62
16065,8,61,104.14
16084,8,62,96.52
16104,8,63,96.52
16122,8,64,93.98
16141,8,65,93.98
16160,8,66,93.98
16179,8,67,96.52
16197,8,68,99.06
16216,8,69,96.52
16235,8,70,101.60
16254,8,71,99.06
16273,8,72,99.06
16291,8,73,99.06
16311,8,74,99.06
16329,8,75,96.52
16348,8,76,116.84
16368,8,77,104.14
16388,8,78,114.30
16407,8,79,101.60
16428,8,80,106.68
16447,8,81,101.60
16466,8,82,101.60
16486,8,83,116.84
16506,8,84,109.22
16526,8,85,106.68
16545,8,86,114.30
16566,8,87,109.22
16585,8,88,106.68
16605,8,89,119.38
-1,-1
16632,8,90,121.92
16652,8,89,104.14
16671,8,88,111.76
16691,8,87,106.68
16711,8,86,111.76
16731,8,85,106.68
16750,8,84,109.22
16771,8,83,106.68
16790,8,82,106.68
16809,8,81,106.68
16830,8,80,104.14
16849,8,79,104.14
16869,8,78,104.14
16888,8,77,106.68
16909,8,76,109.22
16928,8,75,109.22
16948,8,74,106.68
16968,8,73,109.22
16988,8,72,109.22
17007,8,71,109.22
17028,8,70,109.22
17047,8,69,106.68
17067,8,68,106.68
17086,8,67,106.68
17106,8,66,104.14
17126,8,65,106.68
17145,8,64,106.68
17166,8,63,106.68
17185,8,62,109.22
17205,8,61,106.68
17225,8,60,106.68
17245,8,59,106.68
17264,8,58,106.68
17284,8,57,106.68
17304,8,56,106.68
17324,8,55,99.06
17342,8,54,101.60
17362,8,53,104.14
17382,8,52,132.08
17401,8,51,114.30
17421,8,50,114.30
17441,8,49,104.14
17461,8,48,101.60
17480,8,47,104.14
17501,8,46,99.06
17519,8,45,116.84
17539,8,44,106.68
17559,8,43,104.14
17579,8,42,106.68
17598,8,41,121.92
17617,8,40,142.24
17638,8,39,111.76
17657,8,38,142.24
17677,8,37,149.86
17697,8,36,137.16
17717,8,35,137.16
17736,8,34,139.70
17756,8,33,154.94
17776,8,32,144.78
17796,8,31,142.24
17815,8,30,116.84
17836,8,29,106.68
17855,8,28,104.14
17874,8,27,106.68
17895,8,26,104.14
17914,8,25,104.14
17934,8,24,104.14
17953,8,23,101.60
17974,8,22,101.60
17993,8,21,101.60
18013,8,20,101.60
18033,8,19,101.60
18053,8,18,99.06
18071,8,17,101.60
18092,8,16,99.06
18110,8,15,99.06
18128,8,14,99.06
18147,8,13,99.06
18166,8,12,99.06
18185,8,11,99.06
18203,8,10,99.06
18222,8,9,96.52
18240,8,8,99.06
18257,8,7,99.06
18275,8,6,99.06
18293,8,5,99.06
18311,8,4,99.06
18328,8,3,99.06
18345,8,2,99.06
18364,8,1,96.52
-1,-1
18388,7,0,96.52
18406,7,1,99.06
18424,7,2,96.52
18442,7,3,96.52
18459,7,4,96.52
18477,7,5,96.52
18495,7,6,96.52
18512,7,7,96.52
18530,7,8,96.52
18547,7,9,96.52
18566,7,10,96.52
18584,7,11,96.52
18603,7,12,96.52
18621,7,13,96.52
18640,7,14,96.52
18659,7,15,96.52
18677,7,16,96.52
18697,7,17,96.52
18715,7,18,96.52
18734,7,19,96.52
18752,7,20,96.52
18771,7,21,96.52
18790,7,22,96.52
18808,7,23,96.52
18828,7,24,96.52
18846,7,25,96.52
18865,7,26,96.52
18883,7,27,96.52
18903,7,28,96.52
18921,7,29,96.52
18939,7,30,96.52
18959,7,31,96.52
18977,7,32,96.52
18996,7,33,96.52
19014,7,34,96.52
19034,7,35,96.52
19052,7,36,96.52
19070,7,37,96.52
19090,7,38,96.52
19108,7,39,96.52
19127,7,40,96.52
19145,7,41,96.52
19165,7,42,96.52
19183,7,43,96.52
19202,7,44,96.52
19220,7,45,96.52
19239,7,46,99.06
19258,7,47,99.06
19276,7,48,99.06
19296,7,49,99.06
19314,7,50,99.06
19333,7,51,99.06
19351,7,52,99.06
19371,7,53,99.06
19389,7,54,109.22
19408,7,55,129.54
19429,7,56,132.08
19448,7,57,132.08
19468,7,58,132.08
19488,7,59,134.62
19508,7,60,132.08
19527,7,61,132.08
19547,7,62,93.98
19566,7,63,93.98
19585,7,64,93.98
19603,7,65,96.52
19622,7,66,99.06
19641,7,67,96.52
19659,7,68,93.98
19678,7,69,96.52
19697,7,70,99.06
19716,7,71,96.52
19734,7,72,93.98
19752,7,73,93.98
19772,7,74,93.98
19790,7,75,93.98
19809,7,76,93.98
19828,7,77,99.06
19847,7,78,96.52
19865,7,79,99.06
19884,7,80,96.52
19903,7,81,104.14
19922,7,82,99.06
19941,7,83,104.14
19961,7,84,104.14
19981,7,85,116.84
20000,7,86,109.22
20021,7,87,101.60
20040,7,88,101.60
20060,7,89,96.52
-1,-1
20085,7,90,101.60
20106,7,89,114.30
20125,7,88,109.22
20145,7,87,109.22
20165,7,86,124.46
20185,7,85,116.84
20204,7,84,111.76
20225,7,83,106.68
20244,7,82,106.68
20263,7,81,106.68
20283,7,80,109.22
20303,7,79,109.22
20323,7,78,106.68
20342,7,77,106.68
20363,7,76,104.14
20382,7,75,101.60
20402,7,74,106.68
20422,7,73,101.60
20442,7,72,106.68
20461,7,71,109.22
20481,7,70,109.22
20501,7,69,111.76
20520,7,68,109.22
20540,7,67,106.68
20560,7,66,106.68
20580,7,65,104.14
20599,7,64,104.14
20620,7,63,106.68
20639,7,62,106.68
20659,7,61,106.68
20678,7,60,106.68
20699,7,59,101.60
20718,7,58,101.60
20738,7,57,104.14
20758,7,56,104.14
20777,7,55,104.14
20797,7,54,101.60
20816,7,53,104.14
20837,7,52,106.68
20856,7,51,99.06
20875,7,50,121.92
20895,7,49,106.68
20915,7,48,132.08
20934,7,47,104.14
20955,7,46,99.06
20973,7,45,104.14
20993,7,44,119.38
21012,7,43,106.68
21032,7,42,114.30
21052,7,41,111.76
21071,7,40,127.00
21092,7,39,147.32
21111,7,38,165.10
21131,7,37,180.34
21150,7,36,160.02
21171,7,35,139.70
21190,7,34,152.40
21210,7,33,147.32
21230,7,32,111.76
21250,7,31,119.38
21269,7,30,121.92
21289,7,29,109.22
21309,7,28,101.60
21328,7,27,106.68
21348,7,26,104.14
21368,7,25,104.14
21388,7,24,106.68
21407,7,23,106.68
21428,7,22,101.60
21447,7,21,99.06
21466,7,20,99.06
21485,7,19,99.06
21504,7,18,99.06
21522,7,17,96.52
21540,7,16,99.06
21560,7,15,101.60
21579,7,14,99.06
21598,7,13,99.06
21616,7,12,99.06
21636,7,11,99.06
21654,7,10,99.06
21672,7,9,99.06
21691,7,8,99.06
21708,7,7,99.06
21726,7,6,99.06
21743,7,5,99.06
21762,7,4,96.52
21779,7,3,99.06
21796,7,2,96.52
21814,7,1,99.06
-1,-1
21839,6,0,96.52
21857,6,1,96.52
21874,6,2,96.52
21893,6,3,96.52
21910,6,4,96.52
21927,6,5,96.52
21945,6,6,96.52
21963,6,7,96.52
21981,6,8,96.52
21998,6,9,96.52
22017,6,10,96.52
22035,6,11,96.52
22053,6,12,96.52
22072,6,13,96.52
22091,6,14,96.52
22110,6,15,96.52
22128,6,16,96.52
22147,6,17,96.52
22166,6,18,96.52
22184,6,19,96.52
22203,6,20,96.52
22222,6,21,96.52
22241,6,22,96.52
22259,6,23,96.52
22278,6,24,96.52
22297,6,25,96.52
22316,6,26,96.52
22334,6,27,96.52
22353,6,28,96.52
22372,6,29,96.52
22390,6,30,96.52
22409,6,31,96.52
22428,6,32,96.52
22447,6,33,96.52
22465,6,34,96.52
22484,6,35,96.52
22503,6,36,96.52
22521,6,37,96.52
22540,6,38,96.52
22559,6,39,96.52
22578,6,40,96.52
22596,6,41,96.52
22615,6,42,96.52
22634,6,43,96.52
22652,6,44,96.52
22671,6,45,96.52
22690,6,46,96.52
22709,6,47,96.52
22727,6,48,96.52
22746,6,49,96.52
22765,6,50,99.06
22784,6,51,99.06
22802,6,52,99.06
22821,6,53,127.00
22841,6,54,129.54
22860,6,55,132.08
22880,6,56,132.08
22900,6,57,137.16
22920,6,58,132.08
22939,6,59,132.08
22960,6,60,116.84
22979,6,61,96.52
22998,6,62,96.52
23017,6,63,93.98
23035,6,64,93.98
23054,6,65,93.98
23072,6,66,93.98
23092,6,67,93.98
23110,6,68,96.52
23129,6,69,99.06
23147,6,70,99.06
23166,6,71,96.52
23185,6,72,96.52
23203,6,73,93.98
23223,6,74,99.06
23241,6,75,101.60
23261,6,76,99.06
23279,6,77,99.06
23299,6,78,109.22
23318,6,79,104.14
23337,6,80,99.06
23357,6,81,104.14
23376,6,82,106.68
23396,6,83,101.60
23416,6,84,109.22
23436,6,85,109.22
23455,6,86,109.22
23475,6,87,106.68
23495,6,88,124.46
23515,6,89,111.76
-1,-1
23541,6,90,121.92
23562,6,89,114.30
23581,6,88,127.00
23601,6,87,111.76
23621,6,86,124.46
23641,6,85,119.38
23660,6,84,142.24
23680,6,83,132.08
23700,6,82,127.00
23719,6,81,134.62
23739,6,80,134.62
23759,6,79,124.46
23779,6,78,121.92
23798,6,77,116.84
23819,6,76,119.38
23838,6,75,116.84
23858,6,74,114.30
23877,6,73,109.22
23898,6,72,111.76
23917,6,71,106.68
23937,6,70,109.22
23957,6,69,106.68
23976,6,68,106.68
23996,6,67,106.68
24016,6,66,106.68
24036,6,65,106.68
24055,6,64,106.68
24075,6,63,109.22
24095,6,62,106.68
24115,6,61,111.76
24134,6,60,111.76
24155,6,59,111.76
24174,6,58,111.76
24194,6,57,106.68
24214,6,56,104.14
24233,6,55,101.60
24253,6,54,114.30
24272,6,53,101.60
24293,6,52,116.84
24312,6,51,99.06
24331,6,50,111.76
24351,6,49,109.22
24371,6,48,124.46
24390,6,47,104.14
24410,6,46,99.06
24429,6,45,127.00
24449,6,44,99.06
24467,6,43,104.14
24487,6,42,106.68
24507,6,41,116.84
24526,6,40,106.68
24547,6,39,119.38
24566,6,38,147.32
24586,6,37,149.86
24605,6,36,142.24
24626,6,35,149.86
24645,6,34,142.24
24665,6,33,142.24
24685,6,32,144.78
24705,6,31,111.76
24724,6,30,116.84
24743,6,29,106.68
24764,6,28,104.14
24783,6,27,109.22
24803,6,26,111.76
24823,6,25,106.68
24843,6,24,106.68
24862,6,23,109.22
24883,6,22,101.60
24902,6,21,104.14
24922,6,20,101.60
24941,6,19,101.60
24962,6,18,99.06
24980,6,17,99.06
24998,6,16,99.06
25018,6,15,99.06
25036,6,14,99.06
25055,6,13,99.06
25073,6,12,101.60
25094,6,11,99.06
25112,6,10,99.06
25131,6,9,101.60
25150,6,8,99.06
25167,6,7,99.06
25185,6,6,99.06
25202,6,5,99.06
25221,6,4,99.06
25238,6,3,99.06
25255,6,2,99.06
25273,6,1,99.06
-1,-1
25298,5,0,96.52
25316,5,1,99.06
25333,5,2,96.52
25352,5,3,96.52
25369,5,4,96.52
25387,5,5,96.52
25404,5,6,96.52
25422,5,7,96.52
25440,5,8,96.52
25457,5,9,96.52
25475,5,10,96.52
25494,5,11,96.52
25512,5,12,96.52
25531,5,13,96.52
25550,5,14,96.52
25569,5,15,96.52
25587,5,16,96.52
25606,5,17,96.52
25625,5,18,96.52
25644,5,19,96.52
25662,5,20,96.52
25681,5,21,96.52
25700,5,22,96.52
25718,5,23,96.52
25737,5,24,96.52
25756,5,25,96.52
25775,5,26,96.52
25793,5,27,96.52
25812,5,28,96.52
25831,5,29,96.52
25849,5,30,96.52
25868,5,31,96.52
25887,5,32,96.52
25906,5,33,96.52
25924,5,34,96.52
25943,5,35,96.52
25962,5,36,96.52
25980,5,37,96.52
25999,5,38,96.52
26018,5,39,96.52
26037,5,40,96.52
26055,5,41,96.52
26074,5,42,96.52
26093,5,43,96.52
26112,5,44,96.52
26130,5,45,96.52
26149,5,46,99.06
26168,5,47,99.06
26186,5,48,99.06
26205,5,49,99.06
26224,5,50,99.06
26243,5,51,99.06
26261,5,52,99.06
26280,5,53,99.06
26299,5,54,129.54
26318,5,55,129.54
26338,5,56,132.08
26358,5,57,132.08
26378,5,58,132.08
26397,5,59,132.08
26418,5,60,132.08
26437,5,61,106.68
26457,5,62,93.98
26475,5,63,93.98
26494,5,64,91.44
26513,5,65,93.98
26531,5,66,93.98
26551,5,67,93.98
26569,5,68,96.52
26588,5,69,99.06
26606,5,70,96.52
26626,5,71,96.52
26644,5,72,99.06
26662,5,73,99.06
26682,5,74,93.98
26700,5,75,93.98
26719,5,76,96.52
26737,5,77,96.52
26757,5,78,96.52
26775,5,79,99.06
26793,5,80,99.06
26813,5,81,99.06
26831,5,82,99.06
26850,5,83,104.14
26869,5,84,101.60
26890,5,85,116.84
26909,5,86,109.22
26929,5,87,101.60
26949,5,88,109.22
26969,5,89,104.14
-1,-1
26995,5,90,114.30
27016,5,89,109.22
27035,5,88,101.60
27055,5,87,109.22
27074,5,86,134.62
27095,5,85,127.00
27114,5,84,121.92
27133,5,83,127.00
27154,5,82,106.68
27173,5,81,106.68
27193,5,80,111.76
27213,5,79,111.76
27233,5,78,116.84
27252,5,77,106.68
27272,5,76,109.22
27292,5,75,121.92
27312,5,74,119.38
27331,5,73,119.38
27352,5,72,106.68
27371,5,71,111.76
27390,5,70,132.08
27411,5,69,137.16
27430,5,68,142.24
27450,5,67,160.02
27469,5,66,149.86
27490,5,65,157.48
27509,5,64,157.48
27529,5,63,137.16
27549,5,62,149.86
27569,5,61,132.08
27588,5,60,116.84
27609,5,59,109.22
27628,5,58,111.76
27648,5,57,109.22
27667,5,56,111.76
27687,5,55,116.84
27707,5,54,111.76
27726,5,53,129.54
27747,5,52,119.38
27766,5,51,96.52
27785,5,50,111.76
27804,5,49,116.84
27825,5,48,99.06
27843,5,47,116.84
27863,5,46,109.22
27883,5,45,109.22
27902,5,44,101.60
27922,5,43,111.76
27942,5,42,106.68
27962,5,41,111.76
27981,5,40,152.40
28001,5,39,157.48
28021,5,38,144.78
28041,5,37,147.32
28060,5,36,144.78
28081,5,35,154.94
28100,5,34,142.24
28120,5,33,142.24
28139,5,32,139.70
28160,5,31,142.24
28179,5,30,111.76
28198,5,29,106.68
28219,5,28,109.22
28238,5,27,106.68
28258,5,26,106.68
28278,5,25,106.68
28298,5,24,104.14
28317,5,23,104.14
28337,5,22,101.60
28357,5,21,99.06
28376,5,20,99.06
28394,5,19,99.06
28413,5,18,99.06
28432,5,17,99.06
28450,5,16,101.60
28470,5,15,99.06
28489,5,14,99.06
28508,5,13,99.06
28526,5,12,99.06
28546,5,11,99.06
28564,5,10,99.06
28582,5,9,99.06
28600,5,8,96.52
28618,5,7,99.06
28636,5,6,99.06
28653,5,5,99.06
28670,5,4,96.52
28689,5,3,96.52
28706,5,2,99.06
28724,5,1,96.52
-1,-1
28749,4,0,96.52
28767,4,1,96.52
28784,4,2,96.52
28802,4,3,96.52
28820,4,4,96.52
28837,4,5,96.52
28855,4,6,96.52
28873,4,7,96.52
28891,4,8,96.52
28908,4,9,96.52
28925,4,10,96.52
28945,4,11,96.52
28963,4,12,96.52
28982,4,13,96.52
29000,4,14,96.52
29020,4,15,96.52
29038,4,16,96.52
29057,4,17,96.52
29076,4,18,96.52
29094,4,19,96.52
29113,4,20,96.52
29131,4,21,96.52
29151,4,22,96.52
29169,4,23,96.52
29188,4,24,96.52
29207,4,25,96.52
29225,4,26,96.52
29244,4,27,96.52
29262,4,28,96.52
29282,4,29,96.52
29300,4,30,96.52
29319,4,31,96.52
29338,4,32,96.52
29357,4,33,96.52
29375,4,34,96.52
29393,4,35,96.52
29413,4,36,96.52
29431,4,37,96.52
29450,4,38,96.52
29468,4,39,96.52
29488,4,40,96.52
29506,4,41,96.52
29524,4,42,96.52
29544,4,43,96.52
29562,4,44,96.52
29581,4,45,96.52
29599,4,46,96.52
29619,4,47,96.52
29637,4,48,96.52
29656,4,49,96.52
29675,4,50,99.06
29693,4,51,99.06
29712,4,52,104.14
29731,4,53,129.54
29752,4,54,129.54
29771,4,55,132.08
29791,4,56,132.08
29811,4,57,132.08
29831,4,58,132.08
29850,4,59,132.08
29870,4,60,99.06
29889,4,61,93.98
29907,4,62,93.98
29926,4,63,91.44
29945,4,64,91.44
29964,4,65,91.44
29982,4,66,93.98
30001,4,67,93.98
30020,4,68,93.98
30039,4,69,96.52
30057,4,70,96.52
30076,4,71,96.52
30095,4,72,101.60
30114,4,73,96.52
30133,4,74,96.52
30152,4,75,93.98
30171,4,76,93.98
30189,4,77,99.06
30209,4,78,101.60
30228,4,79,99.06
30246,4,80,111.76
30266,4,81,96.52
30285,4,82,96.52
30304,4,83,101.60
30323,4,84,99.06
30343,4,85,101.60
30362,4,86,106.68
30382,4,87,101.60
30401,4,88,109.22
30422,4,89,106.68
-1,-1
30448,4,90,106.68
30468,4,89,129.54
30488,4,88,114.30
30508,4,87,111.76
30527,4,86,111.76
30547,4,85,101.60
30567,4,84,104.14
30586,4,83,101.60
30607,4,82,101.60
30626,4,81,104.14
30646,4,80,104.14
30665,4,79,101.60
30686,4,78,104.14
30705,4,77,104.14
30725,4,76,104.14
30745,4,75,101.60
30765,4,74,101.60
30784,4,73,104.14
30804,4,72,101.60
30824,4,71,101.60
30843,4,70,99.06
30862,4,69,101.60
30882,4,68,101.60
30902,4,67,99.06
30920,4,66,99.06
30940,4,65,99.06
30958,4,64,99.06
30977,4,63,99.06
30995,4,62,99.06
31014,4,61,99.06
31033,4,60,99.06
31051,4,59,99.06
31071,4,58,99.06
31089,4,57,101.60
31109,4,56,99.06
31127,4,55,99.06
31147,4,54,99.06
31165,4,53,104.14
31184,4,52,104.14
31205,4,51,104.14
31224,4,50,104.14
31244,4,49,116.84
31263,4,48,119.38
31284,4,47,111.76
31303,4,46,109.22
31323,4,45,106.68
31343,4,44,104.14
31363,4,43,111.76
31382,4,42,106.68
31403,4,41,101.60
31422,4,40,106.68
31441,4,39,106.68
31461,4,38,137.16
31481,4,37,142.24
31501,4,36,137.16
31520,4,35,142.24
31541,4,34,139.70
31560,4,33,137.16
31580,4,32,137.16
31599,4,31,116.84
31620,4,30,111.76
31639,4,29,114.30
31659,4,28,104.14
31679,4,27,106.68
31698,4,26,101.60
31718,4,25,104.14
31738,4,24,101.60
31758,4,23,104.14
31777,4,22,101.60
31797,4,21,99.06
31816,4,20,101.60
31836,4,19,99.06
31854,4,18,99.06
31874,4,17,99.06
31892,4,16,96.52
31910,4,15,96.52
31929,4,14,96.52
31948,4,13,99.06
31967,4,12,99.06
31985,4,11,99.06
32005,4,10,99.06
32023,4,9,96.52
32040,4,8,99.06
32058,4,7,99.06
32076,4,6,99.06
32094,4,5,99.06
32111,4,4,96.52
32129,4,3,96.52
32147,4,2,99.06
32164,4,1,96.52
-1,-1
32189,3,0,96.52
32207,3,1,96.52
32225,3,2,96.52
32242,3,3,96.52
32260,3,4,96.52
32278,3,5,96.52
32295,3,6,96.52
32313,3,7,96.52
32330,3,8,96.52
32349,3,9,96.52
32366,3,10,96.52
32385,3,11,96.52
32404,3,12,96.52
32422,3,13,96.52
32441,3,14,96.52
32459,3,15,96.52
32479,3,16,96.52
32497,3,17,96.52
32516,3,18,96.52
32535,3,19,96.52
32553,3,20,96.52
32572,3,21,96.52
32590,3,22,96.52
32610,3,23,96.52
32628,3,24,96.52
32647,3,25,96.52
32665,3,26,96.52
32685,3,27,96.52
32703,3,28,96.52
32721,3,29,96.52
32741,3,30,96.52
32759,3,31,96.52
32778,3,32,96.52
32796,3,33,96.52
32816,3,34,96.52
32834,3,35,96.52
32852,3,36,96.52
32872,3,37,96.52
32890,3,38,96.52
32909,3,39,96.52
32927,3,40,96.52
32947,3,41,96.52
32965,3,42,96.52
32984,3,43,96.52
33003,3,44,96.52
33021,3,45,96.52
33040,3,46,96.52
33058,3,47,96.52
33078,3,48,96.52
33096,3,49,99.06
33115,3,50,99.06
33134,3,51,99.06
33153,3,52,99.06
33171,3,53,99.06
33189,3,54,111.76
33210,3,55,129.54
33229,3,56,129.54
33249,3,57,132.08
33269,3,58,132.08
33289,3,59,132.08
33308,3,60,132.08
33328,3,61,132.08
33348,3,62,96.52
33367,3,63,93.98
33385,3,64,93.98
33404,3,65,91.44
33423,3,66,91.44
33441,3,67,91.44
33460,3,68,93.98
33479,3,69,93.98
33498,3,70,96.52
33516,3,71,96.52
33536,3,72,96.52
33554,3,73,96.52
33572,3,74,96.52
33591,3,75,96.52
33610,3,76,96.52
33629,3,77,96.52
33647,3,78,99.06
33667,3,79,96.52
33685,3,80,96.52
33703,3,81,93.98
33722,3,82,93.98
33741,3,83,96.52
33760,3,84,96.52
33778,3,85,99.06
33797,3,86,96.52
33816,3,87,99.06
33835,3,88,93.98
33853,3,89,99.06
-1,-1
33880,3,90,96.52
33898,3,89,101.60
33917,3,88,116.84
33938,3,87,109.22
33957,3,86,101.60
33977,3,85,99.06
33995,3,84,99.06
34015,3,83,96.52
34033,3,82,96.52
34052,3,81,96.52
34071,3,80,96.52
34089,3,79,96.52
34108,3,78,96.52
34126,3,77,96.52
34146,3,76,96.52
34164,3,75,96.52
34183,3,74,99.06
34202,3,73,96.52
34221,3,72,96.52
34239,3,71,96.52
34257,3,70,96.52
34277,3,69,96.52
34295,3,68,96.52
34314,3,67,96.52
34333,3,66,96.52
34352,3,65,96.52
34370,3,64,96.52
34388,3,63,96.52
34408,3,62,96.52
34426,3,61,96.52
34445,3,60,96.52
34464,3,59,96.52
34483,3,58,96.52
34501,3,57,96.52
34520,3,56,96.52
34539,3,55,96.52
34557,3,54,99.06
34576,3,53,101.60
34595,3,52,104.14
34616,3,51,101.60
34635,3,50,104.14
34655,3,49,109.22
34675,3,48,119.38
34695,3,47,101.60
34714,3,46,114.30
34735,3,45,96.52
34753,3,44,93.98
34771,3,43,99.06
34790,3,42,99.06
34809,3,41,96.52
34828,3,40,109.22
34847,3,39,134.62
34868,3,38,137.16
34887,3,37,137.16
34907,3,36,139.70
34926,3,35,137.16
34947,3,34,139.70
34966,3,33,134.62
34985,3,32,104.14
35006,3,31,101.60
35025,3,30,101.60
35045,3,29,104.14
35065,3,28,101.60
35085,3,27,101.60
35104,3,26,101.60
35124,3,25,101.60
35144,3,24,99.06
35163,3,23,99.06
35181,3,22,99.06
35201,3,21,99.06
35219,3,20,99.06
35237,3,19,99.06
35256,3,18,99.06
35275,3,17,96.52
35294,3,16,96.52
35312,3,15,99.06
35332,3,14,96.52
35350,3,13,99.06
35368,3,12,99.06
35387,3,11,99.06
35406,3,10,99.06
35425,3,9,99.06
35442,3,8,99.06
35460,3,7,96.52
35478,3,6,96.52
35495,3,5,96.52
35513,3,4,96.52
35531,3,3,96.52
35549,3,2,96.52
35566,3,1,96.52
-1,-1
35591,2,0,96.52
35609,2,1,96.52
35627,2,2,96.52
35644,2,3,96.52
35662,2,4,96.52
35680,2,5,96.52
35697,2,6,96.52
35715,2,7,96.52
35733,2,8,96.52
35750,2,9,96.52
35768,2,10,96.52
35786,2,11,96.52
35806,2,12,96.52
35824,2,13,96.52
35843,2,14,96.52
35862,2,15,96.52
35880,2,16,96.52
35899,2,17,96.52
35917,2,18,96.52
35937,2,19,96.52
35955,2,20,96.52
35974,2,21,96.52
35992,2,22,96.52
36012,2,23,96.52
36030,2,24,96.52
36048,2,25,96.52
36068,2,26,96.52
36086,2,27,96.52
36105,2,28,96.52
36123,2,29,96.52
36143,2,30,96.52
36161,2,31,96.52
36179,2,32,96.52
36199,2,33,96.52
36217,2,34,96.52
36236,2,35,96.52
36254,2,36,96.52
36274,2,37,96.52
36292,2,38,96.52
36311,2,39,96.52
36330,2,40,96.52
36348,2,41,96.52
36367,2,42,96.52
36385,2,43,96.52
36405,2,44,96.52
36423,2,45,96.52
36442,2,46,96.52
36461,2,47,96.52
36480,2,48,99.06
36498,2,49,99.06
36516,2,50,99.06
36536,2,51,99.06
36554,2,52,99.06
36573,2,53,99.06
36591,2,54,99.06
36611,2,55,99.06
36629,2,56,129.54
36648,2,57,129.54
36669,2,58,132.08
36688,2,59,132.08
36708,2,60,124.46
36728,2,61,93.98
36747,2,62,93.98
36765,2,63,91.44
36784,2,64,91.44
36803,2,65,91.44
36822,2,66,91.44
36840,2,67,91.44
36858,2,68,91.44
36878,2,69,91.44
36896,2,70,93.98
36915,2,71,93.98
36934,2,72,93.98
36953,2,73,93.98
36971,2,74,93.98
36989,2,75,93.98
37009,2,76,93.98
37027,2,77,93.98
37046,2,78,93.98
37065,2,79,93.98
37084,2,80,93.98
37102,2,81,93.98
37121,2,82,96.52
37140,2,83,96.52
37158,2,84,93.98
37177,2,85,93.98
37196,2,86,99.06
37215,2,87,96.52
37233,2,88,96.52
37252,2,89,96.52
-1,-1
37278,2,90,96.52
37297,2,89,93.98
37315,2,88,99.06
37335,2,87,111.76
37354,2,86,104.14
37373,2,85,111.76
37394,2,84,116.84
37413,2,83,114.30
37433,2,82,119.38
37452,2,81,111.76
37473,2,80,109.22
37492,2,79,109.22
37512,2,78,109.22
37532,2,77,109.22
37552,2,76,109.22
37571,2,75,109.22
37591,2,74,109.22
37611,2,73,111.76
37630,2,72,116.84
37650,2,71,111.76
37670,2,70,116.84
37690,2,69,119.38
37709,2,68,114.30
37730,2,67,109.22
37749,2,66,106.68
37769,2,65,106.68
37788,2,64,104.14
37809,2,63,104.14
37828,2,62,101.60
37848,2,61,101.60
37868,2,60,101.60
37888,2,59,101.60
37907,2,58,101.60
37927,2,57,101.60
37947,2,56,99.06
37965,2,55,101.60
37985,2,54,99.06
38004,2,53,101.60
38024,2,52,106.68
38043,2,51,101.60
38064,2,50,93.98
38082,2,49,99.06
38100,2,48,101.60
38120,2,47,99.06
38139,2,46,96.52
38158,2,45,99.06
38176,2,44,96.52
38196,2,43,93.98
38214,2,42,96.52
38233,2,41,96.52
38251,2,40,101.60
38272,2,39,139.70
38291,2,38,137.16
38310,2,37,137.16
38331,2,36,134.62
38350,2,35,134.62
38370,2,34,134.62
38389,2,33,134.62
38410,2,32,104.14
38429,2,31,104.14
38449,2,30,101.60
38469,2,29,101.60
38489,2,28,101.60
38508,2,27,99.06
38528,2,26,99.06
38546,2,25,99.06
38564,2,24,99.06
38583,2,23,99.06
38602,2,22,96.52
38621,2,21,99.06
38639,2,20,96.52
38659,2,19,96.52
38677,2,18,96.52
38695,2,17,96.52
38714,2,16,96.52
38733,2,15,96.52
38752,2,14,96.52
38770,2,13,96.52
38789,2,12,96.52
38808,2,11,96.52
38827,2,10,96.52
38845,2,9,96.52
38863,2,8,96.52
38881,2,7,96.52
38898,2,6,96.52
38916,2,5,99.06
38934,2,4,96.52
38951,2,3,96.52
38969,2,2,96.52
38986,2,1,96.52
-1,-1
39012,1,0,96.52
39029,1,1,96.52
39047,1,2,96.52
39065,1,3,96.52
39083,1,4,96.52
39100,1,5,96.52
39117,1,6,96.52
39136,1,7,96.52
39153,1,8,96.52
39171,1,9,96.52
39188,1,10,96.52
39207,1,11,96.52
39226,1,12,96.52
39244,1,13,96.52
39264,1,14,96.52
39282,1,15,96.52
39301,1,16,96.52
39319,1,17,96.52
39339,1,18,96.52
39357,1,19,96.52
39375,1,20,96.52
39395,1,21,96.52
39413,1,22,96.52
39432,1,23,96.52
39450,1,24,96.52
39470,1,25,96.52
39488,1,26,96.52
39506,1,27,96.52
39526,1,28,96.52
39544,1,29,96.52
39563,1,30,96.52
39581,1,31,96.52
39601,1,32,96.52
39619,1,33,96.52
39638,1,34,96.52
39657,1,35,96.52
39675,1,36,96.52
39694,1,37,96.52
39712,1,38,96.52
39732,1,39,96.52
39750,1,40,96.52
39769,1,41,93.98
39787,1,42,96.52
39806,1,43,96.52
39825,1,44,96.52
39843,1,45,96.52
39863,1,46,96.52
39881,1,47,96.52
39900,1,48,99.06
39918,1,49,99.06
39938,1,50,99.06
39956,1,51,99.06
39974,1,52,99.06
39994,1,53,99.06
40012,1,54,99.06
40031,1,55,99.06
40049,1,56,127.00
40070,1,57,129.54
40089,1,58,132.08
40109,1,59,132.08
40129,1,60,132.08
40148,1,61,96.52
40167,1,62,93.98
40185,1,63,93.98
40205,1,64,91.44
40223,1,65,91.44
40242,1,66,91.44
40261,1,67,91.44
40280,1,68,91.44
40298,1,69,91.44
40316,1,70,91.44
40336,1,71,93.98
40354,1,72,91.44
40373,1,73,93.98
40392,1,74,91.44
40411,1,75,93.98
40429,1,76,93.98
40448,1,77,93.98
40467,1,78,93.98
40485,1,79,93.98
40504,1,80,93.98
40523,1,81,93.98
40542,1,82,93.98
40560,1,83,93.98
40579,1,84,93.98
40598,1,85,93.98
40616,1,86,93.98
40635,1,87,93.98
40654,1,88,93.98
40673,1,89,93.98
-1,-1
40698,1,90,93.98
40717,1,89,93.98
40736,1,88,96.52
40755,1,87,99.06
40773,1,86,99.06
40793,1,85,101.60
40812,1,84,99.06
40830,1,83,104.14
40850,1,82,101.60
40870,1,81,114.30
40890,1,80,101.60
40909,1,79,99.06
40929,1,78,99.06
40947,1,77,96.52
40966,1,76,96.52
40984,1,75,96.52
41004,1,74,101.60
41023,1,73,99.06
41041,1,72,99.06
41061,1,71,96.52
41079,1,70,99.06
41098,1,69,99.06
41116,1,68,99.06
41136,1,67,99.06
41154,1,66,99.06
41172,1,65,99.06
41192,1,64,99.06
41210,1,63,99.06
41229,1,62,96.52
41247,1,61,96.52
41267,1,60,96.52
41285,1,59,96.52
41304,1,58,96.52
41323,1,57,96.52
41341,1,56,96.52
41360,1,55,96.52
41378,1,54,96.52
41398,1,53,93.98
41416,1,52,104.14
41436,1,51,96.52
41455,1,50,93.98
41474,1,49,93.98
41492,1,48,93.98
41510,1,47,93.98
41530,1,46,93.98
41548,1,45,93.98
41567,1,44,93.98
41586,1,43,91.44
41605,1,42,93.98
41623,1,41,93.98
41641,1,40,93.98
41661,1,39,96.52
41679,1,38,111.76
41699,1,37,132.08
41719,1,36,134.62
41739,1,35,132.08
41758,1,34,132.08
41778,1,33,134.62
41798,1,32,134.62
41818,1,31,134.62
41837,1,30,101.60
41858,1,29,101.60
41877,1,28,99.06
41895,1,27,99.06
41914,1,26,99.06
41933,1,25,96.52
41952,1,24,96.52
41970,1,23,96.52
41990,1,22,96.52
42008,1,21,96.52
42027,1,20,96.52
42045,1,19,96.52
42064,1,18,96.52
42083,1,17,96.52
42101,1,16,96.52
42121,1,15,96.52
42139,1,14,96.52
42158,1,13,96.52
42176,1,12,96.52
42195,1,11,96.52
42214,1,10,96.52
42232,1,9,96.52
42250,1,8,96.52
42268,1,7,96.52
42286,1,6,96.52
42303,1,5,96.52
42321,1,4,96.52
42339,1,3,96.52
42356,1,2,96.52
42374,1,1,96.52
-1,-1
