14,292.10
30,373.38
46,368.30
61,368.30
77,327.66
93,309.88
108,309.88
124,297.18
140,299.72
155,299.72
172,294.64
187,294.64
202,294.64
219,297.18
234,297.18
249,299.72
266,287.02
281,289.56
296,289.56
313,289.56
328,370.84
344,368.30
360,368.30
375,365.76
391,368.30
407,368.30
422,363.22
438,363.22
454,119.38
470,132.08
485,132.08
500,132.08
517,322.58
532,322.58
547,322.58
564,167.64
579,170.18
594,170.18
611,165.10
626,165.10
642,165.10
658,132.08
673,132.08
689,134.62
705,129.54
720,132.08
736,132.08
752,129.54
768,129.54
783,129.54
799,129.54
815,129.54
830,129.54
846,129.54
862,129.54
877,132.08
893,132.08
909,132.08
924,129.54
941,129.54
956,81.28
971,83.82
988,83.82
1003,129.54
1018,129.54
1035,129.54
1050,129.54
1065,129.54
1082,129.54
1097,129.54
1114,132.08
1129,129.54
1144,129.54
1161,129.54
1176,129.54
1191,132.08
1208,132.08
1223,129.54
1240,129.54
1255,114.30
1270,114.30
1287,114.30
1302,111.76
1317,111.76
1334,111.76
1349,111.76
1366,111.76
1381,111.76
1396,111.76
1413,114.30
1428,111.76
1443,111.76
1460,111.76
1475,111.76
1491,114.30
1507,111.76
1522,111.76
1539,114.30
1554,114.30
1569,114.30
1586,114.30
1601,111.76
1617,114.30
1633,111.76
1648,111.76
1665,111.76
1680,111.76
1695,111.76
1712,111.76
1727,111.76
1743,111.76
1759,111.76
1774,111.76
1790,114.30
1806,111.76
1821,114.30
1838,111.76
1853,114.30
1869,111.76
1885,114.30
1900,111.76
1916,111.76
1932,114.30
1947,111.76
1964,111.76
1979,111.76
1995,114.30
2011,114.30
2026,114.30
2042,114.30
2058,114.30
2073,114.30
2089,114.30
2105,114.30
2121,114.30
2137,129.54
2152,160.02
2168,157.48
2184,157.48
2199,157.48
2215,160.02
2231,160.02
2247,157.48
2263,157.48
2278,157.48
2294,160.02
2310,157.48
2325,157.48
2341,104.14
2357,106.68
2373,106.68
2388,127.00
2404,127.00
2420,127.00
2436,124.46
2451,124.46
2467,124.46
2483,114.30
2499,114.30
2514,114.30
2530,111.76
2546,109.22
2562,111.76
2577,109.22
2593,109.22
2609,111.76
2625,111.76
2640,109.22
2656,109.22
2672,109.22
2688,109.22
-1,-1
3703,109.22
3720,109.22
3735,109.22
3750,109.22
3767,109.22
3782,109.22
3798,109.22
3814,109.22
3829,109.22
3846,109.22
3861,111.76
3876,111.76
3893,109.22
3908,111.76
3923,109.22
3940,109.22
3955,109.22
3972,109.22
3987,109.22
4002,109.22
4019,109.22
4034,109.22
4049,109.22
4066,109.22
4081,111.76
4098,109.22
4113,111.76
4128,109.22
4145,109.22
4160,109.22
4175,111.76
4192,111.76
4207,111.76
4224,111.76
4239,111.76
4254,114.30
4271,127.00
4286,127.00
4301,127.00
4318,162.56
4333,160.02
4349,160.02
4365,157.48
4380,157.48
4397,157.48
4412,106.68
4427,127.00
4444,129.54
4459,127.00
4475,157.48
4491,157.48
4506,157.48
4523,157.48
4538,157.48
4553,157.48
4570,119.38
4585,116.84
4601,127.00
4617,114.30
4632,114.30
4648,114.30
4664,116.84
4679,116.84
4696,116.84
4711,111.76
4727,111.76
4743,111.76
4758,111.76
4774,111.76
4790,111.76
4805,111.76
4822,111.76
4837,111.76
4853,114.30
4869,111.76
4884,111.76
4900,111.76
4916,111.76
4932,114.30
4947,111.76
4963,111.76
4979,111.76
4995,111.76
5010,111.76
5026,111.76
5042,111.76
5058,111.76
5073,111.76
5089,111.76
5105,111.76
5121,111.76
5136,111.76
5152,114.30
5168,114.30
5184,116.84
5199,114.30
5215,114.30
5231,111.76
5246,111.76
5262,111.76
5278,114.30
5294,114.30
5310,111.76
5325,114.30
5341,111.76
5357,167.64
5372,165.10
5388,165.10
5404,121.92
5420,134.62
5436,134.62
5451,134.62
5467,132.08
5483,129.54
5498,132.08
5514,132.08
5530,129.54
5545,129.54
5562,132.08
5577,132.08
5593,132.08
5609,129.54
5624,129.54
5640,129.54
5656,83.82
5671,81.28
5687,83.82
5703,132.08
5719,134.62
5735,132.08
5750,86.36
5766,81.28
5782,81.28
5797,81.28
5813,78.74
5829,78.74
5844,81.28
5860,81.28
5876,81.28
5892,83.82
5907,132.08
5923,132.08
5939,132.08
5954,129.54
5970,129.54
5986,129.54
6001,129.54
6018,129.54
6033,129.54
6049,132.08
6065,132.08
6080,132.08
6096,134.62
6112,368.30
6127,363.22
6144,363.22
6159,353.06
6175,320.04
6191,320.04
6206,320.04
6222,365.76
6238,365.76
6254,363.22
6269,363.22
6285,363.22
6301,363.22
6317,373.38
6332,370.84
6348,370.84
6364,350.52
6380,350.52
-1,-1
7396,345.44
7411,297.18
7427,294.64
7443,294.64
7458,294.64
7474,294.64
7490,294.64
7505,365.76
7522,365.76
7537,365.76
7553,370.84
7569,370.84
7584,368.30
7600,378.46
7616,378.46
7631,375.92
7648,378.46
7663,599.44
7678,599.44
7695,594.36
7710,510.54
7727,492.76
7742,495.30
7757,436.88
7774,411.48
7789,414.02
7804,370.84
7821,358.14
7836,358.14
7853,373.38
7868,375.92
7883,375.92
7900,340.36
7915,307.34
7930,254.00
7947,170.18
7962,170.18
7979,172.72
7994,137.16
8009,137.16
8026,137.16
8041,162.56
8057,162.56
8073,162.56
8088,109.22
8104,111.76
8120,114.30
8135,132.08
8152,132.08
8167,132.08
8183,132.08
8199,132.08
8214,132.08
8230,129.54
8246,129.54
8261,132.08
8278,134.62
8293,132.08
8309,132.08
8325,132.08
8340,165.10
8356,165.10
8372,165.10
8387,134.62
8403,134.62
8419,134.62
8435,132.08
8451,132.08
8466,132.08
8482,167.64
8498,165.10
8513,165.10
8529,132.08
8545,132.08
8561,132.08
8577,129.54
8592,129.54
8608,132.08
8624,132.08
8639,165.10
8655,165.10
8671,132.08
8687,114.30
8702,116.84
8718,114.30
8734,114.30
8750,114.30
8765,114.30
8781,114.30
8797,111.76
8813,111.76
8828,111.76
8844,111.76
8860,111.76
8876,114.30
8891,114.30
8907,111.76
8923,111.76
8939,111.76
8954,111.76
8970,111.76
8986,111.76
9001,114.30
9017,111.76
9033,111.76
9049,114.30
9065,114.30
9080,111.76
9096,111.76
9112,111.76
9127,111.76
9143,114.30
9159,114.30
9175,111.76
9191,111.76
9206,111.76
9222,114.30
9238,111.76
9253,111.76
9269,111.76
9285,111.76
9300,111.76
9317,111.76
9332,111.76
9348,111.76
9364,114.30
9379,111.76
9395,111.76
9411,111.76
9426,114.30
9443,116.84
9458,114.30
9474,114.30
9490,114.30
9505,114.30
9521,160.02
9537,157.48
9552,157.48
9569,157.48
9584,160.02
9600,160.02
9616,157.48
9631,157.48
9647,157.48
9663,104.14
9678,104.14
9695,104.14
9710,109.22
9725,157.48
9742,157.48
9757,157.48
9773,127.00
9789,127.00
9804,129.54
9821,160.02
9836,160.02
9851,157.48
9868,111.76
9883,111.76
9899,111.76
9915,114.30
9930,111.76
9947,114.30
9962,111.76
9977,109.22
9994,109.22
10009,109.22
10025,111.76
10041,109.22
10056,109.22
10073,109.22
-1,-1
11088,111.76
11104,109.22
11120,109.22
11136,109.22
11152,109.22
11167,109.22
11183,109.22
11199,109.22
11214,109.22
11231,109.22
11246,109.22
11261,111.76
11278,111.76
11293,109.22
11310,109.22
11325,111.76
11341,111.76
11357,109.22
11372,109.22
11388,109.22
11404,109.22
11420,109.22
11436,109.22
11452,109.22
11467,109.22
11483,109.22
11499,109.22
11514,109.22
11531,109.22
11546,114.30
11563,111.76
11578,111.76
11593,111.76
11610,111.76
11625,111.76
11641,111.76
11657,160.02
11672,160.02
11688,160.02
11704,129.54
11720,129.54
11736,129.54
11752,160.02
11767,160.02
11783,160.02
11799,157.48
11814,157.48
11831,157.48
11846,157.48
11862,157.48
11878,157.48
11893,157.48
11910,157.48
11925,157.48
11941,99.06
11957,114.30
11972,114.30
11988,116.84
12004,114.30
12020,114.30
12036,114.30
12051,111.76
12067,114.30
12083,114.30
12099,111.76
12114,111.76
12131,111.76
12146,111.76
12162,111.76
12178,111.76
12193,111.76
12210,111.76
12225,111.76
12241,114.30
12257,111.76
12272,111.76
12289,111.76
12304,111.76
12320,111.76
12336,111.76
12351,111.76
12367,111.76
12383,111.76
12399,111.76
12414,111.76
12431,111.76
12446,114.30
12462,111.76
12478,111.76
12493,111.76
12510,111.76
12525,111.76
12541,111.76
12557,111.76
12572,111.76
12589,111.76
12604,111.76
12620,114.30
12636,111.76
12651,111.76
12667,114.30
12683,111.76
12699,114.30
12715,114.30
12731,114.30
12746,114.30
12762,114.30
12778,111.76
12793,116.84
12810,116.84
12825,116.84
12841,132.08
12857,132.08
12872,132.08
12889,132.08
12904,132.08
12920,129.54
12936,129.54
12951,129.54
12967,129.54
12983,129.54
12999,129.54
13015,129.54
13031,129.54
13046,132.08
13062,129.54
13078,129.54
13093,162.56
13110,162.56
13125,162.56
13140,106.68
13157,106.68
13172,109.22
13189,132.08
13204,132.08
13220,129.54
13236,129.54
13251,129.54
13267,129.54
13283,132.08
13299,132.08
13315,132.08
13330,129.54
13346,129.54
13362,129.54
13378,129.54
13393,129.54
13410,129.54
13425,116.84
13441,119.38
13457,119.38
13472,121.92
13489,137.16
13504,134.62
13520,134.62
13536,182.88
13551,180.34
13568,182.88
13583,180.34
13599,320.04
13615,317.50
13630,111.76
13646,114.30
13662,111.76
13678,114.30
13693,114.30
13710,114.30
13725,119.38
13741,116.84
13757,116.84
13772,116.84
-1,-1
14788,289.56
14804,289.56
14820,119.38
14836,119.38
14852,119.38
14867,119.38
14883,294.64
14899,294.64
14915,292.10
14930,287.02
14947,287.02
14962,284.48
14978,287.02
14994,287.02
15009,289.56
15026,119.38
15041,119.38
15056,119.38
15073,116.84
15088,116.84
15105,119.38
15120,116.84
15136,116.84
15152,116.84
15167,114.30
15183,114.30
15199,114.30
15215,114.30
15230,114.30
15247,114.30
15262,114.30
15278,114.30
15294,114.30
15309,119.38
15326,119.38
15341,116.84
15356,116.84
15373,114.30
15388,116.84
15405,114.30
15420,114.30
15436,114.30
15452,114.30
15467,132.08
15483,129.54
15499,129.54
15515,129.54
15531,129.54
15547,132.08
15562,129.54
15578,129.54
15594,132.08
15609,129.54
15626,129.54
15641,129.54
15656,129.54
15673,129.54
15688,129.54
15705,129.54
15720,129.54
15736,129.54
15752,132.08
15767,129.54
15783,129.54
15799,129.54
15815,129.54
15831,129.54
15847,129.54
15862,129.54
15878,129.54
15894,129.54
15909,132.08
15926,129.54
15941,129.54
15956,129.54
15973,129.54
15988,129.54
16005,119.38
16020,119.38
16036,119.38
16052,116.84
16067,111.76
16083,111.76
16099,111.76
16115,111.76
16131,111.76
16146,114.30
16162,111.76
16178,111.76
16194,111.76
16209,111.76
16226,111.76
16241,111.76
16257,111.76
16273,111.76
16288,111.76
16305,114.30
16320,114.30
16336,111.76
16352,114.30
16367,114.30
16384,114.30
16399,111.76
16415,114.30
16431,114.30
16446,114.30
16462,114.30
16478,114.30
16494,114.30
16509,111.76
16526,111.76
16541,111.76
16557,116.84
16573,116.84
16588,116.84
16605,111.76
16620,111.76
16636,109.22
16652,111.76
16667,114.30
16684,111.76
16699,111.76
16715,111.76
16731,111.76
16746,111.76
16762,111.76
16778,111.76
16794,111.76
16809,111.76
16826,111.76
16841,111.76
16857,116.84
16873,114.30
16888,114.30
16905,114.30
16920,114.30
16936,114.30
16952,162.56
16967,160.02
16984,160.02
16999,157.48
17015,157.48
17031,160.02
17046,129.54
17062,127.00
17078,127.00
17094,147.32
17110,157.48
17126,157.48
17141,109.22
17157,127.00
17173,127.00
17188,124.46
17205,127.00
17220,127.00
17235,127.00
17252,114.30
17267,114.30
17284,114.30
17299,111.76
17315,111.76
17331,111.76
17346,109.22
17362,109.22
17378,109.22
17394,109.22
17410,109.22
17426,109.22
17441,109.22
17457,111.76
17473,109.22
-1,-1
18489,109.22
18504,109.22
18521,109.22
18536,109.22
18551,111.76
18568,109.22
18583,109.22
18599,109.22
18615,114.30
18631,109.22
18647,109.22
18662,109.22
18678,109.22
18694,109.22
18710,109.22
18725,109.22
18742,109.22
18757,109.22
18772,109.22
18789,109.22
18804,109.22
18821,109.22
18836,109.22
18851,109.22
18868,109.22
18883,109.22
18899,111.76
18915,111.76
18931,109.22
18947,109.22
18962,109.22
18978,111.76
18994,111.76
19010,111.76
19025,111.76
19042,111.76
19057,111.76
19073,129.54
19089,129.54
19104,129.54
19121,129.54
19136,157.48
19151,160.02
19168,157.48
19183,157.48
19200,157.48
19215,157.48
19231,157.48
19247,157.48
19262,157.48
19278,157.48
19294,157.48
19310,157.48
19325,157.48
19341,157.48
19357,157.48
19373,116.84
19389,114.30
19404,114.30
19421,111.76
19436,111.76
19451,111.76
19468,111.76
19483,111.76
19500,111.76
19515,111.76
19531,111.76
19547,111.76
19562,111.76
19578,111.76
19594,111.76
19610,111.76
19625,111.76
19641,111.76
19657,111.76
19673,111.76
19689,111.76
19704,111.76
19721,111.76
19736,111.76
19751,111.76
19768,111.76
19783,111.76
19800,114.30
19815,111.76
19831,111.76
19847,111.76
19862,111.76
19878,114.30
19894,114.30
19910,111.76
19926,111.76
19941,114.30
19957,114.30
19973,111.76
19989,111.76
20004,114.30
20021,114.30
20036,114.30
20051,114.30
20068,111.76
20083,111.76
20100,111.76
20115,114.30
20131,114.30
20147,114.30
20162,114.30
20178,111.76
20194,111.76
20210,119.38
20226,119.38
20241,119.38
20257,119.38
20273,132.08
20289,132.08
20304,129.54
20321,132.08
20336,132.08
20352,132.08
20368,129.54
20383,132.08
20400,132.08
20415,132.08
20430,129.54
20447,129.54
20462,129.54
20478,129.54
20494,129.54
20510,129.54
20526,129.54
20541,129.54
20557,132.08
20573,132.08
20589,132.08
20604,132.08
20620,129.54
20636,129.54
20652,129.54
20668,129.54
20683,129.54
20700,132.08
20715,132.08
20730,129.54
20747,132.08
20762,129.54
20779,129.54
20794,129.54
20810,137.16
20826,137.16
20841,137.16
20857,137.16
20873,312.42
20889,309.88
20904,309.88
20920,317.50
20936,317.50
20952,314.96
20968,317.50
20983,317.50
21000,320.04
21015,317.50
21030,317.50
21047,320.04
21062,320.04
21079,365.76
21094,363.22
21110,363.22
21126,368.30
21141,368.30
21157,368.30
21173,378.46
-1,-1
22189,370.84
22205,355.60
22220,307.34
22237,297.18
22252,297.18
22267,403.86
22284,406.40
22299,406.40
22316,358.14
22331,355.60
22346,355.60
22363,355.60
22378,355.60
22394,355.60
22410,353.06
22426,353.06
22441,355.60
22457,370.84
22473,368.30
22489,373.38
22505,368.30
22520,368.30
22537,370.84
22552,365.76
22567,363.22
22584,365.76
22599,365.76
22616,353.06
22631,355.60
22646,355.60
22663,355.60
22678,355.60
22694,182.88
22710,180.34
22726,180.34
22742,180.34
22757,182.88
22773,182.88
22789,121.92
22805,119.38
22820,119.38
22837,132.08
22852,132.08
22867,132.08
22884,132.08
22899,132.08
22916,132.08
22931,132.08
22946,129.54
22963,129.54
22978,129.54
22994,132.08
23010,132.08
23026,132.08
23042,129.54
23057,129.54
23073,132.08
23089,132.08
23105,132.08
23120,132.08
23136,129.54
23152,129.54
23168,129.54
23184,132.08
23199,132.08
23216,129.54
23231,129.54
23246,129.54
23263,129.54
23278,129.54
23294,129.54
23310,132.08
23325,129.54
23342,129.54
23357,129.54
23373,129.54
23389,129.54
23405,129.54
23420,129.54
23436,116.84
23452,119.38
23468,116.84
23484,111.76
23499,114.30
23515,114.30
23531,111.76
23546,111.76
23563,111.76
23578,114.30
23595,114.30
23610,114.30
23625,111.76
23642,111.76
23657,111.76
23673,111.76
23689,111.76
23705,111.76
23720,114.30
23736,111.76
23752,111.76
23768,111.76
23784,114.30
23799,114.30
23815,116.84
23831,111.76
23846,111.76
23863,111.76
23878,111.76
23895,111.76
23910,111.76
23925,111.76
23942,111.76
23957,111.76
23973,111.76
23989,111.76
24005,111.76
24020,111.76
24036,111.76
24052,111.76
24068,114.30
24084,111.76
24099,111.76
24116,111.76
24131,111.76
24146,111.76
24163,114.30
24178,114.30
24195,114.30
24210,114.30
24225,114.30
24242,116.84
24257,114.30
24273,114.30
24289,114.30
24305,116.84
24321,114.30
24336,160.02
24352,160.02
24368,160.02
24384,104.14
24399,106.68
24415,106.68
24431,157.48
24446,157.48
24463,157.48
24478,127.00
24495,127.00
24510,127.00
24525,162.56
24542,160.02
24557,160.02
24573,127.00
24589,124.46
24605,124.46
24621,127.00
24636,124.46
24652,124.46
24668,99.06
24684,101.60
24699,101.60
24715,106.68
24731,111.76
24747,111.76
24763,111.76
24778,111.76
24795,111.76
24810,111.76
24825,111.76
24842,111.76
24857,111.76
24873,111.76
-1,-1
25889,109.22
25905,109.22
25921,109.22
25936,109.22
25952,109.22
25968,109.22
25984,109.22
26000,109.22
26015,109.22
26031,109.22
26047,111.76
26062,109.22
26079,109.22
26094,109.22
26110,109.22
26126,109.22
26141,109.22
26158,109.22
26173,109.22
26189,109.22
26205,109.22
26220,109.22
26236,109.22
26252,109.22
26268,109.22
26284,109.22
26300,111.76
26315,111.76
26331,111.76
26347,111.76
26362,111.76
26379,111.76
26394,111.76
26411,111.76
26426,111.76
26441,111.76
26458,124.46
26473,124.46
26489,124.46
26505,124.46
26520,124.46
26536,124.46
26552,127.00
26568,127.00
26584,127.00
26600,134.62
26615,157.48
26631,157.48
26647,157.48
26662,157.48
26679,157.48
26694,157.48
26711,157.48
26726,157.48
26741,157.48
26758,157.48
26773,157.48
26789,157.48
26805,114.30
26820,114.30
26836,116.84
26852,114.30
26868,114.30
26884,116.84
26900,111.76
26915,111.76
26931,111.76
26947,111.76
26962,111.76
26979,111.76
26994,111.76
27010,111.76
27026,111.76
27041,111.76
27058,111.76
27073,111.76
27089,111.76
27105,111.76
27120,111.76
27137,111.76
27152,111.76
27168,111.76
27184,114.30
27200,111.76
27215,114.30
27231,114.30
27247,111.76
27262,111.76
27279,111.76
27294,111.76
27310,111.76
27326,114.30
27341,111.76
27358,111.76
27373,111.76
27389,111.76
27405,111.76
27420,111.76
27437,111.76
27452,111.76
27468,111.76
27484,114.30
27500,111.76
27515,111.76
27531,111.76
27547,114.30
27563,114.30
27579,111.76
27594,116.84
27610,116.84
27626,114.30
27641,132.08
27658,129.54
27673,129.54
27689,129.54
27705,129.54
27720,129.54
27737,129.54
27752,129.54
27768,129.54
27784,129.54
27800,129.54
27815,129.54
27831,132.08
27847,132.08
27863,132.08
27879,129.54
27894,132.08
27910,132.08
27926,132.08
27941,132.08
27958,132.08
27973,129.54
27990,132.08
28005,132.08
28020,129.54
28037,129.54
28052,129.54
28068,129.54
28084,129.54
28099,129.54
28115,129.54
28131,129.54
28147,132.08
28163,129.54
28179,129.54
28194,162.56
28210,162.56
28226,162.56
28241,208.28
28258,304.80
28273,302.26
28289,302.26
28305,327.66
28320,322.58
28337,322.58
28352,365.76
28368,363.22
28384,198.12
28399,180.34
28416,180.34
28431,180.34
28447,368.30
28463,365.76
28479,294.64
28494,116.84
28510,119.38
28526,119.38
28541,119.38
28558,368.30
28573,365.76
-1,-1
29589,294.64
29605,294.64
29621,297.18
29636,375.92
29652,375.92
29668,373.38
29684,373.38
29700,373.38
29715,373.38
29731,360.68
29747,309.88
29763,299.72
29778,299.72
29795,355.60
29810,358.14
29826,358.14
29842,309.88
29857,289.56
29874,289.56
29889,287.02
29905,287.02
29921,289.56
29936,373.38
29953,373.38
29968,116.84
29984,132.08
30000,132.08
30015,132.08
30031,347.98
30047,363.22
30063,360.68
30078,353.06
30095,325.12
30110,327.66
30126,134.62
30142,134.62
30157,134.62
30174,182.88
30189,180.34
30205,180.34
30221,162.56
30236,162.56
30253,162.56
30268,132.08
30284,129.54
30300,132.08
30315,129.54
30331,129.54
30347,129.54
30363,129.54
30379,129.54
30395,129.54
30410,132.08
30426,134.62
30442,134.62
30457,132.08
30474,132.08
30489,132.08
30504,132.08
30521,129.54
30536,129.54
30553,132.08
30568,132.08
30584,132.08
30600,132.08
30615,129.54
30631,129.54
30647,129.54
30663,129.54
30679,129.54
30695,132.08
30710,129.54
30726,129.54
30742,129.54
30757,129.54
30774,129.54
30789,129.54
30804,129.54
30821,129.54
30836,132.08
30853,132.08
30868,114.30
30884,114.30
30900,114.30
30915,111.76
30931,111.76
30947,114.30
30963,111.76
30979,111.76
30995,111.76
31010,111.76
31026,111.76
31042,111.76
31057,111.76
31074,111.76
31089,114.30
31105,114.30
31121,114.30
31136,114.30
31153,111.76
31168,114.30
31184,114.30
31200,114.30
31215,114.30
31232,111.76
31247,114.30
31263,111.76
31279,114.30
31294,114.30
31310,111.76
31326,111.76
31342,111.76
31357,114.30
31374,111.76
31389,114.30
31405,111.76
31421,114.30
31436,114.30
31453,111.76
31468,111.76
31484,111.76
31500,111.76
31515,111.76
31532,111.76
31547,111.76
31563,111.76
31579,111.76
31595,114.30
31610,114.30
31626,114.30
31642,114.30
31657,114.30
31674,114.30
31689,116.84
31705,157.48
31721,157.48
31736,157.48
31753,157.48
31768,157.48
31784,157.48
31800,157.48
31815,157.48
31832,157.48
31847,157.48
31863,157.48
31879,157.48
31895,157.48
31910,127.00
31926,127.00
31942,127.00
31958,127.00
31974,127.00
31989,127.00
32005,157.48
32021,157.48
32036,157.48
32053,116.84
32068,116.84
32084,119.38
32100,111.76
32115,111.76
32132,111.76
32147,111.76
32163,111.76
32179,111.76
32194,111.76
32210,111.76
32226,111.76
32242,111.76
32258,109.22
32274,109.22
-1,-1
33290,109.22
33305,111.76
33320,109.22
33337,109.22
33352,109.22
33369,109.22
33384,114.30
33400,111.76
33416,111.76
33431,111.76
33447,109.22
33463,109.22
33479,109.22
33495,109.22
33511,109.22
33526,109.22
33542,109.22
33558,109.22
33573,109.22
33590,109.22
33605,109.22
33620,109.22
33637,109.22
33652,109.22
33669,109.22
33684,109.22
33700,109.22
33716,109.22
33731,114.30
33747,111.76
33763,111.76
33779,111.76
33795,111.76
33811,111.76
33826,111.76
33842,124.46
33858,124.46
33873,124.46
33890,127.00
33905,127.00
33921,127.00
33937,129.54
33952,127.00
33969,127.00
33984,157.48
34000,157.48
34016,157.48
34031,157.48
34048,157.48
34063,157.48
34079,157.48
34095,157.48
34111,157.48
34126,157.48
34142,157.48
34158,157.48
34173,157.48
34190,157.48
34205,157.48
34221,157.48
34237,119.38
34252,119.38
34269,119.38
34284,114.30
34300,114.30
34316,114.30
34331,111.76
34348,111.76
34363,111.76
34379,111.76
34395,111.76
34411,114.30
34426,111.76
34442,111.76
34458,111.76
34473,111.76
34490,111.76
34505,111.76
34521,111.76
34537,111.76
34552,111.76
34569,114.30
34584,114.30
34600,111.76
34616,111.76
34631,111.76
34648,111.76
34663,111.76
34679,111.76
34695,114.30
34710,111.76
34726,111.76
34742,111.76
34758,114.30
34774,111.76
34790,114.30
34805,114.30
34821,111.76
34837,114.30
34852,114.30
34869,111.76
34884,111.76
34900,111.76
34916,111.76
34931,114.30
34948,114.30
34963,114.30
34979,114.30
34995,114.30
35010,114.30
35026,129.54
35042,129.54
35058,132.08
35074,129.54
35090,129.54
35105,129.54
35121,129.54
35137,129.54
35152,129.54
35169,132.08
35184,129.54
35201,132.08
35216,137.16
35231,134.62
35248,132.08
35263,134.62
35279,129.54
35295,132.08
35310,132.08
35326,132.08
35342,132.08
35358,132.08
35374,132.08
35390,132.08
35405,129.54
35421,129.54
35437,129.54
35452,129.54
35469,129.54
35484,129.54
35500,132.08
35516,132.08
35531,132.08
35548,129.54
35563,129.54
35579,129.54
35595,132.08
35610,129.54
35627,129.54
35642,129.54
35658,129.54
35674,314.96
35690,314.96
35705,314.96
35721,314.96
35737,363.22
35752,360.68
35769,363.22
35784,317.50
35800,320.04
35816,121.92
35831,119.38
35848,119.38
35863,119.38
35879,353.06
35895,350.52
35910,350.52
35927,375.92
35942,373.38
35958,170.18
35974,119.38
-1,-1
36989,373.38
37006,375.92
37021,373.38
37037,373.38
37053,375.92
37068,350.52
37085,353.06
37100,355.60
37116,322.58
37132,299.72
37147,299.72
37164,294.64
37179,297.18
37195,294.64
37211,358.14
37226,353.06
37242,353.06
37258,355.60
37274,353.06
37289,350.52
37306,353.06
37321,353.06
37337,353.06
37353,350.52
37368,363.22
37385,363.22
37400,365.76
37416,365.76
37432,365.76
37447,365.76
37464,375.92
37479,375.92
37495,375.92
37511,180.34
37526,182.88
37542,182.88
37558,182.88
37574,182.88
37590,182.88
37606,129.54
37621,132.08
37637,132.08
37653,129.54
37668,129.54
37685,132.08
37700,129.54
37715,129.54
37732,129.54
37747,132.08
37764,129.54
37779,132.08
37795,129.54
37811,129.54
37826,129.54
37842,129.54
37858,132.08
37874,129.54
37890,129.54
37906,129.54
37921,129.54
37937,129.54
37953,129.54
37968,132.08
37985,129.54
38000,132.08
38016,132.08
38032,132.08
38047,129.54
38064,129.54
38079,132.08
38095,129.54
38111,129.54
38126,129.54
38142,129.54
38158,129.54
38174,129.54
38190,149.86
38205,162.56
38221,162.56
38237,116.84
38253,134.62
38268,134.62
38285,106.68
38300,119.38
38316,119.38
38332,119.38
38347,111.76
38364,114.30
38379,114.30
38395,111.76
38411,111.76
38426,114.30
38443,111.76
38458,114.30
38474,114.30
38490,111.76
38505,111.76
38521,114.30
38537,111.76
38553,111.76
38568,111.76
38585,111.76
38600,114.30
38616,114.30
38632,111.76
38647,111.76
38664,111.76
38679,111.76
38695,111.76
38711,111.76
38726,111.76
38743,111.76
38758,111.76
38774,114.30
38790,111.76
38805,111.76
38821,114.30
38837,111.76
38853,111.76
38868,111.76
38885,111.76
38900,111.76
38916,114.30
38932,116.84
38947,114.30
38964,114.30
38979,114.30
38994,114.30
39011,114.30
39026,114.30
39043,160.02
39058,160.02
39074,160.02
39090,157.48
39105,157.48
39121,157.48
39137,160.02
39153,160.02
39169,157.48
39185,157.48
39200,157.48
39216,157.48
39232,157.48
39247,157.48
39264,157.48
39279,157.48
39294,157.48
39311,157.48
39326,116.84
39343,127.00
39358,127.00
39374,127.00
39390,157.48
39405,157.48
39421,157.48
39437,129.54
39453,129.54
39469,129.54
39484,114.30
39500,116.84
39516,116.84
39532,111.76
39547,111.76
39564,111.76
39579,111.76
39595,111.76
39611,111.76
39626,109.22
39643,109.22
39658,109.22
39674,109.22
-1,-1
40690,111.76
40706,111.76
40721,109.22
40737,109.22
40753,111.76
40769,109.22
40784,109.22
40801,109.22
40816,111.76
40832,111.76
40848,111.76
40863,109.22
40880,109.22
40895,109.22
40911,114.30
40927,111.76
40942,111.76
40958,111.76
40974,109.22
40990,109.22
41006,109.22
41021,109.22
41037,109.22
41053,109.22
41069,111.76
41084,114.30
41101,114.30
41116,109.22
41132,111.76
41148,109.22
41163,111.76
41180,111.76
41195,111.76
41211,111.76
41227,111.76
41242,111.76
41259,132.08
41274,127.00
41290,127.00
41306,127.00
41321,127.00
41337,127.00
41353,127.00
41369,157.48
41384,157.48
41401,157.48
41416,127.00
41432,127.00
41448,127.00
41463,162.56
41480,160.02
41495,160.02
41510,157.48
41527,157.48
41542,157.48
41559,157.48
41574,157.48
41590,157.48
41606,119.38
41621,114.30
41637,116.84
41653,114.30
41669,111.76
41684,111.76
41700,111.76
41716,111.76
41732,111.76
41748,111.76
41763,114.30
41780,111.76
41795,111.76
41810,111.76
41827,111.76
41842,111.76
41859,111.76
41874,111.76
41890,111.76
41906,111.76
41921,111.76
41937,111.76
41953,111.76
41969,111.76
41985,111.76
42000,111.76
42016,111.76
42032,111.76
42048,111.76
42063,111.76
42080,111.76
42095,111.76
42110,111.76
42127,114.30
42142,114.30
42159,111.76
42174,111.76
42190,111.76
42206,111.76
42221,111.76
42237,114.30
42253,111.76
42269,111.76
42285,111.76
42300,114.30
42316,111.76
42332,111.76
42348,111.76
42363,111.76
42380,111.76
42395,119.38
42411,119.38
42427,119.38
42442,119.38
42459,129.54
42474,129.54
42490,129.54
42506,129.54
42521,129.54
42537,129.54
42553,129.54
42569,132.08
42585,132.08
42600,129.54
42616,132.08
42632,132.08
42648,129.54
42663,129.54
42680,129.54
42695,129.54
42711,129.54
42727,129.54
42742,129.54
42759,129.54
42774,132.08
42790,132.08
42806,129.54
42821,132.08
42838,132.08
42853,129.54
42869,129.54
42885,129.54
42900,86.36
42916,86.36
42932,86.36
42948,132.08
42963,132.08
42979,132.08
42995,132.08
43011,132.08
43027,129.54
43042,180.34
43058,177.80
43074,177.80
43089,177.80
43106,307.34
43121,304.80
43138,304.80
43153,314.96
43168,312.42
43185,314.96
43200,180.34
43216,182.88
43232,180.34
43248,116.84
43264,116.84
43279,119.38
43295,114.30
43311,116.84
43327,116.84
43342,116.84
43359,116.84
43374,119.38
-1,-1
44390,294.64
44405,294.64
44422,297.18
44437,294.64
44453,375.92
44469,375.92
44485,373.38
44500,325.12
44516,309.88
44532,309.88
44548,373.38
44564,373.38
44579,373.38
44595,370.84
44611,370.84
44626,373.38
44643,340.36
44658,294.64
44675,297.18
44690,289.56
44705,289.56
44722,287.02
44737,340.36
44753,358.14
44769,355.60
44785,355.60
44801,355.60
44816,358.14
44832,358.14
44848,368.30
44864,365.76
44879,180.34
44896,190.50
44911,190.50
44926,190.50
44943,325.12
44958,322.58
44975,124.46
44990,132.08
45005,132.08
45022,132.08
45037,165.10
45053,165.10
45069,165.10
45085,129.54
45101,132.08
45116,132.08
45132,129.54
45148,129.54
45164,132.08
45179,129.54
45195,129.54
45211,129.54
45227,132.08
45243,129.54
45258,129.54
45275,129.54
45290,132.08
45305,132.08
45322,129.54
45337,129.54
45353,129.54
45369,129.54
45384,129.54
45401,129.54
45416,129.54
45432,129.54
45448,132.08
45464,132.08
45479,129.54
45495,129.54
45511,129.54
45527,129.54
45543,129.54
45558,129.54
45575,132.08
45590,132.08
45605,134.62
45622,114.30
45637,116.84
45654,116.84
45669,111.76
45684,111.76
45701,114.30
45716,111.76
45732,111.76
45748,111.76
45764,111.76
45779,111.76
45795,114.30
45811,114.30
45827,111.76
45843,111.76
45858,111.76
45874,111.76
45890,114.30
45905,111.76
45922,111.76
45937,111.76
45954,111.76
45969,111.76
45984,111.76
46001,114.30
46016,111.76
46032,111.76
46048,114.30
46064,111.76
46080,111.76
46095,111.76
46111,111.76
46127,111.76
46143,111.76
46158,111.76
46174,111.76
46190,111.76
46205,111.76
46222,111.76
46237,111.76
46254,111.76
46269,111.76
46284,111.76
46301,111.76
46316,111.76
46332,111.76
46348,111.76
46364,111.76
46380,111.76
46395,111.76
46411,114.30
46427,114.30
46443,114.30
46458,121.92
46474,157.48
46490,157.48
46505,157.48
46522,157.48
46537,157.48
46554,157.48
46569,157.48
46584,157.48
46601,157.48
46616,157.48
46632,157.48
46648,157.48
46664,127.00
46680,127.00
46695,127.00
46711,160.02
46727,157.48
46743,157.48
46758,127.00
46774,124.46
46790,124.46
46806,129.54
46822,127.00
46837,127.00
46854,111.76
46869,116.84
46884,114.30
46901,116.84
46916,111.76
46932,111.76
46948,111.76
46963,111.76
46980,114.30
46995,114.30
47011,109.22
47027,109.22
47043,109.22
47058,111.76
47074,111.76
-1,-1
48090,109.22
48106,109.22
48121,109.22
48138,109.22
48153,111.76
48169,111.76
48185,111.76
48200,109.22
48217,111.76
48232,109.22
48248,111.76
48264,111.76
48280,114.30
48295,109.22
48311,109.22
48327,109.22
48343,111.76
48359,111.76
48374,111.76
48390,111.76
48406,111.76
48421,111.76
48438,111.76
48453,109.22
48470,109.22
48485,109.22
48500,111.76
48517,111.76
48532,111.76
48548,109.22
48564,109.22
48580,109.22
48595,111.76
48611,111.76
48627,111.76
48643,127.00
48659,127.00
48674,127.00
48690,127.00
48706,127.00
48721,127.00
48738,127.00
48753,127.00
48770,127.00
48785,127.00
48800,160.02
48817,160.02
48832,160.02
48848,157.48
48864,157.48
48879,157.48
48896,157.48
48911,157.48
48927,157.48
48943,157.48
48959,157.48
48974,157.48
48990,114.30
49006,114.30
49021,114.30
49038,114.30
49053,116.84
49070,116.84
49085,114.30
49100,114.30
49117,114.30
49132,111.76
49148,111.76
49164,114.30
49179,111.76
49196,111.76
49211,111.76
49227,114.30
49243,111.76
49259,111.76
49274,111.76
49290,111.76
49306,111.76
49321,111.76
49338,111.76
49353,111.76
49370,114.30
49385,111.76
49400,111.76
49417,111.76
49432,114.30
49448,114.30
49464,111.76
49479,111.76
49496,111.76
49511,111.76
49527,111.76
49543,114.30
49559,111.76
49574,111.76
49590,111.76
49606,114.30
49622,114.30
49638,111.76
49653,114.30
49670,111.76
49685,111.76
49700,111.76
49717,111.76
49732,114.30
49748,114.30
49764,114.30
49779,114.30
49796,114.30
49811,114.30
49827,132.08
49843,129.54
49859,129.54
49874,129.54
49890,129.54
49906,129.54
49922,129.54
49938,132.08
49953,129.54
49970,129.54
49985,129.54
50000,129.54
50017,129.54
50032,129.54
50049,129.54
50064,129.54
50079,132.08
50096,132.08
50111,132.08
50127,129.54
50143,129.54
50159,129.54
50174,132.08
50190,129.54
50206,129.54
50222,129.54
50238,129.54
50253,129.54
50269,129.54
50285,129.54
50300,129.54
50317,129.54
50332,129.54
50349,129.54
50364,129.54
50379,129.54
50396,132.08
50411,129.54
50427,180.34
50443,180.34
50459,180.34
50475,180.34
50490,320.04
50506,320.04
50522,154.94
50538,180.34
50553,180.34
50569,180.34
50585,353.06
50600,350.52
50617,350.52
50632,180.34
50649,180.34
50664,182.88
50679,121.92
50696,121.92
50711,121.92
50727,116.84
50743,116.84
50759,119.38
50775,119.38
-1,-1
51790,353.06
51806,353.06
51822,375.92
51837,373.38
51854,373.38
51869,350.52
51886,302.26
51901,294.64
51916,297.18
51933,370.84
51948,370.84
51964,368.30
51980,317.50
51996,299.72
52012,299.72
52027,289.56
52043,289.56
52059,292.10
52075,297.18
52090,297.18
52106,297.18
52122,353.06
52137,353.06
52154,101.60
52169,119.38
52186,119.38
52201,119.38
52216,116.84
52233,119.38
52248,119.38
52264,304.80
52280,299.72
52296,299.72
52312,299.72
52327,325.12
52343,325.12
52359,134.62
52375,134.62
52390,134.62
52406,134.62
52422,302.26
52438,302.26
52454,134.62
52469,134.62
52486,134.62
52501,132.08
52516,132.08
52533,132.08
52548,129.54
52564,129.54
52580,129.54
52596,129.54
52612,129.54
52627,132.08
52643,132.08
52659,129.54
52675,129.54
52690,129.54
52706,132.08
52722,129.54
52738,132.08
52754,129.54
52769,129.54
52786,132.08
52801,129.54
52816,132.08
52833,129.54
52848,129.54
52865,129.54
52880,129.54
52896,129.54
52912,129.54
52927,129.54
52943,132.08
52959,129.54
52975,129.54
52990,132.08
53006,129.54
53022,129.54
53038,132.08
53054,111.76
53069,111.76
53086,111.76
53101,111.76
53116,111.76
53133,111.76
53148,111.76
53165,111.76
53180,111.76
53195,111.76
53212,111.76
53227,111.76
53243,111.76
53259,111.76
53275,111.76
53291,111.76
53306,111.76
53322,111.76
53338,114.30
53354,111.76
53369,111.76
53386,111.76
53401,111.76
53416,111.76
53433,114.30
53448,111.76
53465,111.76
53480,111.76
53496,111.76
53512,111.76
53527,111.76
53543,111.76
53559,114.30
53575,114.30
53591,111.76
53606,111.76
53622,114.30
53638,111.76
53654,111.76
53669,111.76
53686,111.76
53701,111.76
53716,111.76
53733,111.76
53748,111.76
53765,111.76
53780,111.76
53796,111.76
53812,111.76
53827,111.76
53843,160.02
53859,157.48
53875,157.48
53891,160.02
53906,157.48
53922,157.48
53938,157.48
53954,157.48
53969,157.48
53986,160.02
54001,160.02
54017,157.48
54033,157.48
54048,127.00
54065,127.00
54080,129.54
54096,157.48
54112,157.48
54127,157.48
54144,129.54
54159,129.54
54175,127.00
54191,127.00
54206,127.00
54222,127.00
54238,114.30
54254,111.76
54269,111.76
54286,111.76
54301,111.76
54317,111.76
54333,111.76
54348,111.76
54365,111.76
54380,111.76
54395,109.22
54412,109.22
54427,109.22
54444,111.76
54459,111.76
54475,111.76
-1,-1
55491,109.22
55506,109.22
55522,109.22
55538,109.22
55554,109.22
55570,109.22
55585,109.22
55602,109.22
55617,109.22
55632,109.22
55649,109.22
55664,109.22
55681,111.76
55696,109.22
55712,109.22
55728,109.22
55743,109.22
55759,109.22
55775,109.22
55791,109.22
55806,111.76
55823,109.22
55838,109.22
55854,109.22
55870,109.22
55885,109.22
55902,109.22
55917,114.30
55932,111.76
55949,111.76
55964,111.76
55981,111.76
55996,111.76
56012,111.76
56028,111.76
56043,111.76
56059,111.76
56075,127.00
56091,127.00
56107,127.00
56123,124.46
56138,124.46
56154,127.00
56170,127.00
56185,127.00
56202,127.00
56217,157.48
56232,157.48
56249,157.48
56264,162.56
56281,157.48
56296,157.48
56312,157.48
56328,157.48
56343,157.48
56359,157.48
56375,114.30
56391,114.30
56407,114.30
56423,114.30
56438,114.30
56454,114.30
56470,114.30
56485,111.76
56502,111.76
56517,111.76
56532,111.76
56549,111.76
56564,111.76
56581,111.76
56596,111.76
56612,111.76
56628,111.76
56643,111.76
56659,111.76
56675,111.76
56691,114.30
56707,111.76
56723,111.76
56738,111.76
56754,111.76
56770,111.76
56785,111.76
56802,111.76
56817,111.76
56834,111.76
56849,111.76
56864,111.76
56881,111.76
56896,114.30
56912,111.76
56928,111.76
56943,111.76
56960,111.76
56975,111.76
56991,111.76
57007,111.76
57023,111.76
57038,114.30
57054,111.76
57070,111.76
57085,111.76
57102,111.76
57117,111.76
57133,111.76
57149,114.30
57164,119.38
57181,119.38
57196,119.38
57212,114.30
57228,116.84
57243,116.84
57260,132.08
57275,129.54
57291,129.54
57307,132.08
57323,132.08
57338,129.54
57354,129.54
57370,129.54
57385,132.08
57402,132.08
57417,132.08
57433,132.08
57449,132.08
57464,132.08
57481,132.08
57496,132.08
57512,132.08
57528,132.08
57543,132.08
57560,129.54
57575,129.54
57591,132.08
57607,129.54
57622,129.54
57638,129.54
57654,129.54
57670,129.54
57686,132.08
57702,132.08
57717,129.54
57733,129.54
57749,129.54
57764,129.54
57781,132.08
57796,129.54
57811,180.34
57828,180.34
57843,182.88
57860,304.80
57875,302.26
57891,299.72
57907,137.16
57922,137.16
57938,137.16
57954,139.70
57970,353.06
57986,350.52
58002,350.52
58017,373.38
58033,375.92
58049,373.38
58064,358.14
58081,355.60
58096,111.76
58113,121.92
58128,124.46
58143,124.46
58160,360.68
58175,360.68
-1,-1
59191,289.56
59207,294.64
59223,294.64
59239,121.92
59254,121.92
59270,124.46
59286,124.46
59301,287.02
59318,284.48
59333,96.52
59348,119.38
59365,119.38
59380,119.38
59397,350.52
59412,368.30
59428,365.76
59444,353.06
59459,302.26
59475,289.56
59491,119.38
59507,119.38
59523,119.38
59539,119.38
59554,350.52
59570,347.98
59586,119.38
59601,116.84
59618,116.84
59633,116.84
59649,363.22
59665,358.14
59680,360.68
59697,335.28
59712,320.04
59728,322.58
59744,177.80
59759,177.80
59776,180.34
59791,162.56
59807,165.10
59823,165.10
59839,132.08
59854,134.62
59870,134.62
59886,129.54
59901,129.54
59918,129.54
59933,129.54
59949,132.08
59965,129.54
59980,132.08
59997,129.54
60012,132.08
60028,129.54
60044,132.08
60059,129.54
60076,129.54
60091,132.08
60107,132.08
60123,132.08
60138,129.54
60154,129.54
60170,129.54
60186,132.08
60201,129.54
60218,132.08
60233,129.54
60249,129.54
60265,129.54
60280,129.54
60297,129.54
60312,132.08
60328,129.54
60344,132.08
60359,129.54
60376,129.54
60391,129.54
60407,129.54
60423,104.14
60438,104.14
60454,106.68
60470,111.76
60486,111.76
60502,114.30
60518,111.76
60533,114.30
60549,114.30
60565,114.30
60580,111.76
60597,111.76
60612,114.30
60627,114.30
60644,114.30
60659,116.84
60676,111.76
60691,111.76
60707,111.76
60723,111.76
60738,111.76
60754,111.76
60770,111.76
60786,111.76
60802,111.76
60818,111.76
60833,111.76
60849,111.76
60865,111.76
60880,111.76
60897,111.76
60912,111.76
60928,111.76
60944,111.76
60959,114.30
60976,111.76
60991,114.30
61007,114.30
61023,111.76
61038,111.76
61054,111.76
61070,111.76
61086,111.76
61102,111.76
61118,111.76
61133,111.76
61149,111.76
61165,119.38
61180,114.30
61197,114.30
61212,114.30
61228,114.30
61244,114.30
61259,114.30
61276,116.84
61291,114.30
61307,114.30
61323,160.02
61338,160.02
61355,160.02
61370,160.02
61386,157.48
61402,157.48
61418,157.48
61433,157.48
61449,157.48
61465,157.48
61480,157.48
61497,157.48
61512,109.22
61528,127.00
61544,127.00
61559,127.00
61576,127.00
61591,127.00
61607,127.00
61623,124.46
61638,124.46
61655,124.46
61670,101.60
61686,101.60
61702,104.14
61718,111.76
61733,111.76
61749,111.76
61765,109.22
61780,109.22
61797,109.22
61812,111.76
61828,111.76
61844,111.76
61859,109.22
61876,109.22
-1,-1
62892,111.76
62907,109.22
62923,109.22
62939,109.22
62954,109.22
62970,109.22
62986,109.22
63002,114.30
63017,114.30
63034,114.30
63049,109.22
63065,109.22
63081,109.22
63096,109.22
63113,109.22
63128,109.22
63144,109.22
63160,111.76
63175,111.76
63192,111.76
63207,111.76
63223,111.76
63239,111.76
63254,109.22
63270,109.22
63286,109.22
63302,109.22
63318,109.22
63334,109.22
63349,114.30
63365,111.76
63381,114.30
63396,114.30
63413,111.76
63428,111.76
63444,132.08
63460,127.00
63475,127.00
63492,129.54
63507,157.48
63523,157.48
63539,157.48
63554,104.14
63570,104.14
63586,106.68
63602,127.00
63618,127.00
63634,127.00
63649,127.00
63665,127.00
63681,127.00
63696,160.02
63713,160.02
63728,160.02
63744,157.48
63760,157.48
63775,160.02
63792,111.76
63807,116.84
63823,116.84
63839,116.84
63854,114.30
63870,114.30
63886,114.30
63902,114.30
63918,116.84
63934,116.84
63949,111.76
63965,111.76
63981,111.76
63996,111.76
64013,111.76
64028,114.30
64044,111.76
64060,111.76
64075,111.76
64092,111.76
64107,111.76
64123,111.76
64139,111.76
64154,111.76
64171,111.76
64186,116.84
64202,111.76
64218,111.76
64234,114.30
64249,111.76
64265,111.76
64281,111.76
64296,111.76
64313,114.30
64328,111.76
64344,111.76
64360,111.76
64375,111.76
64392,111.76
64407,111.76
64423,111.76
64439,111.76
64454,111.76
64471,111.76
64486,111.76
64502,114.30
64518,114.30
64534,111.76
64549,111.76
64565,111.76
64581,111.76
64596,111.76
64613,111.76
64628,111.76
64644,114.30
64660,114.30
64675,116.84
64692,129.54
64707,129.54
64723,129.54
64739,132.08
64754,129.54
64771,129.54
64786,129.54
64802,129.54
64818,132.08
64834,132.08
64849,132.08
64865,132.08
64881,129.54
64897,129.54
64913,132.08
64928,129.54
64944,129.54
64960,129.54
64975,129.54
64992,132.08
65007,132.08
65022,132.08
65039,129.54
65054,129.54
65071,129.54
65086,129.54
65102,129.54
65118,129.54
65133,129.54
65149,132.08
65165,129.54
65181,129.54
65197,129.54
65213,129.54
65228,129.54
65244,132.08
65260,129.54
65275,129.54
65292,177.80
65307,175.26
65323,177.80
65339,302.26
65354,299.72
65371,299.72
65386,116.84
65402,119.38
65418,119.38
65433,116.84
65449,116.84
65465,116.84
65481,114.30
65497,116.84
65513,116.84
65528,116.84
65544,116.84
65560,116.84
65575,116.84
-1,-1
66591,370.84
66608,370.84
66623,365.76
66639,314.96
66655,309.88
66670,309.88
66686,292.10
66702,294.64
66718,294.64
66734,294.64
66750,294.64
66765,294.64
66781,370.84
66797,370.84
66812,370.84
66829,337.82
66844,292.10
66860,154.94
66876,124.46
66891,124.46
66908,124.46
66923,218.44
66939,365.76
66955,363.22
66970,116.84
66987,119.38
67002,119.38
67018,114.30
67034,114.30
67050,114.30
67065,114.30
67081,317.50
67097,317.50
67112,134.62
67129,134.62
67144,137.16
67160,149.86
67176,165.10
67191,162.56
67208,106.68
67223,109.22
67239,109.22
67255,109.22
67270,129.54
67287,129.54
67302,129.54
67318,132.08
67334,129.54
67350,129.54
67365,129.54
67381,129.54
67397,132.08
67412,129.54
67429,129.54
67444,129.54
67460,129.54
67476,129.54
67491,129.54
67508,129.54
67523,129.54
67539,132.08
67555,129.54
67570,129.54
67587,129.54
67602,129.54
67618,129.54
67634,129.54
67650,129.54
67665,129.54
67681,132.08
67697,132.08
67713,129.54
67729,129.54
67744,129.54
67760,129.54
67776,132.08
67791,129.54
67808,129.54
67823,129.54
67840,129.54
67855,111.76
67870,111.76
67887,114.30
67902,111.76
67918,111.76
67934,111.76
67949,111.76
67965,111.76
67981,111.76
67997,114.30
68013,111.76
68029,111.76
68044,111.76
68060,111.76
68076,111.76
68091,111.76
68108,111.76
68123,114.30
68140,111.76
68155,111.76
68170,111.76
68187,114.30
68202,111.76
68218,114.30
68234,111.76
68250,111.76
68265,111.76
68281,111.76
68297,111.76
68313,111.76
68329,114.30
68344,111.76
68360,111.76
68376,111.76
68391,111.76
68408,111.76
68423,111.76
68440,114.30
68455,114.30
68470,111.76
68487,111.76
68502,111.76
68518,114.30
68534,111.76
68550,111.76
68566,111.76
68581,111.76
68597,114.30
68613,114.30
68629,114.30
68644,114.30
68660,114.30
68676,114.30
68691,114.30
68708,157.48
68723,157.48
68740,157.48
68755,157.48
68770,157.48
68787,157.48
68802,127.00
68818,127.00
68834,127.00
68850,127.00
68866,127.00
68881,127.00
68897,127.00
68913,127.00
68929,127.00
68944,157.48
68960,157.48
68976,160.02
68992,101.60
69008,101.60
69023,101.60
69040,116.84
69055,111.76
69070,111.76
69087,111.76
69102,111.76
69118,111.76
69134,111.76
69149,111.76
69166,111.76
69181,111.76
69197,111.76
69213,111.76
69229,111.76
69244,111.76
69260,111.76
69276,111.76
-1,-1
70292,111.76
70307,111.76
70324,111.76
70339,111.76
70355,111.76
70371,111.76
70386,111.76
70403,111.76
70418,111.76
70434,109.22
70450,109.22
70466,109.22
70481,114.30
70497,111.76
70513,111.76
70529,109.22
70545,109.22
70560,109.22
70576,114.30
70592,111.76
70607,111.76
70624,111.76
70639,109.22
70656,111.76
70671,111.76
70686,111.76
70703,109.22
70718,111.76
70734,111.76
70750,111.76
70765,111.76
70781,111.76
70797,111.76
70813,111.76
70829,124.46
70845,127.00
70860,124.46
70876,162.56
70892,157.48
70907,157.48
70924,124.46
70939,127.00
70956,129.54
70971,127.00
70986,127.00
71003,129.54
71018,127.00
71034,157.48
71050,157.48
71065,157.48
71081,157.48
71097,157.48
71113,157.48
71129,157.48
71145,157.48
71160,157.48
71176,157.48
71192,157.48
71207,157.48
71224,116.84
71239,114.30
71255,114.30
71271,111.76
71286,111.76
71303,114.30
71318,111.76
71334,111.76
71350,111.76
71365,111.76
71382,114.30
71397,114.30
71413,114.30
71429,111.76
71445,111.76
71460,111.76
71476,111.76
71492,114.30
71507,111.76
71524,111.76
71539,111.76
71555,111.76
71571,111.76
71586,111.76
71603,114.30
71618,111.76
71634,111.76
71650,111.76
71665,111.76
71682,114.30
71697,111.76
71713,111.76
71729,111.76
71745,111.76
71760,111.76
71776,111.76
71792,114.30
71808,114.30
71824,111.76
71839,111.76
71855,111.76
71871,111.76
71886,111.76
71903,111.76
71918,111.76
71934,114.30
71950,111.76
71965,114.30
71982,114.30
71997,111.76
72013,119.38
72029,119.38
72045,119.38
72060,132.08
72076,132.08
72092,132.08
72108,132.08
72124,129.54
72139,129.54
72155,129.54
72171,132.08
72186,132.08
72203,129.54
72218,134.62
72235,134.62
72250,134.62
72265,129.54
72282,129.54
72297,129.54
72313,129.54
72329,132.08
72344,132.08
72360,129.54
72376,129.54
72392,132.08
72408,129.54
72424,129.54
72439,129.54
72455,129.54
72471,129.54
72486,129.54
72503,132.08
72518,129.54
72534,132.08
72550,129.54
72565,129.54
72582,132.08
72597,129.54
72613,132.08
72629,132.08
72644,132.08
72660,177.80
72676,177.80
72692,177.80
72708,177.80
72723,304.80
72739,299.72
72755,299.72
72771,182.88
72786,182.88
72803,182.88
72818,320.04
72834,317.50
72850,317.50
72865,317.50
72882,368.30
72897,368.30
72913,365.76
72929,375.92
72944,378.46
72961,375.92
72976,365.76
-1,-1
73992,297.18
74008,370.84
74023,373.38
74040,373.38
74055,355.60
74071,309.88
74087,297.18
74102,297.18
74119,370.84
74134,370.84
74150,373.38
74166,378.46
74181,375.92
74198,373.38
74213,368.30
74229,370.84
74245,373.38
74260,370.84
74276,370.84
74292,373.38
74308,370.84
74323,370.84
74340,370.84
74355,365.76
74371,368.30
74387,368.30
74402,119.38
74419,119.38
74434,121.92
74450,124.46
74466,370.84
74481,365.76
74498,365.76
74513,317.50
74529,309.88
74545,137.16
74561,137.16
74576,137.16
74592,132.08
74608,134.62
74624,132.08
74640,129.54
74655,132.08
74671,132.08
74687,129.54
74702,129.54
74719,129.54
74734,129.54
74750,129.54
74766,129.54
74781,132.08
74798,129.54
74813,129.54
74829,129.54
74845,129.54
74861,129.54
74876,129.54
74892,129.54
74908,129.54
74924,129.54
74940,129.54
74955,129.54
74971,132.08
74987,132.08
75002,132.08
75019,129.54
75034,132.08
75051,162.56
75066,162.56
75081,165.10
75098,134.62
75113,132.08
75129,132.08
75145,132.08
75160,129.54
75176,129.54
75192,129.54
75208,132.08
75224,129.54
75240,111.76
75255,111.76
75271,114.30
75287,111.76
75302,114.30
75319,111.76
75334,111.76
75351,111.76
75366,111.76
75381,111.76
75398,111.76
75413,114.30
75429,111.76
75445,111.76
75460,111.76
75476,111.76
75492,111.76
75508,111.76
75524,111.76
75540,111.76
75555,111.76
75571,111.76
75587,111.76
75602,111.76
75619,111.76
75634,111.76
75651,111.76
75666,111.76
75681,114.30
75698,111.76
75713,114.30
75729,114.30
75745,111.76
75760,114.30
75777,111.76
75792,111.76
75808,111.76
75824,111.76
75840,114.30
75855,111.76
75871,114.30
75887,111.76
75902,111.76
75919,114.30
75934,114.30
75951,114.30
75966,114.30
75981,111.76
75998,111.76
76013,114.30
76029,162.56
76045,157.48
76060,157.48
76077,160.02
76092,160.02
76108,160.02
76124,157.48
76140,157.48
76155,157.48
76171,160.02
76187,157.48
76203,157.48
76219,157.48
76234,157.48
76251,160.02
76266,157.48
76281,157.48
76298,157.48
76313,157.48
76329,124.46
76345,124.46
76360,124.46
76377,160.02
76392,162.56
76408,162.56
76424,129.54
76440,127.00
76455,124.46
76471,101.60
76487,101.60
76503,101.60
76519,119.38
76534,111.76
76551,111.76
76566,111.76
76581,111.76
76598,111.76
76613,111.76
76630,111.76
76645,109.22
76661,111.76
76677,111.76
-1,-1
77692,109.22
77708,109.22
77724,109.22
77740,109.22
77756,116.84
77771,111.76
77788,111.76
77803,111.76
77818,109.22
77835,109.22
77850,109.22
77867,109.22
77882,109.22
77897,109.22
77914,109.22
77929,109.22
77945,109.22
77961,109.22
77977,109.22
77992,109.22
78008,111.76
78024,111.76
78040,111.76
78056,111.76
78071,111.76
78088,111.76
78103,111.76
78118,111.76
78135,111.76
78150,111.76
78167,111.76
78182,111.76
78197,111.76
78214,127.00
78229,127.00
78245,127.00
78261,160.02
78277,160.02
78292,160.02
78308,124.46
78324,124.46
78340,124.46
78356,160.02
78371,160.02
78388,160.02
78403,157.48
78418,157.48
78435,160.02
78450,160.02
78467,157.48
78482,157.48
78497,157.48
78514,157.48
78529,157.48
78545,157.48
78561,157.48
78577,157.48
78593,157.48
78608,119.38
78624,119.38
78640,119.38
78656,111.76
78671,111.76
78688,111.76
78703,114.30
78718,114.30
78735,114.30
78750,111.76
78767,111.76
78782,111.76
78797,111.76
78814,111.76
78829,114.30
78845,111.76
78861,114.30
78877,116.84
78893,114.30
78908,111.76
78924,111.76
78940,111.76
78956,114.30
78971,116.84
78988,116.84
79003,111.76
79019,111.76
79035,111.76
79050,114.30
79067,114.30
79082,111.76
79097,111.76
79114,111.76
79129,111.76
79145,111.76
79161,111.76
79177,114.30
79193,114.30
79208,111.76
79224,111.76
79240,111.76
79256,111.76
79271,111.76
79288,111.76
79303,114.30
79319,114.30
79335,114.30
79350,111.76
79367,111.76
79382,114.30
79397,114.30
79414,114.30
79429,114.30
79446,132.08
79461,129.54
79477,129.54
79493,129.54
79508,129.54
79524,129.54
79540,132.08
79556,162.56
79571,162.56
79588,162.56
79603,129.54
79619,129.54
79635,132.08
79650,129.54
79667,132.08
79682,129.54
79697,132.08
79714,132.08
79729,132.08
79746,132.08
79761,132.08
79777,132.08
79793,129.54
79808,132.08
79824,129.54
79840,129.54
79856,129.54
79872,129.54
79887,129.54
79903,129.54
79919,132.08
79935,132.08
79950,132.08
79967,132.08
79982,132.08
79997,167.64
80014,165.10
80029,165.10
80046,177.80
80061,177.80
80077,177.80
80093,177.80
80108,304.80
80124,302.26
80140,172.72
80156,180.34
80172,180.34
80187,99.06
80203,101.60
80219,101.60
80235,119.38
80250,119.38
80267,119.38
80282,119.38
80297,116.84
80314,116.84
80329,116.84
80346,116.84
80361,116.84
80376,116.84
-1,-1
81393,287.02
81409,287.02
81424,287.02
81440,287.02
81456,289.56
81472,287.02
81487,365.76
81503,368.30
81519,370.84
81534,353.06
81551,304.80
81566,294.64
81583,287.02
81598,289.56
81613,289.56
81630,289.56
81645,363.22
81661,365.76
81677,365.76
81693,370.84
81709,370.84
81724,370.84
81740,368.30
81756,368.30
81772,119.38
81787,121.92
81803,121.92
81819,124.46
81835,182.88
81851,182.88
81866,182.88
81883,304.80
81898,304.80
81913,302.26
81930,182.88
81945,182.88
81961,182.88
81977,134.62
81993,134.62
82009,134.62
82024,165.10
82040,165.10
82056,165.10
82072,132.08
82087,134.62
82103,134.62
82119,129.54
82135,129.54
82151,129.54
82166,134.62
82183,129.54
82198,132.08
82213,129.54
82230,129.54
82245,132.08
82262,132.08
82277,132.08
82292,129.54
82309,132.08
82324,129.54
82340,132.08
82356,132.08
82372,129.54
82387,132.08
82403,132.08
82419,165.10
82435,162.56
82451,162.56
82466,106.68
82482,109.22
82498,109.22
82513,132.08
82530,134.62
82545,134.62
82562,132.08
82577,129.54
82592,132.08
82609,129.54
82624,132.08
82640,129.54
82656,132.08
82671,111.76
82688,111.76
82703,114.30
82719,111.76
82735,111.76
82751,111.76
82766,114.30
82782,114.30
82798,116.84
82813,111.76
82830,111.76
82845,111.76
82862,111.76
82877,111.76
82892,111.76
82909,111.76
82924,111.76
82940,111.76
82956,114.30
82972,111.76
82988,111.76
83003,111.76
83019,111.76
83035,111.76
83051,111.76
83066,111.76
83082,114.30
83098,114.30
83113,111.76
83130,111.76
83145,111.76
83162,111.76
83177,114.30
83192,111.76
83209,111.76
83224,111.76
83240,111.76
83256,111.76
83272,111.76
83288,111.76
83303,111.76
83319,111.76
83335,111.76
83351,114.30
83366,111.76
83382,111.76
83398,111.76
83414,114.30
83430,114.30
83445,114.30
83462,114.30
83477,114.30
83492,114.30
83509,162.56
83524,157.48
83540,157.48
83556,157.48
83571,157.48
83588,157.48
83603,162.56
83619,157.48
83635,157.48
83651,116.84
83666,104.14
83682,104.14
83698,106.68
83714,129.54
83730,127.00
83745,129.54
83762,160.02
83777,160.02
83792,160.02
83809,104.14
83824,104.14
83841,106.68
83856,111.76
83871,111.76
83888,111.76
83903,114.30
83919,111.76
83935,111.76
83951,111.76
83966,114.30
83982,114.30
83998,111.76
84014,109.22
84030,109.22
84045,109.22
84062,116.84
84077,116.84
-1,-1
85093,109.22
85108,109.22
85125,109.22
85140,111.76
85156,109.22
85172,109.22
85188,109.22
85203,111.76
85219,111.76
85235,109.22
85251,109.22
85267,109.22
85282,109.22
85298,109.22
85314,111.76
85329,109.22
85346,109.22
85361,109.22
85378,109.22
85393,109.22
85408,109.22
85425,114.30
85440,111.76
85456,111.76
85472,111.76
85488,109.22
85504,109.22
85519,109.22
85535,114.30
85551,111.76
85567,111.76
85582,111.76
85599,111.76
85614,114.30
85629,111.76
85646,129.54
85661,129.54
85678,127.00
85693,157.48
85708,157.48
85725,157.48
85740,129.54
85756,127.00
85772,127.00
85788,127.00
85804,127.00
85819,127.00
85835,160.02
85851,160.02
85867,160.02
85882,157.48
85898,157.48
85914,157.48
85929,157.48
85946,157.48
85961,157.48
85978,127.00
85993,114.30
86008,114.30
86025,114.30
86040,111.76
86056,111.76
86072,111.76
86088,111.76
86104,114.30
86119,111.76
86135,111.76
86151,111.76
86167,114.30
86182,111.76
86198,111.76
86214,111.76
86230,111.76
86246,111.76
86261,111.76
86278,111.76
86293,111.76
86308,111.76
86325,111.76
86340,111.76
86356,111.76
86372,111.76
86388,111.76
86404,111.76
86419,111.76
86435,111.76
86451,111.76
86467,111.76
86482,111.76
86498,111.76
86514,111.76
86530,111.76
86546,114.30
86561,114.30
86578,111.76
86593,111.76
86608,111.76
86625,111.76
86640,111.76
86657,111.76
86672,111.76
86688,111.76
86704,111.76
86719,111.76
86735,111.76
86751,111.76
86767,114.30
86782,114.30
86799,114.30
86814,114.30
86830,114.30
86846,114.30
86861,116.84
86878,129.54
86893,129.54
86908,129.54
86925,132.08
86940,132.08
86957,132.08
86972,132.08
86988,129.54
87004,132.08
87019,132.08
87035,162.56
87051,162.56
87067,165.10
87083,132.08
87098,132.08
87114,129.54
87130,129.54
87146,129.54
87161,129.54
87178,129.54
87193,129.54
87208,129.54
87225,83.82
87240,83.82
87257,83.82
87272,132.08
87287,134.62
87304,134.62
87319,129.54
87335,132.08
87351,129.54
87366,129.54
87383,132.08
87398,132.08
87414,129.54
87430,132.08
87446,132.08
87461,134.62
87477,119.38
87493,119.38
87508,119.38
87525,116.84
87540,116.84
87557,119.38
87572,116.84
87587,116.84
87604,121.92
87619,182.88
87635,182.88
87651,182.88
87666,96.52
87683,99.06
87698,99.06
87714,99.06
87730,370.84
87745,368.30
87761,363.22
87777,353.06
-1,-1
