14,299.72
30,299.72
46,347.98
61,355.60
77,353.06
93,116.84
108,119.38
124,119.38
140,119.38
155,297.18
172,297.18
187,294.64
202,287.02
219,287.02
234,121.92
249,119.38
265,119.38
281,119.38
296,353.06
312,347.98
328,246.38
344,121.92
360,121.92
375,124.46
391,124.46
407,358.14
422,358.14
438,355.60
454,353.06
470,353.06
485,170.18
501,172.72
517,172.72
532,167.64
548,162.56
564,162.56
579,162.56
595,162.56
611,162.56
626,162.56
643,160.02
658,160.02
673,160.02
689,160.02
705,160.02
720,160.02
736,160.02
752,160.02
768,160.02
783,160.02
799,160.02
815,160.02
830,160.02
846,160.02
862,160.02
877,162.56
893,162.56
909,162.56
924,160.02
941,160.02
956,160.02
971,160.02
988,160.02
1003,160.02
1018,162.56
1035,160.02
1050,160.02
1067,160.02
1082,160.02
1097,160.02
1114,160.02
1129,160.02
1144,160.02
1161,160.02
1176,160.02
1192,160.02
1208,160.02
1223,116.84
1240,119.38
1255,119.38
1270,116.84
1287,114.30
1302,116.84
1318,114.30
1334,111.76
1349,111.76
1366,111.76
1381,114.30
1396,111.76
1413,114.30
1428,111.76
1444,111.76
1460,111.76
1475,111.76
1491,114.30
1507,114.30
1522,111.76
1539,111.76
1554,111.76
1570,111.76
1586,114.30
1601,114.30
1617,111.76
1633,111.76
1648,111.76
1665,111.76
1680,111.76
1696,111.76
1712,114.30
1727,111.76
1743,111.76
1759,111.76
1774,111.76
1790,111.76
1806,114.30
1822,111.76
1838,111.76
1853,111.76
1869,111.76
1885,111.76
1900,111.76
1916,111.76
1932,111.76
1948,111.76
1964,111.76
1979,111.76
1995,114.30
2011,119.38
2026,114.30
2042,114.30
2058,114.30
2074,114.30
2089,114.30
2105,114.30
2121,127.00
2137,129.54
2152,127.00
2168,134.62
2184,134.62
2200,134.62
2215,127.00
2231,124.46
2247,124.46
2263,129.54
2278,127.00
2294,127.00
2310,127.00
2326,365.76
2341,360.68
2357,360.68
2373,129.54
2388,129.54
2404,129.54
2420,129.54
2436,129.54
2452,129.54
2467,104.14
2483,104.14
2499,106.68
2514,114.30
2530,114.30
2546,114.30
2562,111.76
2578,109.22
2593,111.76
2609,109.22
2625,109.22
2640,109.22
2656,109.22
2672,111.76
2688,109.22
-1,-1
3703,109.22
3720,109.22
3735,111.76
3750,109.22
3767,109.22
3782,109.22
3799,111.76
3814,109.22
3829,109.22
3846,109.22
3861,109.22
3876,109.22
3893,109.22
3908,109.22
3924,109.22
3940,109.22
3955,109.22
3972,109.22
3987,109.22
4002,111.76
4019,109.22
4034,109.22
4050,109.22
4066,109.22
4081,109.22
4098,109.22
4113,109.22
4128,109.22
4145,114.30
4160,114.30
4176,114.30
4192,111.76
4207,111.76
4224,111.76
4239,121.92
4255,124.46
4271,127.00
4286,124.46
4302,132.08
4318,132.08
4333,132.08
4349,127.00
4365,127.00
4380,127.00
4397,127.00
4412,127.00
4428,129.54
4444,127.00
4459,127.00
4475,129.54
4491,127.00
4506,127.00
4523,127.00
4538,127.00
4554,127.00
4570,127.00
4585,109.22
4601,114.30
4617,114.30
4633,114.30
4648,114.30
4664,114.30
4680,116.84
4696,111.76
4711,111.76
4727,111.76
4743,111.76
4758,111.76
4774,114.30
4790,111.76
4806,111.76
4822,111.76
4837,111.76
4853,111.76
4869,111.76
4885,111.76
4900,111.76
4916,111.76
4932,111.76
4947,111.76
4963,111.76
4979,114.30
4995,111.76
5011,111.76
5026,111.76
5042,111.76
5058,111.76
5073,111.76
5089,111.76
5105,111.76
5121,111.76
5137,111.76
5152,111.76
5168,111.76
5184,111.76
5199,111.76
5215,111.76
5231,111.76
5246,111.76
5263,111.76
5278,111.76
5294,111.76
5310,111.76
5325,111.76
5341,111.76
5357,111.76
5372,111.76
5389,162.56
5404,162.56
5420,162.56
5436,162.56
5451,162.56
5467,162.56
5483,162.56
5498,162.56
5515,162.56
5530,160.02
5545,160.02
5562,160.02
5577,160.02
5593,160.02
5609,162.56
5624,160.02
5641,162.56
5656,162.56
5671,162.56
5688,160.02
5703,160.02
5719,162.56
5735,162.56
5750,162.56
5767,162.56
5782,160.02
5797,160.02
5814,160.02
5829,162.56
5844,160.02
5861,160.02
5876,162.56
5893,160.02
5908,160.02
5923,160.02
5940,162.56
5955,162.56
5970,162.56
5987,162.56
6002,162.56
6019,162.56
6034,160.02
6049,162.56
6066,160.02
6081,167.64
6096,167.64
6113,167.64
6128,165.10
6145,165.10
6160,165.10
6175,119.38
6192,116.84
6207,116.84
6222,116.84
6239,350.52
6254,345.44
6270,101.60
6286,116.84
6301,119.38
6318,119.38
6333,340.36
6348,347.98
6365,347.98
6380,347.98
-1,-1
7396,365.76
7412,365.76
7428,378.46
7443,378.46
7459,378.46
7475,342.90
7491,299.72
7506,152.40
7522,119.38
7538,119.38
7554,121.92
7569,256.54
7585,355.60
7601,358.14
7617,355.60
7632,347.98
7648,353.06
7664,350.52
7680,353.06
7695,350.52
7711,350.52
7727,350.52
7743,350.52
7758,353.06
7774,353.06
7790,353.06
7805,353.06
7821,350.52
7837,353.06
7853,350.52
7869,332.74
7884,317.50
7900,320.04
7916,162.56
7931,165.10
7947,165.10
7963,121.92
7979,121.92
7995,121.92
8010,160.02
8026,160.02
8042,162.56
8057,160.02
8073,160.02
8089,160.02
8104,165.10
8121,162.56
8136,160.02
8152,160.02
8168,162.56
8183,162.56
8199,162.56
8215,160.02
8230,160.02
8247,162.56
8262,162.56
8278,162.56
8294,162.56
8309,160.02
8325,160.02
8341,160.02
8356,160.02
8373,160.02
8388,160.02
8403,160.02
8420,160.02
8435,160.02
8451,162.56
8467,160.02
8482,162.56
8499,167.64
8514,167.64
8529,167.64
8546,167.64
8561,165.10
8577,165.10
8593,165.10
8608,160.02
8625,160.02
8640,160.02
8655,165.10
8672,162.56
8687,162.56
8702,116.84
8719,116.84
8734,116.84
8751,114.30
8766,116.84
8781,116.84
8798,111.76
8813,111.76
8828,111.76
8845,111.76
8860,111.76
8877,111.76
8892,111.76
8907,111.76
8924,111.76
8939,111.76
8955,111.76
8971,111.76
8986,111.76
9003,111.76
9018,111.76
9033,111.76
9050,111.76
9065,111.76
9081,114.30
9097,111.76
9112,114.30
9128,111.76
9144,111.76
9159,111.76
9176,114.30
9191,111.76
9207,111.76
9223,111.76
9238,111.76
9254,111.76
9270,111.76
9285,111.76
9302,111.76
9317,111.76
9333,114.30
9349,114.30
9364,114.30
9380,114.30
9396,114.30
9411,114.30
9427,116.84
9443,114.30
9459,114.30
9475,116.84
9490,127.00
9506,127.00
9522,127.00
9537,127.00
9553,127.00
9569,127.00
9585,127.00
9601,127.00
9616,124.46
9632,124.46
9648,127.00
9663,127.00
9679,127.00
9695,127.00
9711,129.54
9726,127.00
9742,127.00
9758,127.00
9774,127.00
9789,124.46
9805,124.46
9821,127.00
9837,114.30
9852,111.76
9868,114.30
9884,114.30
9900,111.76
9915,114.30
9931,111.76
9947,111.76
9963,111.76
9978,111.76
9994,109.22
10010,109.22
10025,109.22
10042,109.22
10057,109.22
10073,109.22
-1,-1
11088,109.22
11105,109.22
11120,109.22
11137,109.22
11152,111.76
11168,109.22
11184,109.22
11199,109.22
11215,111.76
11231,109.22
11247,109.22
11262,109.22
11279,109.22
11294,109.22
11310,109.22
11326,109.22
11341,109.22
11358,109.22
11373,109.22
11388,109.22
11405,109.22
11420,109.22
11437,109.22
11452,109.22
11468,109.22
11484,109.22
11499,109.22
11515,116.84
11531,111.76
11547,111.76
11563,111.76
11579,111.76
11594,111.76
11610,111.76
11626,127.00
11641,127.00
11658,127.00
11673,124.46
11688,127.00
11705,124.46
11720,127.00
11737,127.00
11752,127.00
11768,129.54
11784,129.54
11799,127.00
11815,124.46
11831,124.46
11847,124.46
11863,132.08
11878,127.00
11894,127.00
11910,129.54
11926,129.54
11941,129.54
11958,129.54
11973,114.30
11988,114.30
12005,114.30
12020,114.30
12037,114.30
12052,116.84
12067,116.84
12084,116.84
12099,114.30
12115,111.76
12131,111.76
12147,111.76
12163,114.30
12178,111.76
12194,111.76
12210,111.76
12226,111.76
12241,111.76
12258,111.76
12273,111.76
12289,114.30
12305,111.76
12320,111.76
12337,111.76
12352,114.30
12367,111.76
12384,111.76
12399,111.76
12416,111.76
12431,111.76
12447,111.76
12463,111.76
12478,111.76
12494,111.76
12510,111.76
12526,114.30
12541,111.76
12558,114.30
12573,111.76
12589,111.76
12605,114.30
12620,114.30
12637,111.76
12652,114.30
12667,111.76
12684,111.76
12699,111.76
12716,111.76
12731,111.76
12747,111.76
12763,162.56
12778,162.56
12794,162.56
12810,162.56
12826,162.56
12841,162.56
12857,160.02
12873,160.02
12889,160.02
12905,165.10
12920,160.02
12937,160.02
12952,160.02
12967,162.56
12984,162.56
12999,162.56
13016,162.56
13031,162.56
13046,162.56
13063,162.56
13078,162.56
13094,162.56
13110,160.02
13126,162.56
13142,160.02
13157,162.56
13173,160.02
13189,162.56
13205,162.56
13220,162.56
13236,160.02
13252,160.02
13267,160.02
13284,160.02
13299,160.02
13316,160.02
13331,160.02
13346,162.56
13363,160.02
13378,160.02
13394,162.56
13410,162.56
13426,162.56
13442,162.56
13457,116.84
13473,116.84
13489,119.38
13505,116.84
13520,116.84
13536,119.38
13552,116.84
13568,119.38
13584,119.38
13599,116.84
13616,116.84
13631,116.84
13646,116.84
13663,116.84
13678,116.84
13694,119.38
13710,210.82
13725,210.82
13742,182.88
13757,119.38
13773,119.38
-1,-1
14789,353.06
14804,363.22
14821,363.22
14836,363.22
14852,360.68
14868,360.68
14883,360.68
14900,360.68
14915,360.68
14931,363.22
14947,360.68
14962,360.68
14979,363.22
14994,363.22
15010,363.22
15026,360.68
15042,360.68
15057,355.60
15073,355.60
15089,355.60
15105,368.30
15121,368.30
15136,119.38
15152,119.38
15168,121.92
15183,116.84
15200,114.30
15215,116.84
15232,116.84
15247,358.14
15262,355.60
15279,101.60
15294,119.38
15310,119.38
15326,119.38
15342,114.30
15357,116.84
15373,116.84
15389,119.38
15405,119.38
15421,119.38
15436,160.02
15452,160.02
15468,160.02
15483,160.02
15500,162.56
15515,162.56
15532,160.02
15547,160.02
15562,160.02
15579,160.02
15594,160.02
15610,160.02
15626,160.02
15641,160.02
15657,160.02
15673,160.02
15689,160.02
15705,160.02
15721,160.02
15736,160.02
15752,160.02
15768,160.02
15783,162.56
15800,160.02
15815,160.02
15831,162.56
15847,162.56
15862,160.02
15879,160.02
15894,162.56
15910,162.56
15926,160.02
15941,160.02
15958,160.02
15973,165.10
15989,162.56
16005,162.56
16021,109.22
16036,114.30
16052,116.84
16068,114.30
16083,114.30
16100,114.30
16115,116.84
16131,111.76
16147,111.76
16162,111.76
16179,111.76
16194,114.30
16210,114.30
16226,116.84
16241,114.30
16258,114.30
16273,111.76
16289,111.76
16305,111.76
16321,111.76
16336,111.76
16352,111.76
16368,111.76
16384,111.76
16400,111.76
16415,111.76
16431,111.76
16447,111.76
16462,111.76
16479,111.76
16494,111.76
16510,111.76
16526,111.76
16541,111.76
16558,111.76
16573,111.76
16589,111.76
16605,111.76
16621,111.76
16636,111.76
16652,111.76
16668,111.76
16684,111.76
16700,111.76
16715,114.30
16731,114.30
16747,114.30
16762,114.30
16779,114.30
16794,114.30
16811,114.30
16826,114.30
16841,114.30
16858,116.84
16873,129.54
16889,129.54
16905,129.54
16920,127.00
16936,127.00
16952,129.54
16968,127.00
16984,129.54
17000,129.54
17015,127.00
17031,127.00
17047,127.00
17062,127.00
17079,127.00
17094,127.00
17111,127.00
17126,127.00
17141,127.00
17158,127.00
17173,127.00
17189,127.00
17205,127.00
17220,127.00
17236,127.00
17252,127.00
17268,111.76
17284,111.76
17299,111.76
17315,114.30
17331,111.76
17347,111.76
17362,114.30
17379,111.76
17394,114.30
17410,109.22
17426,109.22
17441,109.22
17458,109.22
17473,109.22
-1,-1
18489,111.76
18505,109.22
18521,109.22
18536,109.22
18552,109.22
18568,109.22
18584,109.22
18599,109.22
18616,109.22
18631,109.22
18647,109.22
18663,109.22
18678,111.76
18695,109.22
18710,109.22
18726,109.22
18742,109.22
18757,109.22
18774,109.22
18789,109.22
18805,109.22
18821,109.22
18836,111.76
18852,111.76
18868,109.22
18884,111.76
18899,111.76
18916,111.76
18931,111.76
18947,111.76
18963,111.76
18978,111.76
18995,114.30
19010,114.30
19026,114.30
19042,129.54
19057,127.00
19074,127.00
19089,127.00
19105,124.46
19121,124.46
19136,124.46
19152,127.00
19168,129.54
19184,127.00
19200,127.00
19216,127.00
19231,127.00
19247,127.00
19263,127.00
19278,127.00
19295,127.00
19310,127.00
19325,127.00
19342,129.54
19357,129.54
19374,129.54
19389,104.14
19405,104.14
19421,104.14
19436,116.84
19452,114.30
19468,114.30
19484,114.30
19500,111.76
19516,111.76
19531,114.30
19547,111.76
19563,111.76
19578,111.76
19595,111.76
19610,111.76
19625,111.76
19642,111.76
19657,111.76
19674,111.76
19689,111.76
19705,111.76
19721,111.76
19736,116.84
19752,114.30
19768,114.30
19784,111.76
19800,111.76
19816,111.76
19831,111.76
19847,111.76
19863,111.76
19878,114.30
19895,111.76
19910,111.76
19926,111.76
19942,111.76
19957,111.76
19974,111.76
19989,111.76
20005,111.76
20021,111.76
20036,111.76
20052,111.76
20068,111.76
20084,111.76
20100,111.76
20115,111.76
20131,114.30
20147,114.30
20163,114.30
20178,165.10
20195,162.56
20210,162.56
20226,162.56
20242,162.56
20257,162.56
20274,162.56
20289,160.02
20305,160.02
20321,160.02
20336,167.64
20353,165.10
20368,167.64
20384,160.02
20400,160.02
20415,165.10
20431,165.10
20447,162.56
20463,165.10
20478,160.02
20495,160.02
20510,160.02
20526,162.56
20542,160.02
20557,160.02
20574,160.02
20589,160.02
20604,160.02
20621,160.02
20636,160.02
20653,160.02
20668,160.02
20684,160.02
20700,160.02
20715,162.56
20731,162.56
20747,160.02
20763,162.56
20779,162.56
20794,162.56
20810,162.56
20826,119.38
20842,121.92
20857,121.92
20874,116.84
20889,114.30
20904,114.30
20921,121.92
20936,119.38
20953,116.84
20968,119.38
20984,119.38
21000,116.84
21015,119.38
21031,119.38
21047,119.38
21063,119.38
21079,119.38
21094,347.98
21110,345.44
21126,345.44
21142,350.52
21157,350.52
21174,350.52
-1,-1
22190,287.02
22205,289.56
22220,353.06
22237,363.22
22252,365.76
22268,353.06
22284,304.80
22300,294.64
22316,292.10
22331,294.64
22347,297.18
22363,297.18
22379,289.56
22394,289.56
22411,289.56
22426,350.52
22441,350.52
22458,347.98
22473,355.60
22490,355.60
22505,111.76
22520,124.46
22537,124.46
22552,111.76
22568,116.84
22584,119.38
22600,119.38
22616,119.38
22631,119.38
22647,119.38
22663,121.92
22679,121.92
22694,121.92
22711,114.30
22726,116.84
22742,116.84
22758,121.92
22773,121.92
22790,121.92
22805,116.84
22820,116.84
22837,116.84
22852,124.46
22868,162.56
22884,162.56
22900,162.56
22916,162.56
22931,160.02
22947,162.56
22963,160.02
22979,160.02
22994,162.56
23010,160.02
23026,160.02
23042,160.02
23058,162.56
23073,160.02
23090,160.02
23105,160.02
23120,160.02
23137,160.02
23152,160.02
23169,160.02
23184,160.02
23199,160.02
23216,160.02
23231,160.02
23247,162.56
23263,162.56
23279,162.56
23294,162.56
23310,160.02
23326,160.02
23342,160.02
23358,167.64
23373,167.64
23389,167.64
23405,162.56
23420,162.56
23437,162.56
23452,114.30
23469,114.30
23484,116.84
23499,111.76
23516,111.76
23531,111.76
23547,111.76
23563,114.30
23579,114.30
23595,111.76
23610,111.76
23626,111.76
23642,114.30
23658,111.76
23673,111.76
23689,111.76
23705,111.76
23720,111.76
23737,111.76
23752,111.76
23769,111.76
23784,111.76
23799,111.76
23816,111.76
23831,114.30
23847,114.30
23863,111.76
23879,111.76
23895,111.76
23910,111.76
23926,111.76
23942,111.76
23958,111.76
23973,111.76
23989,114.30
24005,111.76
24020,111.76
24037,111.76
24052,111.76
24069,111.76
24084,111.76
24099,111.76
24116,111.76
24131,111.76
24147,114.30
24163,114.30
24179,114.30
24195,114.30
24210,114.30
24226,114.30
24242,116.84
24258,114.30
24273,114.30
24289,129.54
24305,127.00
24321,127.00
24337,127.00
24352,127.00
24369,127.00
24384,81.28
24399,83.82
24416,83.82
24431,83.82
24446,129.54
24463,129.54
24478,129.54
24495,127.00
24510,124.46
24526,127.00
24542,124.46
24557,127.00
24573,124.46
24589,127.00
24605,127.00
24621,127.00
24636,114.30
24652,111.76
24668,111.76
24684,111.76
24699,111.76
24716,111.76
24731,111.76
24747,111.76
24763,111.76
24778,111.76
24795,109.22
24810,109.22
24826,109.22
24842,116.84
24857,116.84
24873,116.84
-1,-1
25889,109.22
25905,109.22
25921,109.22
25936,109.22
25953,109.22
25968,109.22
25984,109.22
26000,111.76
26015,109.22
26032,109.22
26047,111.76
26062,111.76
26079,109.22
26094,111.76
26110,111.76
26126,109.22
26142,109.22
26158,109.22
26173,109.22
26189,109.22
26205,109.22
26221,109.22
26236,109.22
26253,109.22
26268,114.30
26284,111.76
26300,111.76
26315,111.76
26332,111.76
26347,111.76
26362,111.76
26379,111.76
26394,111.76
26411,111.76
26426,111.76
26442,111.76
26458,111.76
26473,127.00
26489,127.00
26505,127.00
26521,124.46
26536,124.46
26553,124.46
26568,73.66
26584,73.66
26600,76.20
26615,127.00
26631,124.46
26647,124.46
26662,132.08
26679,129.54
26694,132.08
26711,129.54
26726,127.00
26741,129.54
26758,129.54
26773,104.14
26789,104.14
26805,104.14
26821,116.84
26836,116.84
26852,116.84
26868,114.30
26884,116.84
26900,114.30
26915,111.76
26931,111.76
26947,111.76
26962,114.30
26979,114.30
26994,114.30
27011,111.76
27026,111.76
27041,111.76
27058,111.76
27073,111.76
27089,111.76
27105,114.30
27121,111.76
27137,111.76
27152,111.76
27168,114.30
27184,114.30
27200,114.30
27215,111.76
27231,111.76
27247,111.76
27262,111.76
27279,111.76
27294,111.76
27311,111.76
27326,111.76
27341,111.76
27358,111.76
27373,114.30
27389,111.76
27405,111.76
27421,111.76
27437,111.76
27452,111.76
27468,114.30
27484,114.30
27500,111.76
27515,111.76
27531,111.76
27547,111.76
27563,111.76
27579,111.76
27594,114.30
27611,114.30
27626,114.30
27641,114.30
27658,160.02
27673,160.02
27689,160.02
27705,162.56
27720,160.02
27737,160.02
27752,160.02
27768,160.02
27784,160.02
27800,160.02
27815,160.02
27831,160.02
27847,160.02
27863,160.02
27879,160.02
27894,160.02
27910,160.02
27926,160.02
27941,160.02
27958,160.02
27973,160.02
27990,162.56
28005,160.02
28020,162.56
28037,160.02
28052,160.02
28068,160.02
28084,160.02
28099,160.02
28115,160.02
28131,160.02
28147,160.02
28163,160.02
28179,160.02
28194,160.02
28210,160.02
28226,160.02
28241,162.56
28258,119.38
28273,116.84
28289,116.84
28305,162.56
28320,162.56
28337,162.56
28352,162.56
28368,162.56
28384,162.56
28399,119.38
28416,116.84
28431,119.38
28447,116.84
28463,116.84
28479,116.84
28494,116.84
28510,353.06
28526,350.52
28541,279.40
28558,121.92
28573,121.92
-1,-1
29589,297.18
29604,353.06
29621,350.52
29636,353.06
29652,314.96
29668,289.56
29684,289.56
29700,360.68
29715,360.68
29731,363.22
29747,337.82
29763,294.64
29778,294.64
29795,292.10
29810,294.64
29826,294.64
29842,289.56
29857,289.56
29874,289.56
29889,289.56
29905,360.68
29921,358.14
29936,360.68
29953,363.22
29968,363.22
29984,365.76
30000,370.84
30015,368.30
30031,368.30
30047,353.06
30063,353.06
30078,312.42
30095,162.56
30110,165.10
30126,109.22
30142,121.92
30157,121.92
30174,121.92
30189,160.02
30205,160.02
30221,162.56
30236,162.56
30253,162.56
30268,162.56
30284,162.56
30300,162.56
30315,162.56
30331,160.02
30347,162.56
30363,162.56
30379,160.02
30395,160.02
30410,160.02
30426,160.02
30442,162.56
30457,162.56
30474,162.56
30489,160.02
30505,160.02
30521,160.02
30536,160.02
30553,162.56
30568,162.56
30584,160.02
30600,160.02
30615,160.02
30631,162.56
30647,162.56
30663,162.56
30679,160.02
30695,160.02
30710,160.02
30726,160.02
30742,160.02
30757,160.02
30774,167.64
30789,167.64
30804,167.64
30821,111.76
30836,119.38
30853,119.38
30868,119.38
30884,114.30
30900,116.84
30915,114.30
30931,114.30
30947,114.30
30963,114.30
30979,111.76
30995,111.76
31010,111.76
31026,111.76
31042,111.76
31057,114.30
31074,114.30
31089,114.30
31105,114.30
31121,111.76
31136,111.76
31153,111.76
31168,111.76
31184,111.76
31200,111.76
31215,111.76
31232,111.76
31247,111.76
31263,111.76
31279,111.76
31294,114.30
31310,111.76
31326,111.76
31342,111.76
31357,114.30
31374,114.30
31389,111.76
31405,114.30
31421,111.76
31436,111.76
31453,111.76
31468,111.76
31484,111.76
31500,114.30
31515,116.84
31532,114.30
31547,114.30
31563,114.30
31579,114.30
31594,114.30
31610,114.30
31626,132.08
31642,129.54
31657,129.54
31674,205.74
31689,205.74
31705,203.20
31721,132.08
31736,132.08
31753,134.62
31768,124.46
31784,124.46
31800,124.46
31815,127.00
31832,129.54
31847,127.00
31863,127.00
31879,127.00
31894,129.54
31910,127.00
31926,127.00
31942,127.00
31958,132.08
31974,127.00
31989,127.00
32005,127.00
32021,127.00
32036,127.00
32053,129.54
32068,127.00
32083,127.00
32100,127.00
32115,116.84
32132,116.84
32147,116.84
32163,111.76
32179,111.76
32194,111.76
32210,109.22
32226,109.22
32242,109.22
32258,114.30
32274,111.76
-1,-1
33290,109.22
33305,109.22
33320,109.22
33337,109.22
33352,111.76
33369,111.76
33384,111.76
33400,109.22
33416,109.22
33431,109.22
33447,109.22
33463,111.76
33479,111.76
33495,114.30
33510,111.76
33526,111.76
33542,111.76
33558,109.22
33573,111.76
33590,109.22
33605,109.22
33620,109.22
33637,109.22
33652,111.76
33669,111.76
33684,111.76
33700,111.76
33716,111.76
33731,111.76
33747,111.76
33763,111.76
33779,111.76
33795,124.46
33810,124.46
33826,124.46
33842,132.08
33858,129.54
33873,129.54
33890,127.00
33905,127.00
33921,129.54
33937,127.00
33952,127.00
33969,127.00
33984,127.00
34000,127.00
34016,127.00
34031,127.00
34048,132.08
34063,132.08
34079,134.62
34095,129.54
34110,129.54
34126,129.54
34142,127.00
34158,127.00
34173,129.54
34190,116.84
34205,114.30
34221,114.30
34237,114.30
34252,114.30
34269,116.84
34284,114.30
34299,116.84
34316,114.30
34331,116.84
34348,111.76
34363,111.76
34379,111.76
34395,111.76
34410,114.30
34426,111.76
34442,111.76
34458,111.76
34473,111.76
34490,111.76
34505,111.76
34521,111.76
34537,111.76
34552,111.76
34569,111.76
34584,111.76
34599,111.76
34616,111.76
34631,111.76
34648,111.76
34663,111.76
34679,111.76
34695,111.76
34710,111.76
34726,111.76
34742,111.76
34758,111.76
34774,114.30
34790,111.76
34805,111.76
34821,111.76
34837,111.76
34852,111.76
34869,111.76
34884,111.76
34899,114.30
34916,111.76
34931,116.84
34948,114.30
34963,114.30
34979,114.30
34995,114.30
35010,114.30
35026,116.84
35042,162.56
35058,162.56
35074,162.56
35090,162.56
35105,160.02
35121,160.02
35137,162.56
35152,160.02
35169,162.56
35184,160.02
35200,160.02
35216,162.56
35231,160.02
35248,160.02
35263,160.02
35279,162.56
35295,162.56
35310,160.02
35326,160.02
35342,162.56
35358,162.56
35374,162.56
35389,160.02
35405,160.02
35421,160.02
35437,160.02
35452,160.02
35469,160.02
35484,160.02
35500,160.02
35516,162.56
35531,160.02
35548,162.56
35563,160.02
35578,160.02
35595,160.02
35610,160.02
35627,162.56
35642,162.56
35658,165.10
35674,162.56
35689,165.10
35705,165.10
35721,162.56
35737,165.10
35752,165.10
35769,165.10
35784,337.82
35800,345.44
35816,347.98
35831,345.44
35848,360.68
35863,358.14
35878,360.68
35895,353.06
35910,353.06
35927,353.06
35942,350.52
35958,353.06
35974,353.06
-1,-1
36989,375.92
37005,370.84
37021,368.30
37037,355.60
37053,358.14
37068,355.60
37085,353.06
37100,355.60
37115,355.60
37132,370.84
37147,370.84
37164,370.84
37179,358.14
37194,358.14
37211,358.14
37226,353.06
37242,355.60
37258,355.60
37274,350.52
37289,350.52
37305,353.06
37321,355.60
37337,353.06
37353,353.06
37368,368.30
37385,365.76
37400,365.76
37415,121.92
37432,124.46
37447,124.46
37464,162.56
37479,162.56
37495,162.56
37511,162.56
37526,162.56
37542,170.18
37558,165.10
37574,162.56
37590,165.10
37605,160.02
37621,162.56
37637,162.56
37653,160.02
37668,160.02
37685,162.56
37700,162.56
37715,160.02
37732,160.02
37747,160.02
37764,162.56
37779,162.56
37794,160.02
37811,162.56
37826,162.56
37842,160.02
37858,162.56
37874,160.02
37890,162.56
37905,160.02
37921,162.56
37937,162.56
37953,162.56
37968,162.56
37985,162.56
38000,160.02
38016,160.02
38032,160.02
38047,160.02
38064,162.56
38079,162.56
38094,162.56
38111,160.02
38126,160.02
38142,160.02
38158,160.02
38174,160.02
38190,160.02
38205,114.30
38221,116.84
38237,116.84
38253,116.84
38268,114.30
38284,116.84
38300,111.76
38316,111.76
38332,111.76
38347,111.76
38364,111.76
38379,114.30
38394,111.76
38411,114.30
38426,114.30
38443,111.76
38458,111.76
38474,111.76
38490,114.30
38505,111.76
38521,111.76
38537,114.30
38553,111.76
38568,111.76
38585,111.76
38600,111.76
38616,111.76
38632,111.76
38647,111.76
38664,111.76
38679,111.76
38694,111.76
38711,111.76
38726,111.76
38743,111.76
38758,114.30
38774,111.76
38790,111.76
38805,111.76
38821,111.76
38837,111.76
38853,111.76
38868,114.30
38885,111.76
38900,114.30
38916,111.76
38932,114.30
38947,114.30
38964,114.30
38979,116.84
38994,114.30
39011,114.30
39026,114.30
39043,114.30
39058,114.30
39074,114.30
39090,132.08
39105,129.54
39121,132.08
39137,127.00
39153,127.00
39169,127.00
39185,127.00
39200,129.54
39216,127.00
39232,129.54
39247,127.00
39264,127.00
39279,127.00
39294,83.82
39311,83.82
39326,83.82
39343,127.00
39358,127.00
39373,127.00
39390,124.46
39405,124.46
39421,124.46
39437,124.46
39452,124.46
39469,124.46
39484,114.30
39500,111.76
39516,111.76
39532,109.22
39547,109.22
39563,111.76
39579,109.22
39595,109.22
39611,109.22
39626,109.22
39643,109.22
39658,109.22
39673,109.22
-1,-1
40689,109.22
40706,109.22
40721,109.22
40737,109.22
40753,109.22
40769,114.30
40784,111.76
40800,111.76
40816,111.76
40832,109.22
40848,109.22
40863,109.22
40880,111.76
40895,111.76
40910,111.76
40927,109.22
40942,109.22
40958,109.22
40974,111.76
40989,111.76
41006,111.76
41021,111.76
41037,111.76
41053,111.76
41069,111.76
41084,111.76
41100,111.76
41116,111.76
41132,111.76
41148,111.76
41163,114.30
41180,111.76
41195,111.76
41210,111.76
41227,111.76
41242,111.76
41259,111.76
41274,124.46
41289,124.46
41306,124.46
41321,129.54
41337,129.54
41353,129.54
41369,127.00
41384,127.00
41400,127.00
41416,124.46
41432,127.00
41448,127.00
41463,132.08
41480,132.08
41495,132.08
41510,132.08
41527,127.00
41542,129.54
41559,127.00
41574,119.38
41589,119.38
41606,119.38
41621,114.30
41637,116.84
41653,116.84
41669,114.30
41684,114.30
41700,114.30
41716,114.30
41732,114.30
41748,114.30
41763,111.76
41779,111.76
41795,111.76
41810,111.76
41827,111.76
41842,111.76
41859,111.76
41874,111.76
41889,111.76
41906,114.30
41921,111.76
41937,111.76
41953,111.76
41969,111.76
41985,111.76
42000,111.76
42016,111.76
42032,111.76
42048,111.76
42063,111.76
42079,114.30
42095,111.76
42110,111.76
42127,111.76
42142,111.76
42159,111.76
42174,111.76
42189,111.76
42206,111.76
42221,111.76
42237,111.76
42253,111.76
42269,111.76
42285,111.76
42300,111.76
42316,111.76
42332,111.76
42348,111.76
42363,116.84
42379,116.84
42395,116.84
42411,165.10
42427,165.10
42442,167.64
42459,162.56
42474,165.10
42489,165.10
42506,162.56
42521,162.56
42537,165.10
42553,162.56
42569,162.56
42585,162.56
42600,162.56
42616,162.56
42632,162.56
42648,162.56
42663,160.02
42679,160.02
42695,160.02
42711,160.02
42727,160.02
42742,160.02
42759,160.02
42774,160.02
42789,160.02
42806,162.56
42821,162.56
42838,162.56
42853,160.02
42868,160.02
42885,162.56
42900,160.02
42916,160.02
42932,160.02
42948,109.22
42963,116.84
42979,116.84
42995,119.38
43011,162.56
43027,162.56
43042,162.56
43058,162.56
43074,162.56
43089,162.56
43106,165.10
43121,165.10
43138,165.10
43153,162.56
43168,162.56
43185,162.56
43200,162.56
43216,353.06
43232,350.52
43248,353.06
43264,350.52
43279,350.52
43295,350.52
43311,355.60
43327,355.60
43342,355.60
43359,347.98
43374,347.98
-1,-1
44390,292.10
44405,289.56
44422,289.56
44437,289.56
44453,292.10
44469,292.10
44485,294.64
44500,360.68
44516,360.68
44532,360.68
44548,332.74
44564,292.10
44579,294.64
44595,368.30
44611,368.30
44626,365.76
44643,365.76
44658,373.38
44675,375.92
44690,375.92
44705,353.06
44722,353.06
44737,353.06
44753,353.06
44769,353.06
44785,353.06
44801,350.52
44816,350.52
44832,350.52
44848,355.60
44864,355.60
44879,246.38
44896,167.64
44911,167.64
44926,167.64
44943,162.56
44958,162.56
44975,165.10
44990,162.56
45005,162.56
45022,162.56
45037,160.02
45053,160.02
45069,162.56
45085,160.02
45101,160.02
45116,160.02
45132,162.56
45148,162.56
45164,162.56
45179,160.02
45195,162.56
45211,162.56
45227,162.56
45243,162.56
45258,162.56
45275,162.56
45290,160.02
45305,160.02
45322,162.56
45337,160.02
45353,160.02
45369,160.02
45384,160.02
45401,160.02
45416,162.56
45432,160.02
45448,160.02
45464,160.02
45479,162.56
45495,162.56
45511,162.56
45527,160.02
45543,160.02
45558,160.02
45574,160.02
45590,162.56
45605,160.02
45622,111.76
45637,114.30
45654,116.84
45669,114.30
45684,111.76
45701,111.76
45716,114.30
45732,111.76
45748,111.76
45764,111.76
45779,111.76
45795,111.76
45811,111.76
45827,111.76
45843,111.76
45858,114.30
45874,111.76
45890,111.76
45905,114.30
45922,111.76
45937,111.76
45954,111.76
45969,111.76
45984,111.76
46001,111.76
46016,111.76
46032,111.76
46048,114.30
46064,111.76
46080,111.76
46095,114.30
46111,111.76
46127,111.76
46143,111.76
46158,114.30
46174,111.76
46190,111.76
46205,111.76
46222,111.76
46237,111.76
46254,111.76
46269,111.76
46284,111.76
46301,114.30
46316,111.76
46332,111.76
46348,111.76
46364,116.84
46380,114.30
46395,114.30
46411,116.84
46427,114.30
46443,114.30
46458,114.30
46474,127.00
46490,127.00
46505,127.00
46522,127.00
46537,127.00
46554,129.54
46569,127.00
46584,127.00
46601,127.00
46616,124.46
46632,124.46
46648,124.46
46663,124.46
46680,127.00
46695,127.00
46711,124.46
46727,124.46
46743,124.46
46758,132.08
46774,129.54
46790,132.08
46806,132.08
46822,127.00
46837,127.00
46853,127.00
46869,111.76
46884,111.76
46901,111.76
46916,111.76
46932,111.76
46948,111.76
46963,114.30
46980,114.30
46995,111.76
47011,111.76
47027,114.30
47043,114.30
47058,109.22
47074,111.76
-1,-1
48090,111.76
48106,111.76
48121,111.76
48138,111.76
48153,111.76
48169,111.76
48185,114.30
48200,111.76
48217,111.76
48232,111.76
48248,109.22
48264,109.22
48279,109.22
48295,114.30
48311,111.76
48327,111.76
48343,111.76
48359,111.76
48374,111.76
48390,111.76
48406,109.22
48421,109.22
48438,109.22
48453,116.84
48470,116.84
48485,116.84
48500,111.76
48517,111.76
48532,111.76
48548,111.76
48564,111.76
48579,111.76
48595,111.76
48611,111.76
48627,111.76
48643,127.00
48659,127.00
48674,127.00
48690,132.08
48706,127.00
48721,127.00
48738,127.00
48753,124.46
48769,124.46
48785,127.00
48800,127.00
48817,127.00
48832,127.00
48848,127.00
48864,127.00
48879,127.00
48896,127.00
48911,127.00
48927,127.00
48943,129.54
48958,129.54
48974,129.54
48990,116.84
49006,114.30
49021,114.30
49038,111.76
49053,111.76
49069,111.76
49085,111.76
49100,114.30
49117,111.76
49132,114.30
49148,111.76
49164,114.30
49179,114.30
49196,111.76
49211,111.76
49227,111.76
49243,111.76
49258,114.30
49274,114.30
49290,111.76
49306,111.76
49321,114.30
49338,111.76
49353,111.76
49369,111.76
49385,111.76
49400,111.76
49417,111.76
49432,111.76
49448,111.76
49464,111.76
49479,111.76
49496,111.76
49511,111.76
49527,111.76
49543,111.76
49558,111.76
49574,111.76
49590,111.76
49606,111.76
49622,111.76
49638,111.76
49653,114.30
49669,111.76
49685,111.76
49700,111.76
49717,111.76
49732,111.76
49748,111.76
49764,111.76
49779,116.84
49796,114.30
49811,114.30
49827,114.30
49843,114.30
49858,114.30
49874,114.30
49890,162.56
49906,162.56
49922,162.56
49938,162.56
49953,162.56
49969,162.56
49985,162.56
50000,162.56
50017,162.56
50032,160.02
50049,160.02
50064,160.02
50079,160.02
50096,160.02
50111,160.02
50127,160.02
50143,160.02
50158,162.56
50174,162.56
50190,160.02
50206,160.02
50222,160.02
50238,160.02
50253,162.56
50269,160.02
50285,162.56
50300,162.56
50317,160.02
50332,160.02
50349,162.56
50364,162.56
50379,160.02
50396,160.02
50411,160.02
50427,160.02
50443,160.02
50458,160.02
50475,119.38
50490,119.38
50506,121.92
50522,119.38
50538,116.84
50553,116.84
50569,119.38
50585,116.84
50600,116.84
50617,119.38
50632,233.68
50648,347.98
50664,347.98
50679,121.92
50696,121.92
50711,121.92
50727,116.84
50743,116.84
50758,116.84
50775,114.30
-1,-1
51790,353.06
51806,350.52
51822,332.74
51837,297.18
51854,297.18
51869,289.56
51885,287.02
51901,289.56
51916,287.02
51933,287.02
51948,287.02
51964,287.02
51980,292.10
51995,292.10
52012,292.10
52027,360.68
52043,358.14
52059,358.14
52074,353.06
52090,350.52
52106,353.06
52122,353.06
52137,353.06
52154,353.06
52169,355.60
52185,355.60
52201,358.14
52216,355.60
52233,345.44
52248,347.98
52264,116.84
52280,119.38
52295,119.38
52312,114.30
52327,114.30
52343,114.30
52359,116.84
52375,114.30
52390,116.84
52406,119.38
52422,119.38
52438,119.38
52454,129.54
52469,160.02
52485,160.02
52501,160.02
52516,160.02
52533,160.02
52548,160.02
52564,160.02
52580,160.02
52595,160.02
52612,160.02
52627,160.02
52643,160.02
52659,160.02
52674,160.02
52690,160.02
52706,160.02
52722,162.56
52738,162.56
52754,160.02
52769,160.02
52785,162.56
52801,160.02
52816,160.02
52833,160.02
52848,160.02
52864,162.56
52880,162.56
52895,162.56
52912,160.02
52927,160.02
52943,160.02
52959,162.56
52974,162.56
52990,162.56
53006,162.56
53022,162.56
53038,162.56
53053,111.76
53069,111.76
53085,111.76
53101,111.76
53116,111.76
53133,111.76
53148,111.76
53164,114.30
53180,114.30
53195,111.76
53212,111.76
53227,111.76
53243,111.76
53259,111.76
53274,111.76
53291,111.76
53306,111.76
53322,111.76
53338,111.76
53353,111.76
53369,111.76
53385,111.76
53401,111.76
53416,111.76
53433,114.30
53448,111.76
53464,114.30
53480,114.30
53495,114.30
53512,111.76
53527,114.30
53543,114.30
53559,114.30
53574,111.76
53591,111.76
53606,111.76
53622,111.76
53638,114.30
53653,111.76
53669,111.76
53685,111.76
53701,111.76
53716,111.76
53733,111.76
53748,111.76
53764,111.76
53780,111.76
53795,116.84
53812,114.30
53827,116.84
53843,114.30
53859,114.30
53874,114.30
53891,129.54
53906,127.00
53922,127.00
53938,129.54
53953,127.00
53969,127.00
53985,129.54
54001,127.00
54017,127.00
54033,127.00
54048,127.00
54064,127.00
54080,127.00
54095,124.46
54112,124.46
54127,124.46
54142,124.46
54159,127.00
54174,127.00
54191,127.00
54206,129.54
54222,129.54
54238,111.76
54253,114.30
54269,111.76
54285,111.76
54301,111.76
54317,111.76
54332,111.76
54348,109.22
54364,109.22
54380,109.22
54395,109.22
54412,109.22
54427,109.22
54443,109.22
54459,109.22
54474,111.76
-1,-1
55490,111.76
55506,111.76
55522,109.22
55538,109.22
55554,109.22
55569,116.84
55585,111.76
55601,111.76
55617,109.22
55632,109.22
55649,109.22
55664,111.76
55680,109.22
55696,109.22
55711,109.22
55728,109.22
55743,109.22
55758,109.22
55775,109.22
55790,109.22
55806,109.22
55822,109.22
55838,109.22
55854,109.22
55869,109.22
55885,111.76
55901,111.76
55917,109.22
55932,109.22
55949,109.22
55964,109.22
55980,111.76
55996,111.76
56011,111.76
56028,111.76
56043,111.76
56058,111.76
56075,127.00
56090,127.00
56107,127.00
56122,124.46
56138,124.46
56154,124.46
56169,127.00
56185,127.00
56201,127.00
56217,127.00
56232,127.00
56248,127.00
56264,127.00
56280,127.00
56296,127.00
56311,127.00
56328,127.00
56343,127.00
56358,127.00
56375,119.38
56390,119.38
56407,119.38
56422,116.84
56437,114.30
56454,116.84
56469,116.84
56485,114.30
56501,114.30
56517,111.76
56532,111.76
56548,111.76
56564,111.76
56580,111.76
56596,111.76
56611,111.76
56628,111.76
56643,111.76
56658,111.76
56675,111.76
56690,111.76
56707,111.76
56722,111.76
56737,114.30
56754,111.76
56769,111.76
56785,111.76
56801,111.76
56817,111.76
56833,114.30
56848,111.76
56864,111.76
56880,111.76
56896,111.76
56911,111.76
56928,111.76
56943,114.30
56958,111.76
56975,111.76
56990,111.76
57007,111.76
57022,111.76
57037,111.76
57054,111.76
57069,111.76
57085,111.76
57101,111.76
57117,111.76
57133,111.76
57148,111.76
57164,119.38
57180,119.38
57196,119.38
57211,114.30
57228,116.84
57243,116.84
57259,162.56
57275,162.56
57290,162.56
57307,160.02
57322,160.02
57337,160.02
57354,160.02
57369,160.02
57385,160.02
57401,160.02
57417,160.02
57433,160.02
57448,160.02
57464,162.56
57480,160.02
57496,160.02
57511,160.02
57527,162.56
57543,162.56
57559,160.02
57575,160.02
57590,162.56
57607,160.02
57622,160.02
57637,160.02
57654,160.02
57669,160.02
57686,160.02
57701,160.02
57717,160.02
57733,160.02
57748,160.02
57764,162.56
57780,160.02
57796,160.02
57811,160.02
57827,162.56
57843,162.56
57859,119.38
57875,121.92
57890,119.38
57907,167.64
57922,165.10
57937,165.10
57954,119.38
57969,119.38
57986,121.92
58001,119.38
58016,353.06
58033,350.52
58048,121.92
58064,119.38
58080,119.38
58096,119.38
58112,350.52
58127,350.52
58143,347.98
58159,350.52
58175,350.52
-1,-1
59191,368.30
59206,368.30
59223,365.76
59238,368.30
59253,350.52
59270,353.06
59285,353.06
59301,350.52
59317,350.52
59333,355.60
59348,358.14
59364,358.14
59380,358.14
59396,368.30
59412,368.30
59427,368.30
59444,368.30
59459,350.52
59474,353.06
59491,350.52
59506,368.30
59523,368.30
59538,365.76
59553,350.52
59570,353.06
59585,353.06
59601,350.52
59617,350.52
59633,350.52
59649,363.22
59664,360.68
59680,363.22
59696,353.06
59712,355.60
59727,358.14
59744,167.64
59759,167.64
59774,167.64
59791,119.38
59806,119.38
59823,119.38
59838,162.56
59854,162.56
59870,162.56
59885,160.02
59901,160.02
59917,160.02
59933,160.02
59949,162.56
59965,160.02
59980,160.02
59996,160.02
60012,162.56
60027,160.02
60044,160.02
60059,160.02
60075,160.02
60091,160.02
60106,160.02
60123,162.56
60138,160.02
60154,160.02
60170,162.56
60185,160.02
60201,162.56
60217,160.02
60233,162.56
60249,162.56
60264,160.02
60280,162.56
60296,162.56
60312,162.56
60327,162.56
60344,162.56
60359,160.02
60375,160.02
60391,162.56
60406,162.56
60423,111.76
60438,114.30
60454,116.84
60470,116.84
60485,114.30
60502,111.76
60517,114.30
60533,111.76
60549,111.76
60564,114.30
60580,111.76
60596,111.76
60612,111.76
60627,111.76
60644,111.76
60659,114.30
60675,111.76
60691,111.76
60706,111.76
60723,111.76
60738,111.76
60754,114.30
60770,111.76
60785,111.76
60802,111.76
60817,111.76
60833,114.30
60849,114.30
60864,114.30
60880,114.30
60896,114.30
60912,114.30
60928,111.76
60944,111.76
60959,111.76
60975,111.76
60991,111.76
61006,111.76
61023,111.76
61038,111.76
61054,111.76
61070,114.30
61085,114.30
61102,114.30
61117,111.76
61133,111.76
61149,111.76
61164,114.30
61180,114.30
61196,114.30
61212,114.30
61228,114.30
61244,114.30
61259,114.30
61275,116.84
61291,116.84
61306,116.84
61323,127.00
61338,127.00
61355,127.00
61370,127.00
61385,127.00
61402,127.00
61417,127.00
61433,127.00
61449,127.00
61464,127.00
61480,124.46
61496,124.46
61512,124.46
61528,124.46
61544,124.46
61559,124.46
61575,124.46
61591,124.46
61606,124.46
61623,127.00
61638,127.00
61655,127.00
61670,101.60
61685,101.60
61702,104.14
61717,111.76
61733,111.76
61749,111.76
61764,109.22
61780,109.22
61796,109.22
61812,109.22
61828,109.22
61844,109.22
61859,111.76
61875,109.22
-1,-1
62891,109.22
62907,109.22
62922,109.22
62939,109.22
62954,109.22
62970,111.76
62986,109.22
63001,109.22
63017,109.22
63033,109.22
63049,109.22
63065,109.22
63081,111.76
63096,109.22
63112,109.22
63128,109.22
63143,109.22
63160,109.22
63175,109.22
63192,109.22
63207,109.22
63222,109.22
63239,109.22
63254,109.22
63270,109.22
63286,109.22
63301,109.22
63318,109.22
63333,109.22
63349,111.76
63365,111.76
63381,111.76
63396,111.76
63412,111.76
63428,111.76
63443,129.54
63460,127.00
63475,127.00
63492,127.00
63507,124.46
63522,124.46
63539,83.82
63554,78.74
63570,78.74
63586,81.28
63601,127.00
63618,127.00
63633,127.00
63649,127.00
63665,127.00
63680,127.00
63696,127.00
63712,127.00
63728,127.00
63744,116.84
63759,116.84
63775,116.84
63791,114.30
63807,111.76
63822,111.76
63839,111.76
63854,111.76
63869,111.76
63886,111.76
63901,111.76
63918,114.30
63933,114.30
63949,111.76
63965,111.76
63980,111.76
63996,111.76
64012,111.76
64028,111.76
64044,111.76
64060,111.76
64075,114.30
64091,111.76
64107,111.76
64122,111.76
64139,111.76
64154,111.76
64169,111.76
64186,111.76
64201,111.76
64218,114.30
64233,111.76
64249,111.76
64265,111.76
64280,111.76
64296,114.30
64312,114.30
64328,111.76
64344,111.76
64360,114.30
64375,114.30
64391,111.76
64407,111.76
64422,111.76
64439,111.76
64454,111.76
64470,111.76
64486,111.76
64501,111.76
64518,111.76
64533,111.76
64549,111.76
64565,111.76
64580,111.76
64596,111.76
64612,111.76
64628,111.76
64644,162.56
64659,162.56
64675,162.56
64691,160.02
64707,160.02
64722,160.02
64739,160.02
64754,160.02
64770,160.02
64786,160.02
64801,160.02
64818,162.56
64833,160.02
64848,160.02
64865,160.02
64880,160.02
64897,160.02
64912,162.56
64928,160.02
64944,160.02
64959,162.56
64975,162.56
64991,160.02
65007,160.02
65022,160.02
65038,160.02
65054,160.02
65070,160.02
65086,160.02
65101,160.02
65118,160.02
65133,160.02
65148,162.56
65165,162.56
65180,121.92
65197,121.92
65212,121.92
65227,114.30
65244,114.30
65259,114.30
65275,114.30
65291,114.30
65307,114.30
65323,119.38
65338,116.84
65354,119.38
65370,116.84
65386,345.44
65401,365.76
65418,363.22
65433,360.68
65448,350.52
65465,350.52
65480,350.52
65497,360.68
65512,358.14
65527,355.60
65544,350.52
65559,350.52
65575,353.06
-1,-1
66591,289.56
66607,284.48
66623,302.26
66638,299.72
66654,302.26
66670,299.72
66685,350.52
66702,353.06
66717,353.06
66734,350.52
66749,353.06
66764,353.06
66781,355.60
66796,358.14
66812,355.60
66828,317.50
66844,294.64
66860,294.64
66875,350.52
66891,350.52
66907,350.52
66923,325.12
66938,297.18
66954,297.18
66970,365.76
66985,363.22
67002,363.22
67017,360.68
67034,353.06
67049,358.14
67064,358.14
67081,350.52
67096,353.06
67112,165.10
67128,165.10
67144,165.10
67160,121.92
67175,121.92
67191,121.92
67207,144.78
67223,165.10
67238,165.10
67255,162.56
67270,162.56
67286,162.56
67302,165.10
67317,160.02
67334,160.02
67349,160.02
67364,162.56
67381,162.56
67396,162.56
67412,160.02
67428,160.02
67444,160.02
67460,160.02
67475,162.56
67491,160.02
67507,162.56
67523,162.56
67538,162.56
67554,162.56
67570,162.56
67586,162.56
67602,162.56
67617,160.02
67634,160.02
67649,160.02
67664,162.56
67681,162.56
67696,162.56
67713,160.02
67728,160.02
67744,160.02
67760,167.64
67775,167.64
67791,167.64
67807,162.56
67823,165.10
67838,165.10
67854,114.30
67870,114.30
67886,114.30
67902,111.76
67917,111.76
67934,111.76
67949,111.76
67964,111.76
67981,111.76
67996,111.76
68013,111.76
68028,111.76
68044,111.76
68060,111.76
68075,111.76
68091,114.30
68107,111.76
68123,114.30
68139,114.30
68155,111.76
68170,111.76
68186,111.76
68202,111.76
68217,111.76
68234,116.84
68249,114.30
68264,114.30
68281,114.30
68296,111.76
68313,111.76
68328,111.76
68344,111.76
68360,111.76
68375,111.76
68391,111.76
68407,111.76
68423,111.76
68439,111.76
68454,111.76
68470,111.76
68486,111.76
68502,111.76
68517,111.76
68534,111.76
68549,111.76
68564,111.76
68581,111.76
68596,114.30
68613,114.30
68628,114.30
68644,114.30
68660,114.30
68675,114.30
68691,132.08
68707,129.54
68723,129.54
68739,127.00
68755,127.00
68770,127.00
68786,127.00
68802,127.00
68817,127.00
68834,127.00
68849,127.00
68865,127.00
68881,127.00
68896,127.00
68913,127.00
68928,129.54
68943,127.00
68960,127.00
68975,127.00
68992,127.00
69007,127.00
69023,127.00
69039,124.46
69054,124.46
69070,124.46
69086,101.60
69102,101.60
69117,101.60
69134,116.84
69149,111.76
69165,111.76
69181,111.76
69196,109.22
69213,109.22
69228,111.76
69243,109.22
69260,109.22
69275,109.22
-1,-1
70291,109.22
70307,109.22
70323,109.22
70339,109.22
70354,109.22
70371,109.22
70386,109.22
70402,109.22
70418,109.22
70433,109.22
70450,109.22
70465,109.22
70480,109.22
70497,109.22
70512,111.76
70529,109.22
70544,109.22
70560,109.22
70576,109.22
70591,109.22
70607,109.22
70623,109.22
70639,109.22
70654,109.22
70671,109.22
70686,109.22
70702,109.22
70718,109.22
70733,109.22
70750,109.22
70765,109.22
70780,111.76
70797,111.76
70812,111.76
70829,114.30
70844,111.76
70860,114.30
70876,127.00
70891,127.00
70907,124.46
70923,127.00
70939,127.00
70955,127.00
70971,127.00
70986,127.00
71002,129.54
71018,127.00
71033,127.00
71050,127.00
71065,127.00
71080,127.00
71097,127.00
71112,127.00
71129,127.00
71144,127.00
71160,127.00
71176,119.38
71191,119.38
71207,119.38
71223,114.30
71239,114.30
71255,114.30
71270,114.30
71286,114.30
71302,114.30
71318,111.76
71333,111.76
71350,111.76
71365,114.30
71380,114.30
71397,114.30
71412,111.76
71429,114.30
71444,111.76
71460,111.76
71476,111.76
71491,111.76
71507,111.76
71523,111.76
71539,111.76
71555,111.76
71570,111.76
71586,111.76
71602,111.76
71618,111.76
71633,111.76
71650,114.30
71665,111.76
71681,111.76
71697,111.76
71712,111.76
71729,111.76
71744,111.76
71760,111.76
71776,111.76
71791,111.76
71808,111.76
71823,111.76
71839,111.76
71855,111.76
71870,114.30
71886,114.30
71902,114.30
71918,111.76
71933,111.76
71950,111.76
71965,114.30
71981,114.30
71997,114.30
72012,162.56
72029,160.02
72044,162.56
72060,162.56
72076,162.56
72091,162.56
72108,160.02
72123,160.02
72139,160.02
72155,160.02
72170,160.02
72186,160.02
72202,160.02
72218,160.02
72233,160.02
72250,160.02
72265,160.02
72281,160.02
72297,160.02
72312,160.02
72329,160.02
72344,162.56
72360,160.02
72376,162.56
72391,167.64
72408,160.02
72423,160.02
72439,160.02
72455,160.02
72470,160.02
72486,160.02
72502,160.02
72518,160.02
72534,160.02
72550,160.02
72565,160.02
72581,160.02
72597,160.02
72612,162.56
72629,162.56
72644,162.56
72659,162.56
72676,162.56
72691,162.56
72708,162.56
72723,162.56
72739,162.56
72755,162.56
72770,360.68
72786,358.14
72802,358.14
72818,350.52
72834,350.52
72850,353.06
72865,358.14
72881,355.60
72897,358.14
72912,347.98
72929,350.52
72944,350.52
72961,355.60
72976,350.52
-1,-1
73992,353.06
74007,363.22
74023,360.68
74039,360.68
74055,322.58
74071,289.56
74087,292.10
74102,353.06
74118,350.52
74134,353.06
74149,363.22
74166,360.68
74181,360.68
74196,355.60
74213,350.52
74228,350.52
74245,353.06
74260,350.52
74276,350.52
74292,350.52
74307,360.68
74323,360.68
74339,360.68
74355,350.52
74371,350.52
74387,353.06
74402,358.14
74418,355.60
74434,358.14
74449,365.76
74466,365.76
74481,365.76
74498,165.10
74513,167.64
74528,167.64
74545,162.56
74560,165.10
74576,165.10
74592,162.56
74608,162.56
74624,165.10
74639,160.02
74655,160.02
74671,160.02
74687,162.56
74702,162.56
74718,162.56
74734,162.56
74749,162.56
74766,162.56
74781,160.02
74798,160.02
74813,160.02
74828,160.02
74845,160.02
74860,160.02
74876,160.02
74892,162.56
74908,162.56
74924,162.56
74939,160.02
74955,160.02
74971,160.02
74987,160.02
75002,160.02
75018,160.02
75034,160.02
75049,160.02
75066,160.02
75081,160.02
75098,160.02
75113,160.02
75128,162.56
75145,160.02
75160,160.02
75176,165.10
75192,165.10
75208,165.10
75224,109.22
75239,114.30
75255,114.30
75271,116.84
75287,111.76
75302,111.76
75318,111.76
75334,114.30
75350,114.30
75366,114.30
75381,111.76
75398,111.76
75413,114.30
75428,111.76
75445,111.76
75460,111.76
75476,111.76
75492,111.76
75508,114.30
75524,111.76
75539,111.76
75555,111.76
75571,111.76
75587,111.76
75602,111.76
75618,114.30
75634,114.30
75650,114.30
75666,114.30
75681,114.30
75698,114.30
75713,114.30
75728,114.30
75745,114.30
75760,111.76
75777,111.76
75792,111.76
75808,111.76
75824,111.76
75839,111.76
75855,111.76
75871,111.76
75887,111.76
75902,111.76
75918,111.76
75934,111.76
75950,114.30
75966,119.38
75981,114.30
75998,114.30
76013,114.30
76028,114.30
76045,114.30
76060,114.30
76077,129.54
76092,129.54
76108,129.54
76124,129.54
76139,129.54
76155,129.54
76171,127.00
76187,129.54
76203,127.00
76218,127.00
76234,127.00
76250,127.00
76266,124.46
76281,124.46
76298,124.46
76313,124.46
76328,124.46
76345,124.46
76360,124.46
76377,124.46
76392,124.46
76408,124.46
76424,124.46
76439,127.00
76455,124.46
76471,111.76
76487,111.76
76503,111.76
76518,111.76
76534,111.76
76550,111.76
76566,111.76
76581,111.76
76598,111.76
76613,109.22
76628,109.22
76645,109.22
76660,109.22
76677,109.22
-1,-1
77692,109.22
77708,109.22
77724,111.76
77740,109.22
77755,111.76
77771,111.76
77787,111.76
77803,109.22
77818,109.22
77835,109.22
77850,111.76
77865,111.76
77882,111.76
77897,109.22
77914,109.22
77929,109.22
77944,109.22
77961,109.22
77976,109.22
77992,109.22
78008,109.22
78024,109.22
78040,109.22
78055,109.22
78071,109.22
78087,109.22
78103,109.22
78118,109.22
78135,109.22
78150,111.76
78166,111.76
78182,111.76
78197,111.76
78214,111.76
78229,111.76
78245,121.92
78261,129.54
78276,129.54
78292,129.54
78308,127.00
78324,127.00
78340,127.00
78355,127.00
78371,127.00
78387,127.00
78403,127.00
78418,127.00
78435,127.00
78450,129.54
78466,127.00
78482,129.54
78497,127.00
78514,127.00
78529,127.00
78544,127.00
78561,127.00
78576,127.00
78593,134.62
78608,132.08
78624,134.62
78640,119.38
78655,116.84
78671,116.84
78687,114.30
78703,111.76
78718,111.76
78734,111.76
78750,111.76
78766,111.76
78782,111.76
78797,111.76
78814,111.76
78829,114.30
78844,111.76
78861,111.76
78876,111.76
78893,111.76
78908,111.76
78924,111.76
78940,111.76
78955,111.76
78971,114.30
78987,111.76
79003,111.76
79019,111.76
79034,111.76
79050,111.76
79066,111.76
79082,111.76
79097,111.76
79114,111.76
79129,111.76
79144,111.76
79161,111.76
79176,111.76
79193,111.76
79208,111.76
79224,111.76
79240,114.30
79255,114.30
79271,114.30
79287,114.30
79303,114.30
79319,114.30
79334,111.76
79350,111.76
79366,111.76
79382,111.76
79397,111.76
79414,111.76
79429,114.30
79444,114.30
79461,114.30
79476,114.30
79493,160.02
79508,160.02
79523,160.02
79540,160.02
79555,160.02
79571,160.02
79587,160.02
79603,162.56
79619,162.56
79634,162.56
79650,160.02
79666,162.56
79682,160.02
79697,160.02
79714,160.02
79729,160.02
79745,160.02
79761,160.02
79776,160.02
79793,162.56
79808,160.02
79823,160.02
79840,160.02
79855,162.56
79872,162.56
79887,160.02
79903,160.02
79919,160.02
79934,160.02
79950,160.02
79966,162.56
79982,167.64
79997,167.64
80013,167.64
80029,162.56
80045,162.56
80061,162.56
80076,162.56
80093,162.56
80108,162.56
80123,106.68
80140,129.54
80155,129.54
80172,129.54
80187,170.18
80203,170.18
80219,170.18
80234,170.18
80250,360.68
80266,358.14
80282,358.14
80297,353.06
80313,353.06
80329,353.06
80345,353.06
80361,353.06
80376,353.06
-1,-1
81392,365.76
81409,368.30
81424,363.22
81440,358.14
81456,358.14
81471,358.14
81487,363.22
81503,365.76
81519,368.30
81534,358.14
81550,393.70
81566,358.14
81582,365.76
81598,365.76
81613,365.76
81630,355.60
81645,355.60
81660,358.14
81677,350.52
81692,350.52
81709,350.52
81724,358.14
81740,358.14
81756,358.14
81771,350.52
81787,350.52
81803,353.06
81819,353.06
81835,350.52
81851,353.06
81866,350.52
81882,355.60
81898,358.14
81913,358.14
81930,353.06
81945,353.06
81961,160.02
81977,165.10
81992,165.10
82009,162.56
82024,165.10
82040,165.10
82056,165.10
82071,160.02
82087,160.02
82103,160.02
82119,162.56
82135,162.56
82151,162.56
82166,160.02
82182,162.56
82198,160.02
82213,160.02
82230,162.56
82245,162.56
82260,160.02
82277,160.02
82292,160.02
82309,162.56
82324,160.02
82340,160.02
82356,162.56
82371,160.02
82387,162.56
82403,162.56
82419,162.56
82435,162.56
82450,162.56
82466,160.02
82482,160.02
82498,160.02
82513,162.56
82530,162.56
82545,162.56
82561,160.02
82577,160.02
82592,160.02
82609,167.64
82624,167.64
82639,165.10
82656,162.56
82671,162.56
82688,162.56
82703,116.84
82719,116.84
82735,116.84
82750,114.30
82766,114.30
82782,114.30
82798,111.76
82813,111.76
82830,111.76
82845,111.76
82861,111.76
82877,111.76
82892,114.30
82909,111.76
82924,111.76
82939,111.76
82956,114.30
82971,114.30
82988,114.30
83003,114.30
83019,114.30
83035,114.30
83050,111.76
83066,114.30
83082,114.30
83098,114.30
83113,114.30
83130,114.30
83145,111.76
83161,111.76
83177,114.30
83192,111.76
83209,111.76
83224,111.76
83239,111.76
83256,111.76
83271,111.76
83288,111.76
83303,111.76
83319,111.76
83335,111.76
83350,111.76
83366,111.76
83382,111.76
83398,114.30
83414,114.30
83430,114.30
83445,114.30
83461,114.30
83477,114.30
83492,114.30
83509,205.74
83524,205.74
83539,205.74
83556,157.48
83571,157.48
83588,157.48
83603,106.68
83619,106.68
83635,106.68
83650,127.00
83666,127.00
83682,127.00
83698,127.00
83714,127.00
83729,127.00
83745,124.46
83761,124.46
83777,124.46
83792,127.00
83809,127.00
83824,127.00
83840,116.84
83856,111.76
83871,111.76
83888,111.76
83903,111.76
83919,111.76
83935,111.76
83950,111.76
83966,114.30
83982,111.76
83998,111.76
84014,111.76
84029,114.30
84045,111.76
84061,111.76
84077,109.22
-1,-1
85093,109.22
85108,109.22
85125,109.22
85140,109.22
85155,109.22
85172,109.22
85187,109.22
85203,109.22
85219,109.22
85235,106.68
85251,109.22
85266,109.22
85282,109.22
85298,109.22
85314,109.22
85329,109.22
85346,109.22
85361,109.22
85377,109.22
85393,109.22
85408,109.22
85425,114.30
85440,111.76
85455,111.76
85472,111.76
85487,111.76
85504,111.76
85519,111.76
85535,111.76
85551,111.76
85566,111.76
85582,111.76
85598,111.76
85614,111.76
85629,124.46
85646,124.46
85661,124.46
85677,124.46
85693,124.46
85708,124.46
85725,124.46
85740,124.46
85755,124.46
85772,127.00
85787,127.00
85804,127.00
85819,127.00
85835,127.00
85851,127.00
85866,129.54
85882,127.00
85898,127.00
85914,127.00
85929,129.54
85945,132.08
85961,129.54
85977,127.00
85993,127.00
86008,127.00
86025,116.84
86040,119.38
86055,119.38
86072,116.84
86087,114.30
86104,114.30
86119,111.76
86135,111.76
86151,111.76
86166,111.76
86182,111.76
86198,111.76
86214,111.76
86230,114.30
86245,111.76
86261,114.30
86277,111.76
86293,114.30
86308,111.76
86325,111.76
86340,111.76
86355,111.76
86372,111.76
86387,111.76
86404,111.76
86419,111.76
86435,111.76
86451,111.76
86466,111.76
86482,111.76
86498,111.76
86514,111.76
86530,114.30
86545,114.30
86561,114.30
86577,114.30
86593,114.30
86608,114.30
86625,114.30
86640,114.30
86656,114.30
86672,114.30
86687,114.30
86704,114.30
86719,116.84
86734,114.30
86751,116.84
86766,114.30
86782,116.84
86798,114.30
86814,162.56
86830,162.56
86845,162.56
86861,162.56
86877,162.56
86893,160.02
86908,162.56
86925,162.56
86940,162.56
86956,160.02
86972,160.02
86987,162.56
87004,162.56
87019,160.02
87035,160.02
87051,162.56
87066,162.56
87083,160.02
87098,160.02
87114,160.02
87130,160.02
87145,160.02
87161,160.02
87177,160.02
87193,160.02
87208,160.02
87225,160.02
87240,160.02
87256,160.02
87272,160.02
87287,162.56
87304,160.02
87319,160.02
87334,160.02
87351,160.02
87366,162.56
87383,162.56
87398,160.02
87414,162.56
87430,162.56
87445,162.56
87461,162.56
87477,162.56
87493,162.56
87508,165.10
87525,165.10
87540,165.10
87556,167.64
87572,165.10
87587,167.64
87604,165.10
87619,350.52
87634,350.52
87651,350.52
87666,355.60
87683,353.06
87698,350.52
87714,350.52
87730,350.52
87745,353.06
87761,353.06
87777,350.52
-1,-1
