14,116.84
30,116.84
46,114.30
61,114.30
77,114.30
93,114.30
108,116.84
123,114.30
140,116.84
155,116.84
171,114.30
187,114.30
202,119.38
218,116.84
234,116.84
249,116.84
265,358.14
281,358.14
296,358.14
312,312.42
328,302.26
344,109.22
360,111.76
375,111.76
391,114.30
407,116.84
422,114.30
438,121.92
454,116.84
470,116.84
485,116.84
501,116.84
517,116.84
532,116.84
548,142.24
564,322.58
579,320.04
595,134.62
611,134.62
626,134.62
643,129.54
658,129.54
673,132.08
689,129.54
705,129.54
720,129.54
736,129.54
752,132.08
768,132.08
783,132.08
799,132.08
815,132.08
830,129.54
846,132.08
862,132.08
877,132.08
893,83.82
909,83.82
924,83.82
941,81.28
956,83.82
971,83.82
988,81.28
1003,81.28
1018,81.28
1034,132.08
1050,129.54
1065,132.08
1082,132.08
1097,129.54
1113,129.54
1129,129.54
1144,137.16
1160,137.16
1176,137.16
1191,132.08
1208,132.08
1223,132.08
1239,129.54
1255,129.54
1270,132.08
1286,134.62
1302,134.62
1317,132.08
1334,116.84
1349,114.30
1364,116.84
1381,114.30
1396,111.76
1412,111.76
1428,111.76
1443,111.76
1460,111.76
1475,111.76
1490,111.76
1507,114.30
1522,111.76
1539,111.76
1554,111.76
1569,114.30
1586,114.30
1601,114.30
1616,114.30
1633,114.30
1648,114.30
1665,114.30
1680,114.30
1695,114.30
1712,114.30
1727,111.76
1742,111.76
1759,111.76
1774,111.76
1790,111.76
1806,111.76
1821,111.76
1838,111.76
1853,111.76
1868,114.30
1885,111.76
1900,111.76
1916,114.30
1932,111.76
1947,111.76
1964,111.76
1979,111.76
1994,111.76
2011,111.76
2026,114.30
2042,114.30
2058,114.30
2073,114.30
2089,160.02
2105,160.02
2120,157.48
2137,157.48
2152,157.48
2168,157.48
2184,157.48
2199,157.48
2215,157.48
2231,157.48
2246,157.48
2263,157.48
2278,160.02
2293,160.02
2310,157.48
2325,129.54
2341,127.00
2357,127.00
2372,127.00
2388,127.00
2404,127.00
2419,129.54
2436,129.54
2451,127.00
2467,114.30
2483,116.84
2498,116.84
2514,116.84
2530,111.76
2546,111.76
2562,114.30
2577,109.22
2593,109.22
2609,109.22
2624,109.22
2640,111.76
2656,109.22
2672,109.22
2688,109.22
-1,-1
3703,109.22
3719,109.22
3735,109.22
3750,109.22
3766,109.22
3782,109.22
3798,109.22
3814,109.22
3829,109.22
3845,109.22
3861,109.22
3876,109.22
3892,109.22
3908,109.22
3923,109.22
3940,109.22
3955,109.22
3971,109.22
3987,109.22
4002,109.22
4019,109.22
4034,109.22
4049,109.22
4066,109.22
4081,109.22
4097,109.22
4113,109.22
4128,109.22
4145,111.76
4160,111.76
4175,111.76
4192,114.30
4207,111.76
4222,111.76
4239,111.76
4254,129.54
4271,129.54
4286,129.54
4301,127.00
4318,127.00
4333,127.00
4348,127.00
4365,129.54
4380,129.54
4397,129.54
4412,157.48
4427,157.48
4444,157.48
4459,160.02
4474,160.02
4491,160.02
4506,157.48
4523,157.48
4538,160.02
4553,157.48
4570,157.48
4585,157.48
4600,119.38
4617,119.38
4632,119.38
4648,116.84
4664,114.30
4679,116.84
4696,116.84
4711,116.84
4726,114.30
4743,114.30
4758,111.76
4774,111.76
4790,111.76
4805,111.76
4822,111.76
4837,111.76
4852,111.76
4869,111.76
4884,111.76
4900,114.30
4916,111.76
4931,111.76
4947,111.76
4963,111.76
4978,111.76
4995,114.30
5010,114.30
5026,114.30
5042,114.30
5057,111.76
5073,111.76
5089,114.30
5104,111.76
5121,111.76
5136,111.76
5152,111.76
5168,111.76
5183,111.76
5199,111.76
5215,111.76
5230,111.76
5246,111.76
5262,111.76
5278,111.76
5294,111.76
5309,111.76
5325,111.76
5341,116.84
5356,114.30
5372,114.30
5388,116.84
5404,132.08
5420,134.62
5435,134.62
5451,132.08
5467,132.08
5482,132.08
5498,129.54
5514,129.54
5530,132.08
5545,129.54
5561,129.54
5577,129.54
5593,129.54
5609,132.08
5624,129.54
5640,83.82
5656,83.82
5671,83.82
5687,81.28
5703,81.28
5719,81.28
5734,81.28
5750,78.74
5766,78.74
5781,78.74
5797,81.28
5813,78.74
5828,78.74
5844,129.54
5860,129.54
5875,129.54
5892,129.54
5907,129.54
5922,129.54
5939,132.08
5954,132.08
5970,132.08
5986,129.54
6001,129.54
6018,129.54
6033,132.08
6048,129.54
6065,129.54
6080,129.54
6096,134.62
6112,134.62
6127,137.16
6144,116.84
6159,116.84
6174,116.84
6191,114.30
6206,116.84
6222,114.30
6238,114.30
6253,114.30
6269,116.84
6285,114.30
6300,114.30
6317,116.84
6332,116.84
6348,355.60
6364,345.44
6379,345.44
-1,-1
7395,358.14
7411,358.14
7427,355.60
7442,312.42
7458,294.64
7474,297.18
7490,353.06
7505,353.06
7521,350.52
7537,363.22
7553,363.22
7569,363.22
7584,358.14
7600,358.14
7616,358.14
7631,345.44
7647,297.18
7663,299.72
7678,294.64
7695,297.18
7710,297.18
7726,116.84
7742,119.38
7757,119.38
7773,116.84
7789,119.38
7804,116.84
7821,116.84
7836,116.84
7852,116.84
7868,116.84
7883,116.84
7899,116.84
7915,114.30
7930,116.84
7947,116.84
7962,114.30
7977,116.84
7994,119.38
8009,119.38
8025,129.54
8041,129.54
8056,129.54
8073,132.08
8088,129.54
8103,129.54
8120,129.54
8135,129.54
8151,132.08
8167,83.82
8182,86.36
8198,83.82
8214,109.22
8229,129.54
8246,132.08
8261,129.54
8276,165.10
8293,165.10
8308,106.68
8324,81.28
8340,83.82
8355,83.82
8371,132.08
8387,129.54
8402,129.54
8419,129.54
8434,129.54
8450,129.54
8466,129.54
8481,132.08
8497,129.54
8513,132.08
8528,129.54
8545,129.54
8560,132.08
8576,132.08
8592,129.54
8607,129.54
8623,132.08
8639,132.08
8654,132.08
8671,119.38
8686,119.38
8701,119.38
8718,114.30
8733,114.30
8749,114.30
8765,111.76
8780,111.76
8797,114.30
8812,111.76
8827,111.76
8844,111.76
8859,111.76
8875,114.30
8891,114.30
8906,111.76
8923,111.76
8938,111.76
8953,111.76
8970,111.76
8985,111.76
9000,111.76
9017,114.30
9032,111.76
9049,111.76
9064,114.30
9079,111.76
9096,114.30
9111,111.76
9126,111.76
9143,111.76
9158,111.76
9175,111.76
9190,111.76
9205,111.76
9222,111.76
9237,114.30
9253,111.76
9269,111.76
9284,111.76
9300,111.76
9316,111.76
9331,111.76
9348,111.76
9363,114.30
9379,114.30
9395,114.30
9410,160.02
9426,160.02
9442,160.02
9457,157.48
9474,157.48
9489,157.48
9505,160.02
9521,157.48
9536,157.48
9552,162.56
9568,157.48
9583,157.48
9600,157.48
9615,160.02
9631,160.02
9647,160.02
9662,129.54
9678,129.54
9694,129.54
9709,127.00
9725,127.00
9741,127.00
9757,127.00
9773,127.00
9788,127.00
9804,114.30
9820,114.30
9835,114.30
9851,111.76
9867,111.76
9883,111.76
9899,111.76
9914,111.76
9930,111.76
9946,111.76
9961,111.76
9977,111.76
9993,114.30
10009,109.22
10024,109.22
10040,109.22
10056,109.22
10072,109.22
-1,-1
11087,109.22
11104,109.22
11119,109.22
11136,109.22
11151,109.22
11166,109.22
11183,109.22
11198,109.22
11214,111.76
11230,111.76
11246,109.22
11261,109.22
11277,111.76
11293,109.22
11309,109.22
11325,111.76
11340,109.22
11356,109.22
11372,109.22
11387,109.22
11404,111.76
11419,111.76
11436,111.76
11451,111.76
11466,111.76
11483,114.30
11498,111.76
11514,111.76
11530,111.76
11546,111.76
11561,111.76
11577,111.76
11593,111.76
11609,111.76
11625,111.76
11640,111.76
11656,111.76
11672,111.76
11687,129.54
11704,129.54
11719,129.54
11736,129.54
11751,127.00
11766,127.00
11783,127.00
11798,127.00
11814,127.00
11830,147.32
11845,160.02
11862,160.02
11877,160.02
11893,157.48
11909,157.48
11925,157.48
11940,160.02
11956,160.02
11972,160.02
11987,114.30
12004,114.30
12019,116.84
12035,114.30
12051,114.30
12066,114.30
12083,111.76
12098,111.76
12114,111.76
12130,111.76
12145,111.76
12162,111.76
12177,111.76
12193,111.76
12209,111.76
12225,111.76
12240,111.76
12256,111.76
12272,111.76
12288,111.76
12304,111.76
12319,114.30
12335,114.30
12351,114.30
12366,114.30
12383,111.76
12398,111.76
12414,111.76
12430,111.76
12445,111.76
12462,111.76
12477,111.76
12493,111.76
12509,111.76
12525,111.76
12540,111.76
12556,111.76
12572,111.76
12588,111.76
12604,111.76
12619,111.76
12635,111.76
12651,114.30
12666,111.76
12683,114.30
12698,111.76
12715,111.76
12730,111.76
12745,114.30
12762,114.30
12777,116.84
12793,116.84
12809,116.84
12825,134.62
12840,134.62
12856,134.62
12872,129.54
12888,129.54
12904,129.54
12919,129.54
12935,129.54
12951,129.54
12966,129.54
12983,129.54
12998,129.54
13015,81.28
13030,83.82
13045,83.82
13062,83.82
13077,83.82
13092,83.82
13109,83.82
13124,78.74
13140,78.74
13156,78.74
13171,78.74
13188,78.74
13203,78.74
13218,129.54
13235,129.54
13250,129.54
13266,129.54
13282,129.54
13298,129.54
13314,134.62
13329,129.54
13345,129.54
13361,132.08
13377,129.54
13392,129.54
13408,132.08
13424,132.08
13440,132.08
13456,132.08
13471,132.08
13488,350.52
13503,345.44
13518,119.38
13535,119.38
13550,119.38
13566,116.84
13582,116.84
13597,119.38
13614,116.84
13629,116.84
13645,116.84
13661,116.84
13677,116.84
13692,119.38
13708,119.38
13724,355.60
13740,355.60
13756,353.06
13771,337.82
-1,-1
14787,292.10
14803,294.64
14819,292.10
14834,292.10
14851,292.10
14866,294.64
14882,294.64
14898,294.64
14914,355.60
14929,355.60
14945,355.60
14961,353.06
14977,350.52
14993,353.06
15008,353.06
15025,365.76
15040,365.76
15055,363.22
15072,355.60
15087,355.60
15104,358.14
15119,353.06
15134,350.52
15151,350.52
15166,353.06
15182,353.06
15198,119.38
15214,121.92
15229,121.92
15245,119.38
15261,119.38
15277,119.38
15293,121.92
15308,132.08
15325,132.08
15340,129.54
15355,165.10
15372,167.64
15387,167.64
15404,111.76
15419,111.76
15434,114.30
15451,132.08
15466,132.08
15482,132.08
15498,132.08
15514,129.54
15529,129.54
15545,132.08
15561,129.54
15577,129.54
15593,129.54
15608,132.08
15624,132.08
15640,83.82
15655,81.28
15672,81.28
15687,81.28
15703,81.28
15719,81.28
15734,81.28
15751,162.56
15766,160.02
15781,162.56
15798,132.08
15813,132.08
15830,132.08
15845,129.54
15860,132.08
15877,129.54
15892,129.54
15908,129.54
15924,129.54
15940,129.54
15955,129.54
15971,129.54
15987,137.16
16003,134.62
16019,132.08
16034,134.62
16050,119.38
16066,119.38
16081,119.38
16098,114.30
16113,114.30
16130,116.84
16145,116.84
16160,116.84
16177,114.30
16192,111.76
16208,111.76
16224,114.30
16240,111.76
16256,111.76
16271,111.76
16287,111.76
16303,111.76
16319,111.76
16334,111.76
16350,111.76
16366,114.30
16381,111.76
16398,111.76
16413,111.76
16430,111.76
16445,114.30
16460,114.30
16477,114.30
16492,111.76
16508,111.76
16524,111.76
16540,111.76
16556,111.76
16571,111.76
16587,111.76
16603,111.76
16619,111.76
16634,111.76
16650,111.76
16666,111.76
16681,111.76
16698,111.76
16713,111.76
16730,116.84
16745,114.30
16760,114.30
16777,114.30
16792,114.30
16808,114.30
16824,114.30
16840,114.30
16856,114.30
16871,114.30
16887,157.48
16903,157.48
16919,157.48
16934,157.48
16950,157.48
16966,157.48
16982,157.48
16998,157.48
17013,157.48
17030,157.48
17045,160.02
17060,160.02
17077,157.48
17092,162.56
17108,162.56
17124,162.56
17140,129.54
17156,127.00
17171,127.00
17187,129.54
17203,129.54
17219,127.00
17234,111.76
17250,111.76
17266,114.30
17282,111.76
17298,111.76
17313,111.76
17330,111.76
17345,114.30
17360,111.76
17377,109.22
17392,109.22
17409,109.22
17424,109.22
17440,109.22
17456,111.76
17471,109.22
-1,-1
18487,109.22
18503,109.22
18519,109.22
18535,109.22
18550,109.22
18567,109.22
18582,109.22
18597,109.22
18614,109.22
18629,109.22
18646,109.22
18661,109.22
18676,109.22
18693,109.22
18708,109.22
18724,109.22
18740,109.22
18756,109.22
18771,109.22
18787,109.22
18803,109.22
18819,109.22
18835,109.22
18850,109.22
18867,109.22
18882,109.22
18897,109.22
18914,109.22
18929,109.22
18946,109.22
18961,111.76
18976,111.76
18993,111.76
19008,111.76
19024,111.76
19040,111.76
19056,114.30
19072,127.00
19087,127.00
19103,127.00
19119,124.46
19135,124.46
19150,127.00
19167,132.08
19182,129.54
19197,129.54
19214,127.00
19229,127.00
19246,124.46
19261,127.00
19276,127.00
19293,127.00
19308,157.48
19324,160.02
19340,160.02
19356,157.48
19372,157.48
19387,160.02
19403,96.52
19419,116.84
19435,119.38
19450,119.38
19466,114.30
19482,114.30
19497,114.30
19514,111.76
19529,114.30
19546,114.30
19561,111.76
19576,111.76
19593,111.76
19608,111.76
19624,111.76
19640,114.30
19655,111.76
19672,111.76
19687,111.76
19703,111.76
19719,111.76
19735,111.76
19750,111.76
19766,111.76
19782,111.76
19798,111.76
19814,111.76
19829,111.76
19846,114.30
19861,111.76
19876,111.76
19893,109.22
19908,111.76
19924,111.76
19940,111.76
19955,111.76
19972,111.76
19987,111.76
20003,111.76
20019,111.76
20035,111.76
20050,111.76
20066,111.76
20082,111.76
20098,111.76
20114,111.76
20129,114.30
20146,114.30
20161,114.30
20176,111.76
20193,111.76
20208,114.30
20225,116.84
20240,116.84
20255,129.54
20272,129.54
20287,129.54
20303,129.54
20319,129.54
20335,129.54
20350,132.08
20366,132.08
20382,132.08
20398,129.54
20414,129.54
20429,132.08
20446,134.62
20461,132.08
20476,132.08
20493,81.28
20508,81.28
20525,81.28
20540,78.74
20555,81.28
20572,81.28
20587,81.28
20602,81.28
20619,81.28
20634,81.28
20651,129.54
20666,129.54
20681,129.54
20698,129.54
20713,129.54
20729,129.54
20745,132.08
20760,132.08
20776,132.08
20792,132.08
20808,132.08
20824,129.54
20840,129.54
20855,129.54
20871,129.54
20887,129.54
20902,132.08
20919,132.08
20934,132.08
20950,132.08
20966,353.06
20981,353.06
20998,116.84
21013,119.38
21029,119.38
21045,116.84
21060,116.84
21076,119.38
21092,119.38
21108,355.60
21124,350.52
21139,350.52
21155,355.60
21171,355.60
-1,-1
22187,347.98
22203,297.18
22218,289.56
22235,289.56
22250,289.56
22265,289.56
22282,289.56
22297,287.02
22313,287.02
22329,289.56
22345,355.60
22361,355.60
22376,355.60
22392,355.60
22408,355.60
22424,358.14
22439,368.30
22456,368.30
22471,368.30
22487,365.76
22503,358.14
22518,363.22
22535,360.68
22550,358.14
22566,358.14
22582,358.14
22597,355.60
22614,355.60
22629,119.38
22645,119.38
22661,119.38
22676,116.84
22692,119.38
22708,119.38
22724,134.62
22739,134.62
22756,134.62
22771,134.62
22787,165.10
22803,165.10
22818,165.10
22835,129.54
22850,132.08
22866,129.54
22882,129.54
22897,129.54
22914,132.08
22929,129.54
22945,129.54
22961,129.54
22976,132.08
22992,132.08
23008,132.08
23024,129.54
23040,129.54
23056,132.08
23071,81.28
23087,81.28
23103,81.28
23118,81.28
23134,162.56
23150,162.56
23165,162.56
23182,134.62
23197,134.62
23214,134.62
23229,132.08
23244,129.54
23261,132.08
23276,132.08
23292,132.08
23308,132.08
23323,129.54
23340,129.54
23355,129.54
23371,132.08
23387,132.08
23403,134.62
23418,116.84
23434,116.84
23450,116.84
23465,114.30
23482,111.76
23497,111.76
23514,111.76
23529,111.76
23544,111.76
23561,111.76
23576,111.76
23592,114.30
23608,111.76
23623,111.76
23640,111.76
23655,111.76
23671,114.30
23687,111.76
23703,111.76
23718,111.76
23734,111.76
23750,111.76
23766,111.76
23782,111.76
23797,111.76
23814,111.76
23829,111.76
23844,111.76
23861,111.76
23876,111.76
23892,114.30
23908,114.30
23923,111.76
23940,111.76
23955,111.76
23971,111.76
23987,111.76
24003,111.76
24018,111.76
24034,111.76
24050,111.76
24066,111.76
24082,111.76
24097,111.76
24114,111.76
24129,111.76
24144,111.76
24161,116.84
24176,114.30
24193,114.30
24208,114.30
24223,114.30
24240,114.30
24255,116.84
24271,157.48
24287,157.48
24303,157.48
24318,157.48
24334,157.48
24350,157.48
24366,157.48
24382,157.48
24397,157.48
24414,157.48
24429,157.48
24444,157.48
24461,157.48
24476,157.48
24493,157.48
24508,129.54
24523,127.00
24540,129.54
24555,139.70
24571,157.48
24587,157.48
24603,111.76
24619,104.14
24634,104.14
24650,106.68
24666,111.76
24682,111.76
24697,111.76
24714,111.76
24729,111.76
24744,111.76
24761,111.76
24776,111.76
24793,111.76
24808,109.22
24824,109.22
24840,111.76
24855,109.22
24871,109.22
-1,-1
25887,109.22
25903,109.22
25919,109.22
25934,109.22
25951,109.22
25966,109.22
25981,109.22
25998,109.22
26013,109.22
26030,109.22
26045,109.22
26060,109.22
26077,109.22
26092,109.22
26108,109.22
26124,109.22
26140,109.22
26156,109.22
26171,109.22
26187,116.84
26203,111.76
26219,109.22
26234,111.76
26251,111.76
26266,111.76
26281,111.76
26298,109.22
26313,109.22
26330,111.76
26345,111.76
26360,111.76
26377,111.76
26392,114.30
26408,114.30
26424,114.30
26440,149.86
26456,160.02
26471,160.02
26487,124.46
26503,124.46
26519,124.46
26534,127.00
26551,160.02
26566,157.48
26582,157.48
26598,157.48
26613,157.48
26630,160.02
26645,157.48
26660,157.48
26677,157.48
26692,157.48
26708,157.48
26724,157.48
26740,157.48
26756,160.02
26771,157.48
26787,114.30
26803,116.84
26819,116.84
26834,114.30
26850,114.30
26866,114.30
26882,111.76
26898,114.30
26913,111.76
26930,111.76
26945,111.76
26960,111.76
26977,111.76
26992,111.76
27009,111.76
27024,111.76
27040,111.76
27056,111.76
27071,111.76
27087,111.76
27103,111.76
27119,111.76
27134,111.76
27150,111.76
27166,114.30
27182,111.76
27198,111.76
27213,111.76
27230,111.76
27245,111.76
27260,111.76
27277,111.76
27292,111.76
27309,111.76
27324,111.76
27340,111.76
27356,111.76
27371,111.76
27387,111.76
27403,114.30
27419,111.76
27435,111.76
27450,114.30
27466,111.76
27482,111.76
27498,111.76
27513,111.76
27530,111.76
27545,114.30
27560,114.30
27577,116.84
27592,114.30
27609,114.30
27624,114.30
27640,116.84
27656,114.30
27671,114.30
27687,129.54
27703,129.54
27719,129.54
27735,129.54
27750,129.54
27766,129.54
27782,129.54
27798,129.54
27813,129.54
27830,129.54
27845,129.54
27860,129.54
27877,83.82
27892,83.82
27909,83.82
27924,81.28
27939,81.28
27956,81.28
27971,134.62
27987,132.08
28003,132.08
28018,132.08
28035,129.54
28050,129.54
28066,129.54
28082,129.54
28097,129.54
28113,129.54
28129,129.54
28145,129.54
28161,129.54
28177,170.18
28192,167.64
28208,167.64
28224,167.64
28239,170.18
28256,170.18
28271,132.08
28286,132.08
28303,134.62
28318,132.08
28335,353.06
28350,350.52
28366,231.14
28382,119.38
28397,119.38
28413,119.38
28429,116.84
28445,116.84
28461,119.38
28476,119.38
28492,347.98
28508,347.98
28524,347.98
28539,358.14
28556,355.60
28571,355.60
-1,-1
29587,287.02
29602,292.10
29619,289.56
29634,289.56
29650,289.56
29666,292.10
29682,292.10
29698,294.64
29713,299.72
29729,299.72
29745,297.18
29761,299.72
29776,353.06
29793,353.06
29808,353.06
29824,353.06
29840,355.60
29855,353.06
29872,353.06
29887,353.06
29902,353.06
29919,353.06
29934,355.60
29950,353.06
29966,350.52
29982,350.52
29998,353.06
30013,350.52
30029,353.06
30045,353.06
30061,116.84
30076,116.84
30093,119.38
30108,172.72
30124,170.18
30140,170.18
30155,165.10
30172,165.10
30187,165.10
30202,165.10
30219,165.10
30234,165.10
30251,119.38
30266,132.08
30282,132.08
30298,132.08
30313,129.54
30329,129.54
30345,129.54
30361,129.54
30376,129.54
30393,129.54
30408,129.54
30424,129.54
30440,132.08
30455,132.08
30472,132.08
30487,132.08
30502,81.28
30519,83.82
30534,83.82
30551,78.74
30566,78.74
30581,81.28
30598,132.08
30613,129.54
30629,129.54
30645,86.36
30660,81.28
30676,83.82
30692,83.82
30708,132.08
30724,134.62
30739,132.08
30755,129.54
30771,129.54
30787,129.54
30802,116.84
30818,114.30
30834,116.84
30850,111.76
30866,111.76
30881,114.30
30898,111.76
30913,111.76
30928,111.76
30945,111.76
30960,111.76
30977,111.76
30992,111.76
31008,111.76
31024,111.76
31039,111.76
31055,111.76
31071,111.76
31087,111.76
31102,111.76
31118,111.76
31134,111.76
31150,111.76
31166,111.76
31181,111.76
31198,114.30
31213,111.76
31228,114.30
31245,114.30
31260,114.30
31277,114.30
31292,111.76
31308,111.76
31324,111.76
31339,111.76
31355,111.76
31371,111.76
31387,111.76
31403,111.76
31418,111.76
31434,111.76
31450,111.76
31466,111.76
31481,111.76
31498,111.76
31513,111.76
31528,111.76
31545,111.76
31560,111.76
31577,111.76
31592,114.30
31608,114.30
31624,114.30
31639,114.30
31655,114.30
31671,116.84
31687,124.46
31703,157.48
31718,157.48
31734,157.48
31750,157.48
31766,157.48
31781,157.48
31798,157.48
31813,157.48
31828,157.48
31845,157.48
31860,157.48
31877,157.48
31892,157.48
31908,157.48
31924,157.48
31939,129.54
31955,127.00
31971,129.54
31987,162.56
32003,160.02
32018,157.48
32034,104.14
32050,104.14
32066,104.14
32081,114.30
32098,111.76
32113,111.76
32129,111.76
32145,111.76
32160,111.76
32177,111.76
32192,111.76
32208,111.76
32224,114.30
32239,111.76
32256,111.76
32271,111.76
-1,-1
33287,109.22
33303,109.22
33318,109.22
33334,109.22
33350,109.22
33366,109.22
33382,109.22
33397,109.22
33414,109.22
33429,109.22
33444,111.76
33461,109.22
33476,109.22
33492,109.22
33508,109.22
33524,109.22
33540,109.22
33555,109.22
33571,109.22
33587,109.22
33603,109.22
33618,114.30
33634,114.30
33650,114.30
33666,111.76
33682,111.76
33697,111.76
33714,111.76
33729,111.76
33744,111.76
33761,111.76
33776,111.76
33793,111.76
33808,111.76
33823,127.00
33840,127.00
33855,127.00
33871,124.46
33887,124.46
33903,124.46
33918,162.56
33934,157.48
33950,157.48
33966,132.08
33982,129.54
33997,127.00
34014,127.00
34029,157.48
34044,157.48
34061,157.48
34076,157.48
34093,157.48
34108,157.48
34123,160.02
34140,160.02
34155,160.02
34171,114.30
34187,114.30
34203,114.30
34219,114.30
34234,116.84
34250,114.30
34266,114.30
34282,114.30
34297,114.30
34313,111.76
34329,111.76
34344,111.76
34361,111.76
34376,111.76
34393,111.76
34408,111.76
34423,111.76
34440,111.76
34455,111.76
34471,111.76
34487,111.76
34503,111.76
34519,111.76
34534,111.76
34550,111.76
34566,111.76
34582,111.76
34597,111.76
34613,111.76
34629,111.76
34644,111.76
34661,111.76
34676,111.76
34693,114.30
34708,111.76
34723,111.76
34740,111.76
34755,111.76
34771,111.76
34787,111.76
34803,111.76
34819,114.30
34834,111.76
34850,114.30
34866,114.30
34882,111.76
34897,111.76
34913,111.76
34929,114.30
34945,114.30
34961,114.30
34976,114.30
34993,114.30
35008,134.62
35023,134.62
35040,134.62
35055,132.08
35072,132.08
35087,132.08
35102,129.54
35119,132.08
35134,132.08
35150,134.62
35166,132.08
35182,132.08
35197,132.08
35213,132.08
35229,132.08
35245,132.08
35261,81.28
35276,83.82
35292,83.82
35308,165.10
35323,165.10
35340,165.10
35355,132.08
35371,132.08
35387,134.62
35402,132.08
35419,129.54
35434,132.08
35450,129.54
35466,129.54
35481,129.54
35497,129.54
35513,129.54
35529,129.54
35545,129.54
35561,129.54
35576,129.54
35592,129.54
35608,129.54
35623,129.54
35640,132.08
35655,104.14
35671,106.68
35687,109.22
35702,121.92
35719,121.92
35734,119.38
35750,116.84
35766,116.84
35781,116.84
35798,116.84
35813,119.38
35829,116.84
35845,116.84
35860,340.36
35876,353.06
35892,353.06
35908,358.14
35923,355.60
35940,358.14
35955,355.60
35971,355.60
-1,-1
36987,353.06
37003,347.98
37018,350.52
37035,350.52
37050,325.12
37066,297.18
37082,297.18
37097,297.18
37113,297.18
37129,297.18
37145,337.82
37160,347.98
37177,350.52
37192,350.52
37208,355.60
37224,353.06
37239,355.60
37256,355.60
37271,358.14
37287,358.14
37303,353.06
37318,353.06
37335,119.38
37350,116.84
37366,116.84
37382,116.84
37398,116.84
37413,116.84
37429,116.84
37445,114.30
37460,116.84
37477,114.30
37492,119.38
37508,116.84
37524,116.84
37539,132.08
37556,132.08
37571,134.62
37587,132.08
37603,132.08
37618,132.08
37635,129.54
37650,129.54
37666,132.08
37682,129.54
37697,129.54
37713,129.54
37729,129.54
37745,132.08
37761,129.54
37777,132.08
37792,129.54
37808,132.08
37824,129.54
37839,132.08
37856,132.08
37871,132.08
37886,165.10
37903,165.10
37918,165.10
37935,162.56
37950,162.56
37966,165.10
37982,132.08
37997,129.54
38013,129.54
38029,132.08
38045,132.08
38061,132.08
38077,132.08
38092,129.54
38108,132.08
38124,129.54
38139,129.54
38156,129.54
38171,129.54
38187,134.62
38203,132.08
38218,132.08
38235,119.38
38250,119.38
38266,119.38
38282,114.30
38297,114.30
38313,114.30
38329,111.76
38345,114.30
38361,111.76
38377,114.30
38392,114.30
38408,114.30
38424,111.76
38439,114.30
38456,114.30
38471,111.76
38487,114.30
38503,114.30
38518,111.76
38535,114.30
38550,114.30
38566,111.76
38582,111.76
38597,111.76
38614,111.76
38629,111.76
38645,114.30
38661,111.76
38677,114.30
38692,114.30
38708,114.30
38724,111.76
38739,111.76
38756,111.76
38771,111.76
38787,111.76
38803,111.76
38818,111.76
38835,114.30
38850,114.30
38866,111.76
38882,111.76
38897,111.76
38914,114.30
38929,111.76
38945,111.76
38961,111.76
38977,114.30
38992,116.84
39008,114.30
39024,114.30
39040,114.30
39056,114.30
39071,162.56
39087,157.48
39103,157.48
39118,157.48
39135,157.48
39150,157.48
39166,162.56
39182,157.48
39197,157.48
39214,160.02
39229,157.48
39245,157.48
39261,157.48
39277,160.02
39292,160.02
39308,157.48
39324,157.48
39340,157.48
39356,157.48
39371,157.48
39387,157.48
39403,157.48
39418,124.46
39435,124.46
39450,127.00
39467,101.60
39482,101.60
39497,101.60
39514,109.22
39529,109.22
39545,109.22
39561,111.76
39577,111.76
39592,114.30
39608,111.76
39624,111.76
39640,111.76
39656,111.76
39671,111.76
-1,-1
40687,111.76
40704,109.22
40719,109.22
40734,109.22
40751,109.22
40766,109.22
40782,109.22
40798,114.30
40813,111.76
40829,114.30
40845,111.76
40861,109.22
40877,109.22
40893,111.76
40908,109.22
40924,109.22
40940,109.22
40955,109.22
40972,109.22
40987,109.22
41004,111.76
41019,111.76
41034,111.76
41051,111.76
41066,111.76
41082,111.76
41098,111.76
41113,111.76
41129,111.76
41145,111.76
41161,111.76
41177,111.76
41193,111.76
41208,111.76
41224,114.30
41240,111.76
41255,157.48
41272,157.48
41287,157.48
41304,127.00
41319,127.00
41334,127.00
41351,160.02
41366,160.02
41382,160.02
41398,157.48
41413,157.48
41430,157.48
41445,157.48
41461,157.48
41477,157.48
41493,162.56
41508,157.48
41524,157.48
41540,157.48
41555,160.02
41572,157.48
41587,157.48
41603,116.84
41619,116.84
41634,116.84
41651,114.30
41666,114.30
41682,114.30
41698,111.76
41713,111.76
41730,114.30
41745,111.76
41761,111.76
41777,111.76
41793,111.76
41808,111.76
41824,111.76
41840,111.76
41856,111.76
41872,111.76
41887,111.76
41903,111.76
41919,111.76
41934,119.38
41951,114.30
41966,116.84
41982,114.30
41998,111.76
42013,111.76
42030,111.76
42045,111.76
42061,111.76
42077,114.30
42093,111.76
42108,114.30
42124,114.30
42140,111.76
42156,114.30
42172,111.76
42187,114.30
42203,111.76
42219,114.30
42234,111.76
42251,111.76
42266,111.76
42283,111.76
42298,111.76
42313,111.76
42330,114.30
42345,111.76
42361,111.76
42377,111.76
42393,134.62
42408,134.62
42424,134.62
42440,129.54
42456,132.08
42472,129.54
42487,132.08
42503,129.54
42519,132.08
42534,132.08
42551,132.08
42566,132.08
42582,129.54
42598,129.54
42613,129.54
42630,83.82
42645,83.82
42661,83.82
42677,83.82
42692,81.28
42708,81.28
42724,81.28
42739,134.62
42756,134.62
42771,132.08
42787,129.54
42803,129.54
42818,129.54
42834,81.28
42850,83.82
42866,83.82
42882,132.08
42897,132.08
42913,129.54
42929,129.54
42945,129.54
42960,132.08
42977,129.54
42992,129.54
43008,132.08
43024,129.54
43039,134.62
43056,134.62
43071,132.08
43086,129.54
43103,129.54
43118,129.54
43134,119.38
43150,121.92
43166,119.38
43182,116.84
43197,116.84
43213,116.84
43229,116.84
43245,116.84
43260,116.84
43277,116.84
43292,350.52
43308,347.98
43324,347.98
43339,360.68
43356,360.68
43371,358.14
-1,-1
44387,358.14
44403,358.14
44419,121.92
44434,124.46
44450,124.46
44466,124.46
44482,294.64
44497,292.10
44513,111.76
44529,119.38
44545,119.38
44561,119.38
44576,360.68
44593,358.14
44608,358.14
44623,353.06
44640,353.06
44655,350.52
44672,350.52
44687,353.06
44703,353.06
44719,353.06
44734,355.60
44750,355.60
44766,358.14
44782,358.14
44797,358.14
44814,121.92
44829,121.92
44845,124.46
44861,124.46
44876,353.06
44893,350.52
44908,157.48
44923,137.16
44940,139.70
44955,137.16
44972,132.08
44987,132.08
45003,134.62
45019,132.08
45034,132.08
45050,132.08
45066,132.08
45082,132.08
45097,132.08
45113,129.54
45129,129.54
45145,129.54
45161,132.08
45176,129.54
45193,132.08
45208,129.54
45223,129.54
45240,132.08
45255,129.54
45272,132.08
45287,129.54
45303,132.08
45319,162.56
45334,162.56
45350,162.56
45366,162.56
45382,162.56
45398,162.56
45413,109.22
45429,109.22
45445,111.76
45461,132.08
45476,134.62
45493,132.08
45508,129.54
45523,129.54
45540,129.54
45555,134.62
45572,134.62
45587,132.08
45602,137.16
45619,132.08
45634,132.08
45650,116.84
45666,114.30
45682,114.30
45698,114.30
45713,114.30
45729,114.30
45745,114.30
45761,111.76
45776,111.76
45793,111.76
45808,114.30
45824,114.30
45840,114.30
45855,111.76
45872,114.30
45887,111.76
45902,111.76
45919,114.30
45934,114.30
45950,114.30
45966,114.30
45982,114.30
45998,114.30
46013,111.76
46029,111.76
46045,111.76
46061,114.30
46076,111.76
46093,111.76
46108,114.30
46124,111.76
46140,111.76
46155,111.76
46172,111.76
46187,111.76
46202,111.76
46219,111.76
46234,111.76
46251,111.76
46266,111.76
46282,111.76
46298,111.76
46313,111.76
46329,111.76
46345,116.84
46361,114.30
46376,114.30
46393,114.30
46408,114.30
46424,114.30
46440,114.30
46455,114.30
46472,114.30
46487,114.30
46502,160.02
46519,160.02
46534,160.02
46551,104.14
46566,104.14
46582,106.68
46598,160.02
46613,160.02
46629,160.02
46645,157.48
46661,157.48
46676,157.48
46693,129.54
46708,127.00
46724,129.54
46740,127.00
46755,127.00
46772,127.00
46787,127.00
46802,127.00
46819,127.00
46834,127.00
46851,116.84
46866,119.38
46881,119.38
46898,111.76
46913,114.30
46929,114.30
46945,111.76
46961,114.30
46977,114.30
46992,111.76
47008,111.76
47024,111.76
47040,114.30
47055,111.76
47072,111.76
-1,-1
48088,109.22
48103,109.22
48118,109.22
48135,109.22
48150,109.22
48166,111.76
48182,111.76
48198,109.22
48214,109.22
48229,109.22
48245,109.22
48261,109.22
48277,109.22
48292,109.22
48308,109.22
48324,109.22
48339,109.22
48356,109.22
48371,109.22
48388,109.22
48403,109.22
48418,111.76
48435,114.30
48450,114.30
48466,114.30
48482,111.76
48498,114.30
48514,111.76
48529,111.76
48545,114.30
48561,111.76
48577,129.54
48592,129.54
48608,127.00
48624,144.78
48640,157.48
48656,157.48
48671,109.22
48688,129.54
48703,129.54
48718,127.00
48735,127.00
48750,124.46
48766,127.00
48782,157.48
48797,157.48
48814,157.48
48829,157.48
48845,157.48
48861,157.48
48877,157.48
48892,157.48
48908,157.48
48924,157.48
48940,157.48
48956,157.48
48971,116.84
48988,116.84
49003,116.84
49018,114.30
49035,114.30
49050,116.84
49067,114.30
49082,114.30
49097,114.30
49114,114.30
49129,111.76
49145,114.30
49161,111.76
49177,111.76
49192,111.76
49208,111.76
49224,114.30
49240,114.30
49256,111.76
49271,111.76
49288,111.76
49303,111.76
49318,111.76
49335,111.76
49350,111.76
49367,111.76
49382,111.76
49397,111.76
49414,111.76
49429,111.76
49445,111.76
49461,111.76
49477,111.76
49492,111.76
49508,111.76
49524,111.76
49540,111.76
49556,111.76
49571,111.76
49588,111.76
49603,111.76
49618,111.76
49635,111.76
49650,111.76
49667,111.76
49682,111.76
49697,111.76
49714,116.84
49729,114.30
49745,114.30
49761,132.08
49777,134.62
49793,132.08
49808,134.62
49824,132.08
49840,132.08
49856,132.08
49871,132.08
49887,132.08
49903,132.08
49918,132.08
49935,132.08
49950,132.08
49967,132.08
49982,132.08
49997,132.08
50014,167.64
50029,162.56
50045,162.56
50061,165.10
50076,162.56
50093,162.56
50108,162.56
50124,162.56
50140,162.56
50156,162.56
50171,162.56
50187,162.56
50203,165.10
50219,132.08
50235,134.62
50250,132.08
50267,132.08
50282,132.08
50297,132.08
50314,132.08
50329,132.08
50345,134.62
50361,132.08
50376,129.54
50393,132.08
50408,157.48
50424,167.64
50440,167.64
50456,109.22
50471,109.22
50487,109.22
50503,119.38
50519,129.54
50535,129.54
50550,129.54
50566,320.04
50582,353.06
50597,350.52
50614,121.92
50629,124.46
50646,121.92
50661,119.38
50676,116.84
50693,116.84
50708,116.84
50724,116.84
50740,116.84
50756,114.30
50771,114.30
-1,-1
51787,116.84
51803,119.38
51819,119.38
51834,116.84
51851,274.32
51866,292.10
51881,292.10
51898,114.30
51913,116.84
51930,116.84
51945,116.84
51961,116.84
51977,116.84
51992,116.84
52008,116.84
52024,116.84
52040,116.84
52056,116.84
52072,119.38
52087,119.38
52103,114.30
52119,114.30
52134,116.84
52151,116.84
52166,114.30
52182,114.30
52198,114.30
52213,114.30
52230,114.30
52245,119.38
52261,116.84
52277,116.84
52292,116.84
52308,355.60
52324,350.52
52340,134.62
52356,132.08
52372,132.08
52387,137.16
52403,132.08
52419,132.08
52434,132.08
52451,129.54
52466,129.54
52482,129.54
52498,129.54
52513,132.08
52530,132.08
52545,129.54
52561,129.54
52577,129.54
52592,132.08
52609,132.08
52624,129.54
52640,132.08
52656,134.62
52671,134.62
52687,167.64
52703,162.56
52719,162.56
52734,132.08
52751,134.62
52766,134.62
52782,86.36
52798,81.28
52813,83.82
52830,83.82
52845,129.54
52860,129.54
52877,129.54
52892,129.54
52909,129.54
52924,132.08
52939,132.08
52956,132.08
52971,134.62
52987,137.16
53003,137.16
53019,134.62
53035,119.38
53050,119.38
53066,119.38
53082,111.76
53098,114.30
53113,114.30
53129,111.76
53145,111.76
53160,111.76
53177,111.76
53192,114.30
53209,111.76
53224,114.30
53239,111.76
53256,111.76
53271,111.76
53287,111.76
53303,111.76
53319,111.76
53335,111.76
53350,111.76
53366,111.76
53382,114.30
53398,116.84
53413,116.84
53429,111.76
53445,111.76
53460,111.76
53477,111.76
53492,111.76
53509,111.76
53524,111.76
53539,111.76
53556,111.76
53571,111.76
53587,111.76
53603,111.76
53619,111.76
53635,111.76
53650,111.76
53666,111.76
53682,111.76
53698,114.30
53713,111.76
53729,111.76
53745,111.76
53761,111.76
53777,114.30
53792,114.30
53809,114.30
53824,114.30
53839,114.30
53856,114.30
53871,114.30
53888,157.48
53903,157.48
53918,157.48
53935,160.02
53950,160.02
53966,160.02
53982,157.48
53998,157.48
54013,157.48
54029,157.48
54045,157.48
54061,157.48
54077,127.00
54092,127.00
54109,127.00
54124,127.00
54139,127.00
54156,127.00
54171,129.54
54188,127.00
54203,127.00
54218,101.60
54235,101.60
54250,101.60
54266,114.30
54282,111.76
54298,111.76
54313,111.76
54329,111.76
54345,111.76
54361,111.76
54377,109.22
54392,109.22
54408,109.22
54424,109.22
54439,109.22
54456,109.22
54471,109.22
-1,-1
55487,109.22
55503,109.22
55519,109.22
55534,111.76
55550,111.76
55566,109.22
55582,109.22
55598,109.22
55614,109.22
55629,109.22
55645,109.22
55661,109.22
55676,109.22
55693,109.22
55708,109.22
55725,109.22
55740,109.22
55755,109.22
55772,109.22
55787,109.22
55803,109.22
55819,109.22
55834,111.76
55851,109.22
55866,109.22
55882,109.22
55898,109.22
55914,111.76
55929,111.76
55945,111.76
55961,111.76
55976,111.76
55993,111.76
56008,111.76
56025,111.76
56040,111.76
56055,127.00
56072,124.46
56087,127.00
56103,129.54
56119,129.54
56134,129.54
56151,127.00
56166,127.00
56182,127.00
56198,127.00
56214,160.02
56229,160.02
56245,160.02
56261,157.48
56276,157.48
56293,160.02
56308,157.48
56324,157.48
56340,157.48
56355,157.48
56372,157.48
56387,160.02
56403,114.30
56419,116.84
56434,116.84
56451,111.76
56466,111.76
56482,111.76
56498,111.76
56514,111.76
56529,111.76
56545,111.76
56561,111.76
56577,111.76
56593,111.76
56608,111.76
56624,111.76
56640,111.76
56655,111.76
56672,111.76
56687,111.76
56704,111.76
56719,111.76
56734,111.76
56751,111.76
56766,111.76
56782,114.30
56798,111.76
56814,111.76
56829,111.76
56845,111.76
56861,111.76
56877,111.76
56893,111.76
56908,111.76
56924,111.76
56940,114.30
56955,114.30
56972,111.76
56987,114.30
57004,111.76
57019,111.76
57034,114.30
57051,114.30
57066,111.76
57082,111.76
57098,111.76
57114,114.30
57129,114.30
57145,111.76
57161,111.76
57177,111.76
57193,114.30
57208,114.30
57224,114.30
57240,134.62
57255,134.62
57272,132.08
57287,132.08
57304,129.54
57319,132.08
57334,132.08
57351,129.54
57366,132.08
57382,129.54
57398,132.08
57413,132.08
57430,132.08
57445,132.08
57461,132.08
57477,134.62
57493,132.08
57508,132.08
57524,132.08
57540,162.56
57555,165.10
57572,162.56
57587,106.68
57603,106.68
57619,106.68
57634,116.84
57651,132.08
57666,132.08
57682,132.08
57698,129.54
57713,129.54
57730,132.08
57745,129.54
57761,129.54
57777,132.08
57793,132.08
57808,132.08
57824,132.08
57840,129.54
57856,129.54
57872,129.54
57887,129.54
57903,360.68
57919,355.60
57934,355.60
57951,355.60
57966,353.06
57982,355.60
57998,350.52
58013,350.52
58030,353.06
58045,355.60
58061,355.60
58077,355.60
58092,355.60
58108,360.68
58124,360.68
58140,360.68
58156,365.76
58172,365.76
-1,-1
59188,355.60
59203,355.60
59218,355.60
59235,332.74
59250,294.64
59267,294.64
59282,330.20
59298,368.30
59314,365.76
59329,119.38
59345,119.38
59361,121.92
59377,121.92
59393,292.10
59409,294.64
59424,119.38
59440,121.92
59456,121.92
59471,121.92
59488,353.06
59503,350.52
59518,111.76
59535,119.38
59550,119.38
59567,119.38
59582,360.68
59598,358.14
59614,355.60
59629,358.14
59645,368.30
59661,370.84
59677,370.84
59693,350.52
59709,353.06
59724,116.84
59740,119.38
59756,121.92
59771,170.18
59788,165.10
59803,165.10
59819,132.08
59835,129.54
59850,132.08
59867,129.54
59882,132.08
59898,129.54
59914,129.54
59929,129.54
59945,129.54
59961,129.54
59977,129.54
59993,129.54
60009,104.14
60024,78.74
60040,81.28
60056,81.28
60071,162.56
60088,162.56
60103,162.56
60119,81.28
60135,81.28
60150,81.28
60166,132.08
60182,132.08
60197,132.08
60214,132.08
60229,132.08
60246,132.08
60261,129.54
60276,129.54
60293,129.54
60308,132.08
60324,129.54
60340,132.08
60355,129.54
60371,132.08
60387,132.08
60403,132.08
60419,114.30
60435,116.84
60450,116.84
60466,114.30
60482,114.30
60497,114.30
60514,114.30
60529,111.76
60546,111.76
60561,111.76
60576,111.76
60593,111.76
60608,111.76
60624,111.76
60640,111.76
60655,111.76
60672,111.76
60687,111.76
60703,114.30
60719,111.76
60735,111.76
60750,111.76
60766,111.76
60782,111.76
60797,111.76
60814,111.76
60829,111.76
60846,111.76
60861,111.76
60876,111.76
60893,111.76
60908,111.76
60924,111.76
60940,111.76
60955,111.76
60972,111.76
60987,111.76
61003,111.76
61019,111.76
61035,111.76
61050,111.76
61066,111.76
61082,111.76
61097,111.76
61114,111.76
61129,111.76
61145,111.76
61161,111.76
61176,111.76
61193,111.76
61208,114.30
61224,114.30
61240,114.30
61255,116.84
61272,114.30
61287,114.30
61303,137.16
61319,157.48
61335,157.48
61350,157.48
61366,157.48
61382,157.48
61398,157.48
61414,157.48
61429,160.02
61445,160.02
61461,127.00
61476,127.00
61493,129.54
61508,127.00
61524,129.54
61540,129.54
61555,127.00
61572,127.00
61587,127.00
61603,127.00
61619,127.00
61634,127.00
61650,114.30
61666,114.30
61682,114.30
61698,111.76
61714,111.76
61729,111.76
61745,111.76
61761,111.76
61776,111.76
61793,114.30
61808,111.76
61825,111.76
61840,111.76
61855,114.30
61872,111.76
-1,-1
62887,109.22
62903,109.22
62919,109.22
62935,114.30
62951,109.22
62966,109.22
62982,109.22
62998,109.22
63013,109.22
63030,109.22
63045,109.22
63060,109.22
63077,109.22
63092,109.22
63109,109.22
63124,109.22
63140,111.76
63156,111.76
63171,111.76
63187,109.22
63203,109.22
63219,109.22
63235,111.76
63251,111.76
63266,114.30
63282,109.22
63298,109.22
63313,109.22
63330,109.22
63345,111.76
63362,109.22
63377,109.22
63392,111.76
63409,111.76
63424,111.76
63440,127.00
63456,127.00
63471,127.00
63488,127.00
63503,127.00
63519,127.00
63535,127.00
63551,127.00
63566,127.00
63582,157.48
63598,160.02
63613,157.48
63630,160.02
63645,162.56
63661,160.02
63677,160.02
63692,157.48
63709,160.02
63724,160.02
63740,157.48
63756,157.48
63771,157.48
63788,116.84
63803,116.84
63819,116.84
63835,114.30
63850,114.30
63866,114.30
63882,114.30
63898,111.76
63913,114.30
63930,111.76
63945,111.76
63961,111.76
63977,111.76
63992,111.76
64009,111.76
64024,114.30
64040,111.76
64056,111.76
64071,111.76
64088,111.76
64103,114.30
64119,111.76
64135,111.76
64150,111.76
64166,111.76
64182,109.22
64198,111.76
64214,114.30
64230,111.76
64245,111.76
64261,111.76
64277,111.76
64292,111.76
64309,111.76
64324,114.30
64340,111.76
64356,111.76
64371,114.30
64388,114.30
64403,114.30
64419,114.30
64435,111.76
64450,111.76
64466,114.30
64482,114.30
64498,111.76
64514,111.76
64530,111.76
64545,111.76
64561,111.76
64577,111.76
64592,111.76
64609,116.84
64624,137.16
64641,137.16
64656,137.16
64671,129.54
64688,129.54
64703,132.08
64719,129.54
64735,129.54
64751,132.08
64766,132.08
64782,132.08
64798,129.54
64814,129.54
64830,129.54
64845,129.54
64861,129.54
64877,83.82
64892,83.82
64909,83.82
64924,81.28
64940,78.74
64956,81.28
64971,129.54
64988,129.54
65003,129.54
65018,129.54
65035,129.54
65050,129.54
65067,129.54
65082,129.54
65097,129.54
65114,83.82
65129,83.82
65145,83.82
65161,81.28
65176,129.54
65192,129.54
65208,129.54
65224,129.54
65240,129.54
65256,129.54
65271,116.84
65287,116.84
65303,116.84
65318,116.84
65335,116.84
65350,116.84
65366,116.84
65382,114.30
65397,114.30
65414,119.38
65429,116.84
65445,116.84
65461,116.84
65476,116.84
65492,116.84
65508,116.84
65524,114.30
65540,114.30
65556,114.30
65571,116.84
-1,-1
66587,289.56
66603,121.92
66619,119.38
66634,119.38
66651,119.38
66666,292.10
66682,289.56
66698,287.02
66713,297.18
66729,297.18
66745,297.18
66761,342.90
66777,353.06
66792,353.06
66808,119.38
66824,119.38
66840,119.38
66855,116.84
66872,119.38
66887,119.38
66903,116.84
66919,353.06
66934,350.52
66951,119.38
66966,119.38
66982,121.92
66998,116.84
67013,114.30
67030,114.30
67045,121.92
67061,116.84
67077,116.84
67092,116.84
67108,116.84
67124,116.84
67140,116.84
67155,114.30
67172,116.84
67187,116.84
67203,129.54
67219,129.54
67234,129.54
67251,116.84
67266,116.84
67281,116.84
67298,129.54
67313,132.08
67330,132.08
67345,129.54
67361,129.54
67377,129.54
67392,129.54
67408,129.54
67424,132.08
67440,129.54
67456,132.08
67472,132.08
67487,132.08
67503,162.56
67519,162.56
67534,162.56
67551,78.74
67566,81.28
67581,81.28
67598,129.54
67613,129.54
67630,129.54
67645,129.54
67660,129.54
67677,129.54
67692,129.54
67708,129.54
67724,129.54
67739,129.54
67756,129.54
67771,129.54
67787,132.08
67803,137.16
67819,137.16
67834,137.16
67850,119.38
67866,119.38
67881,119.38
67898,111.76
67913,111.76
67930,114.30
67945,111.76
67960,114.30
67977,111.76
67992,111.76
68008,111.76
68024,111.76
68040,111.76
68056,111.76
68071,111.76
68087,111.76
68103,111.76
68119,114.30
68134,111.76
68150,111.76
68166,111.76
68182,111.76
68198,111.76
68213,111.76
68230,114.30
68245,111.76
68260,111.76
68277,111.76
68292,111.76
68308,111.76
68324,111.76
68339,111.76
68356,114.30
68371,111.76
68387,111.76
68403,111.76
68419,114.30
68434,111.76
68450,111.76
68466,114.30
68482,111.76
68498,111.76
68513,111.76
68530,111.76
68545,114.30
68560,111.76
68577,111.76
68592,114.30
68609,116.84
68624,114.30
68639,114.30
68656,114.30
68671,114.30
68687,160.02
68703,160.02
68719,157.48
68734,157.48
68750,157.48
68766,157.48
68782,157.48
68798,157.48
68813,157.48
68830,160.02
68845,157.48
68860,157.48
68877,157.48
68892,160.02
68909,157.48
68924,157.48
68939,127.00
68956,127.00
68971,127.00
68987,129.54
69003,129.54
69019,129.54
69035,129.54
69050,129.54
69066,127.00
69082,114.30
69098,116.84
69113,116.84
69129,111.76
69145,111.76
69160,111.76
69177,111.76
69192,111.76
69209,111.76
69224,109.22
69239,109.22
69256,111.76
69271,111.76
-1,-1
70287,109.22
70303,109.22
70319,109.22
70335,109.22
70350,109.22
70366,109.22
70382,109.22
70397,109.22
70414,109.22
70429,109.22
70446,109.22
70461,109.22
70476,109.22
70493,109.22
70508,109.22
70524,109.22
70540,109.22
70555,111.76
70572,109.22
70587,109.22
70603,109.22
70619,109.22
70635,111.76
70650,111.76
70666,111.76
70682,111.76
70697,111.76
70714,109.22
70729,109.22
70746,109.22
70761,114.30
70776,111.76
70793,111.76
70808,111.76
70824,111.76
70840,111.76
70856,114.30
70872,129.54
70887,127.00
70903,129.54
70919,127.00
70935,127.00
70950,129.54
70966,127.00
70982,127.00
70998,127.00
71014,160.02
71029,160.02
71046,160.02
71061,157.48
71076,157.48
71093,157.48
71108,157.48
71124,157.48
71140,157.48
71155,160.02
71172,157.48
71187,160.02
71203,157.48
71219,160.02
71235,160.02
71250,160.02
71266,114.30
71282,116.84
71298,116.84
71314,114.30
71329,111.76
71346,114.30
71361,111.76
71376,111.76
71393,111.76
71408,111.76
71425,111.76
71440,114.30
71455,111.76
71472,111.76
71487,111.76
71503,111.76
71519,111.76
71535,111.76
71550,111.76
71566,111.76
71582,111.76
71598,111.76
71614,111.76
71629,111.76
71646,111.76
71661,111.76
71676,111.76
71693,111.76
71708,111.76
71725,111.76
71740,111.76
71755,111.76
71772,111.76
71787,111.76
71803,111.76
71819,111.76
71835,111.76
71851,114.30
71866,111.76
71882,111.76
71898,111.76
71914,111.76
71929,111.76
71946,111.76
71961,114.30
71976,116.84
71993,116.84
72008,114.30
72025,114.30
72040,114.30
72056,134.62
72072,134.62
72087,134.62
72103,132.08
72119,129.54
72135,132.08
72151,129.54
72166,129.54
72182,129.54
72198,129.54
72214,129.54
72229,129.54
72246,129.54
72261,165.10
72276,165.10
72293,162.56
72308,162.56
72325,162.56
72340,116.84
72356,81.28
72372,78.74
72387,81.28
72403,81.28
72419,81.28
72434,81.28
72451,129.54
72466,129.54
72482,129.54
72498,129.54
72513,129.54
72529,129.54
72545,129.54
72561,129.54
72577,129.54
72593,134.62
72608,165.10
72624,165.10
72640,165.10
72655,137.16
72672,137.16
72687,137.16
72702,248.92
72719,360.68
72734,358.14
72751,137.16
72766,139.70
72782,137.16
72798,116.84
72813,116.84
72829,121.92
72845,116.84
72861,116.84
72877,116.84
72893,116.84
72908,119.38
72924,116.84
72940,119.38
72955,350.52
72972,347.98
-1,-1
73988,355.60
74003,355.60
74019,355.60
74035,355.60
74050,307.34
74066,289.56
74082,289.56
74098,287.02
74114,287.02
74130,289.56
74145,355.60
74161,355.60
74177,358.14
74192,350.52
74209,353.06
74224,353.06
74241,353.06
74256,353.06
74271,353.06
74288,358.14
74303,353.06
74319,355.60
74335,121.92
74350,124.46
74366,124.46
74382,114.30
74398,114.30
74414,116.84
74430,116.84
74445,116.84
74461,116.84
74477,119.38
74492,350.52
74509,347.98
74524,109.22
74541,114.30
74556,114.30
74571,121.92
74588,132.08
74603,132.08
74619,132.08
74635,132.08
74650,134.62
74667,132.08
74682,129.54
74698,129.54
74714,129.54
74730,129.54
74745,129.54
74761,129.54
74777,129.54
74792,129.54
74809,129.54
74824,81.28
74840,81.28
74856,81.28
74871,78.74
74888,78.74
74903,81.28
74918,81.28
74935,162.56
74950,160.02
74967,76.20
74982,81.28
74997,83.82
75014,83.82
75029,132.08
75044,132.08
75061,132.08
75076,129.54
75092,129.54
75108,129.54
75124,132.08
75140,129.54
75155,129.54
75171,132.08
75187,132.08
75203,132.08
75218,116.84
75235,114.30
75250,114.30
75266,114.30
75282,111.76
75297,114.30
75314,111.76
75329,111.76
75344,114.30
75361,114.30
75376,111.76
75393,111.76
75408,114.30
75424,114.30
75440,111.76
75455,114.30
75471,111.76
75487,111.76
75503,111.76
75518,111.76
75535,111.76
75550,111.76
75566,111.76
75582,111.76
75597,111.76
75614,111.76
75629,111.76
75644,111.76
75661,111.76
75676,111.76
75693,111.76
75708,111.76
75724,111.76
75740,114.30
75755,114.30
75771,111.76
75787,111.76
75803,111.76
75819,111.76
75835,111.76
75850,114.30
75866,111.76
75882,111.76
75897,109.22
75914,111.76
75929,111.76
75944,111.76
75961,116.84
75976,114.30
75993,116.84
76008,114.30
76024,114.30
76040,114.30
76055,114.30
76071,157.48
76087,157.48
76103,157.48
76119,160.02
76135,157.48
76150,157.48
76166,157.48
76182,157.48
76197,157.48
76214,157.48
76229,160.02
76246,160.02
76261,157.48
76276,157.48
76293,160.02
76308,157.48
76324,157.48
76340,157.48
76355,109.22
76371,124.46
76387,124.46
76403,124.46
76419,127.00
76435,127.00
76450,127.00
76466,114.30
76482,114.30
76497,114.30
76514,111.76
76529,111.76
76546,114.30
76561,111.76
76576,111.76
76593,111.76
76608,109.22
76624,109.22
76640,109.22
76655,109.22
76672,109.22
-1,-1
77687,111.76
77703,109.22
77719,109.22
77734,109.22
77751,111.76
77766,111.76
77782,114.30
77798,109.22
77813,109.22
77830,109.22
77845,109.22
77861,111.76
77877,109.22
77892,109.22
77908,109.22
77924,109.22
77940,109.22
77956,109.22
77972,109.22
77987,109.22
78003,109.22
78019,109.22
78034,109.22
78051,109.22
78066,109.22
78082,109.22
78098,111.76
78113,111.76
78130,111.76
78145,111.76
78161,111.76
78177,111.76
78192,111.76
78209,111.76
78224,111.76
78240,109.22
78256,111.76
78272,111.76
78287,129.54
78303,127.00
78319,127.00
78334,127.00
78351,157.48
78366,157.48
78382,157.48
78398,127.00
78413,127.00
78430,127.00
78445,160.02
78461,160.02
78477,160.02
78492,160.02
78509,157.48
78524,157.48
78540,157.48
78556,157.48
78572,160.02
78587,116.84
78603,116.84
78619,114.30
78635,114.30
78651,114.30
78666,114.30
78682,114.30
78698,111.76
78713,111.76
78730,111.76
78745,111.76
78761,111.76
78777,114.30
78792,114.30
78809,114.30
78824,114.30
78840,111.76
78856,111.76
78872,111.76
78887,114.30
78903,114.30
78919,111.76
78935,111.76
78951,111.76
78966,111.76
78982,111.76
78998,111.76
79013,111.76
79030,111.76
79045,111.76
79062,111.76
79077,111.76
79092,111.76
79109,111.76
79124,111.76
79140,111.76
79156,111.76
79172,111.76
79187,111.76
79203,114.30
79219,111.76
79235,111.76
79251,111.76
79266,111.76
79282,111.76
79298,111.76
79313,111.76
79330,111.76
79345,111.76
79362,114.30
79377,116.84
79392,116.84
79409,116.84
79424,116.84
79440,134.62
79456,134.62
79472,134.62
79488,132.08
79503,132.08
79519,132.08
79535,129.54
79551,129.54
79566,132.08
79582,137.16
79598,137.16
79613,137.16
79630,132.08
79645,132.08
79662,132.08
79677,160.02
79692,162.56
79709,162.56
79724,86.36
79740,83.82
79756,83.82
79771,137.16
79788,129.54
79803,132.08
79819,129.54
79835,132.08
79850,129.54
79866,129.54
79882,129.54
79898,129.54
79913,132.08
79930,132.08
79945,132.08
79961,129.54
79977,132.08
79992,132.08
80009,134.62
80024,129.54
80040,129.54
80056,129.54
80071,134.62
80088,134.62
80103,134.62
80119,134.62
80135,132.08
80150,132.08
80166,129.54
80182,340.36
80198,347.98
80214,347.98
80230,347.98
80245,358.14
80261,355.60
80277,355.60
80292,360.68
80309,363.22
80324,363.22
80340,358.14
80356,358.14
80371,358.14
-1,-1
81387,287.02
81403,289.56
81419,287.02
81435,287.02
81451,289.56
81467,289.56
81482,287.02
81498,289.56
81514,289.56
81529,289.56
81546,289.56
81561,289.56
81576,320.04
81593,320.04
81608,320.04
81625,360.68
81640,358.14
81656,358.14
81672,347.98
81687,350.52
81703,162.56
81719,119.38
81735,119.38
81751,121.92
81767,119.38
81782,119.38
81798,119.38
81814,116.84
81829,119.38
81846,119.38
81861,116.84
81878,116.84
81893,119.38
81908,119.38
81925,353.06
81940,350.52
81956,134.62
81972,132.08
81987,132.08
82003,132.08
82019,132.08
82035,134.62
82051,132.08
82067,132.08
82082,132.08
82098,132.08
82114,129.54
82129,129.54
82146,129.54
82161,129.54
82177,129.54
82193,129.54
82208,78.74
82225,81.28
82240,81.28
82255,129.54
82272,129.54
82287,129.54
82304,86.36
82319,86.36
82334,86.36
82351,132.08
82366,132.08
82382,132.08
82398,132.08
82413,129.54
82429,129.54
82445,132.08
82461,137.16
82477,137.16
82493,134.62
82508,132.08
82524,129.54
82540,129.54
82555,132.08
82572,132.08
82587,132.08
82603,129.54
82619,132.08
82634,132.08
82651,116.84
82666,116.84
82682,119.38
82698,114.30
82713,111.76
82729,111.76
82745,111.76
82761,111.76
82777,111.76
82793,111.76
82808,111.76
82824,111.76
82840,111.76
82855,111.76
82872,114.30
82887,111.76
82903,111.76
82919,111.76
82934,111.76
82951,114.30
82966,111.76
82982,111.76
82998,111.76
83013,111.76
83030,111.76
83045,111.76
83061,111.76
83077,114.30
83093,111.76
83108,114.30
83124,111.76
83140,111.76
83155,114.30
83172,114.30
83187,111.76
83203,111.76
83219,111.76
83234,111.76
83251,111.76
83266,114.30
83282,111.76
83298,114.30
83313,114.30
83330,114.30
83345,114.30
83361,114.30
83377,114.30
83393,114.30
83408,114.30
83424,114.30
83440,137.16
83456,160.02
83472,160.02
83487,157.48
83503,157.48
83519,157.48
83534,157.48
83551,160.02
83566,157.48
83582,157.48
83598,157.48
83613,157.48
83630,160.02
83645,157.48
83661,157.48
83677,157.48
83692,129.54
83708,129.54
83724,129.54
83740,160.02
83756,157.48
83772,160.02
83787,127.00
83803,127.00
83819,127.00
83834,114.30
83851,114.30
83866,114.30
83883,114.30
83898,160.02
83913,160.02
83930,160.02
83945,111.76
83961,114.30
83977,111.76
83992,111.76
84008,111.76
84024,111.76
84040,111.76
84056,111.76
84072,111.76
-1,-1
85088,109.22
85103,109.22
85118,109.22
85135,111.76
85150,111.76
85167,111.76
85182,109.22
85198,109.22
85214,111.76
85229,111.76
85245,109.22
85261,109.22
85277,111.76
85293,111.76
85309,111.76
85324,109.22
85340,109.22
85356,109.22
85371,109.22
85388,109.22
85403,109.22
85420,114.30
85435,111.76
85450,111.76
85467,111.76
85482,111.76
85498,111.76
85514,111.76
85529,111.76
85545,114.30
85561,111.76
85577,111.76
85593,111.76
85609,111.76
85624,111.76
85640,111.76
85656,114.30
85671,160.02
85688,157.48
85703,157.48
85720,129.54
85735,129.54
85750,127.00
85767,139.70
85782,157.48
85798,157.48
85814,157.48
85829,157.48
85846,157.48
85861,157.48
85877,157.48
85893,157.48
85909,157.48
85924,157.48
85940,157.48
85956,157.48
85971,114.30
85988,114.30
86003,116.84
86019,114.30
86035,114.30
86050,114.30
86067,111.76
86082,114.30
86098,111.76
86114,114.30
86129,111.76
86146,111.76
86161,111.76
86177,111.76
86193,111.76
86209,111.76
86224,111.76
86240,111.76
86256,111.76
86272,111.76
86288,111.76
86303,111.76
86319,111.76
86335,111.76
86350,111.76
86367,114.30
86382,114.30
86398,111.76
86414,111.76
86429,111.76
86446,111.76
86461,111.76
86477,109.22
86493,111.76
86509,111.76
86524,111.76
86540,111.76
86556,111.76
86572,111.76
86588,111.76
86603,111.76
86620,111.76
86635,114.30
86650,111.76
86667,111.76
86682,111.76
86699,114.30
86714,114.30
86729,114.30
86746,111.76
86761,111.76
86777,114.30
86793,114.30
86809,119.38
86824,119.38
86840,119.38
86856,134.62
86872,129.54
86888,129.54
86903,129.54
86920,129.54
86935,129.54
86950,129.54
86967,129.54
86982,129.54
86999,132.08
87014,129.54
87029,129.54
87046,129.54
87061,83.82
87077,83.82
87093,83.82
87108,162.56
87124,162.56
87140,162.56
87156,81.28
87172,78.74
87187,81.28
87203,132.08
87219,129.54
87235,129.54
87250,134.62
87267,129.54
87282,129.54
87298,129.54
87314,127.00
87329,127.00
87346,127.00
87361,132.08
87376,132.08
87393,132.08
87408,167.64
87425,167.64
87440,167.64
87456,134.62
87472,132.08
87487,132.08
87503,132.08
87519,353.06
87535,353.06
87550,350.52
87566,358.14
87582,360.68
87598,360.68
87614,363.22
87629,360.68
87646,360.68
87661,363.22
87676,360.68
87693,363.22
87708,360.68
87725,358.14
87740,360.68
87756,360.68
87772,358.14
-1,-1
