14,38.10
30,35.56
46,33.02
61,25.40
76,22.86
93,22.86
108,38.10
123,38.10
140,38.10
155,38.10
171,38.10
186,38.10
202,27.94
218,25.40
233,25.40
249,35.56
265,38.10
280,38.10
295,38.10
312,40.64
327,40.64
343,40.64
359,38.10
374,38.10
390,40.64
405,38.10
421,35.56
437,38.10
452,38.10
468,38.10
484,38.10
499,40.64
515,40.64
531,40.64
546,40.64
562,38.10
578,38.10
593,38.10
609,40.64
624,40.64
641,40.64
656,38.10
671,38.10
688,38.10
703,93.98
718,111.76
735,111.76
750,116.84
765,116.84
782,116.84
797,116.84
813,116.84
829,116.84
844,116.84
860,116.84
876,116.84
891,119.38
907,127.00
923,129.54
939,127.00
954,124.46
969,124.46
986,124.46
1001,116.84
1017,116.84
1033,114.30
1048,50.80
1064,40.64
1080,40.64
1095,71.12
1112,116.84
1127,116.84
1142,116.84
1159,114.30
1174,114.30
1190,114.30
1206,114.30
1221,114.30
1238,114.30
1253,114.30
1268,114.30
1285,114.30
1300,111.76
1316,111.76
1332,114.30
1347,48.26
1363,40.64
1379,38.10
1394,38.10
1411,38.10
1426,38.10
1441,38.10
1458,38.10
1473,38.10
1488,38.10
1505,38.10
1520,38.10
1536,38.10
1552,101.60
1567,109.22
1583,109.22
1599,45.72
1614,40.64
1630,38.10
1646,86.36
1661,109.22
1677,109.22
1693,111.76
1709,111.76
1725,111.76
1740,93.98
1756,81.28
1772,81.28
1787,60.96
1803,43.18
1819,40.64
1835,40.64
1850,40.64
1866,40.64
1882,40.64
1897,71.12
1913,76.20
1929,78.74
1944,78.74
1960,78.74
1976,78.74
1991,76.20
2008,76.20
2023,76.20
2038,78.74
2055,78.74
2070,76.20
2085,78.74
2102,78.74
2117,78.74
2132,71.12
2149,40.64
2164,38.10
2180,38.10
2196,40.64
2211,40.64
2227,40.64
2243,66.04
2258,73.66
2274,73.66
2290,78.74
2306,78.74
2321,78.74
2337,50.80
2353,40.64
2368,38.10
2384,40.64
2400,73.66
2415,76.20
2432,73.66
2447,76.20
2462,76.20
2479,78.74
2494,76.20
2509,78.74
2526,78.74
2541,76.20
2556,76.20
2573,78.74
2588,78.74
2604,78.74
2620,78.74
2635,50.80
2651,40.64
2667,40.64
2682,40.64
-1,-1
3698,99.06
3714,101.60
3730,58.42
3745,40.64
3761,40.64
3777,38.10
3792,38.10
3808,38.10
3824,38.10
3840,76.20
3855,78.74
3871,78.74
3887,43.18
3902,38.10
3918,38.10
3934,63.50
3949,78.74
3965,78.74
3981,48.26
3996,40.64
4013,40.64
4028,50.80
4043,76.20
4060,76.20
4075,78.74
4090,78.74
4107,76.20
4122,78.74
4137,76.20
4154,76.20
4169,78.74
4185,76.20
4201,78.74
4216,78.74
4232,76.20
4248,78.74
4263,76.20
4279,76.20
4295,76.20
4311,76.20
4326,76.20
4342,73.66
4358,76.20
4373,73.66
4389,73.66
4405,73.66
4420,73.66
4436,73.66
4452,73.66
4467,76.20
4484,73.66
4499,73.66
4514,76.20
4531,73.66
4546,76.20
4561,73.66
4578,76.20
4593,76.20
4609,76.20
4625,76.20
4640,76.20
4656,76.20
4672,76.20
4687,76.20
4703,76.20
4719,76.20
4734,76.20
4750,76.20
4766,76.20
4782,45.72
4797,40.64
4813,40.64
4829,66.04
4844,76.20
4860,76.20
4876,78.74
4891,78.74
4908,78.74
4923,81.28
4938,109.22
4955,109.22
4970,109.22
4986,109.22
5002,109.22
5017,96.52
5033,43.18
5049,40.64
5064,38.10
5081,35.56
5096,38.10
5111,38.10
5128,35.56
5143,38.10
5158,35.56
5175,78.74
5190,106.68
5206,109.22
5222,58.42
5237,40.64
5253,38.10
5269,38.10
5284,38.10
5300,38.10
5316,38.10
5331,104.14
5347,111.76
5363,109.22
5379,43.18
5395,38.10
5410,38.10
5426,88.90
5442,109.22
5457,111.76
5473,111.76
5489,111.76
5505,111.76
5520,114.30
5536,116.84
5552,114.30
5568,114.30
5583,116.84
5599,116.84
5615,116.84
5630,116.84
5646,116.84
5662,116.84
5678,127.00
5694,129.54
5709,129.54
5725,132.08
5741,129.54
5756,129.54
5772,119.38
5788,116.84
5804,116.84
5820,121.92
5835,129.54
5851,129.54
5867,76.20
5882,40.64
5898,38.10
5914,38.10
5929,109.22
5945,114.30
5961,114.30
5977,114.30
5992,114.30
6008,114.30
6024,45.72
6040,40.64
6055,40.64
6071,38.10
6087,38.10
6103,38.10
6118,68.58
6134,111.76
6150,114.30
6165,66.04
6181,40.64
6197,38.10
6212,38.10
6228,38.10
6244,38.10
6259,38.10
6276,40.64
6291,40.64
6306,40.64
6323,38.10
6338,38.10
6353,38.10
6370,35.56
-1,-1
7386,22.86
7401,22.86
7416,38.10
7433,38.10
7448,38.10
7463,38.10
7480,35.56
7495,38.10
7511,27.94
7527,25.40
7542,22.86
7558,33.02
7574,35.56
7589,35.56
7605,33.02
7621,25.40
7636,22.86
7652,22.86
7668,38.10
7684,38.10
7699,38.10
7715,38.10
7731,35.56
7746,35.56
7762,30.48
7778,27.94
7793,27.94
7810,35.56
7825,35.56
7840,38.10
7857,38.10
7872,38.10
7887,38.10
7904,38.10
7919,38.10
7934,38.10
7951,38.10
7966,38.10
7982,38.10
7998,38.10
8013,91.44
8029,111.76
8045,114.30
8060,50.80
8076,43.18
8092,40.64
8108,66.04
8123,111.76
8139,111.76
8155,114.30
8171,114.30
8186,114.30
8202,116.84
8218,129.54
8233,129.54
8249,129.54
8265,129.54
8281,129.54
8297,129.54
8312,132.08
8328,132.08
8344,132.08
8359,137.16
8375,160.02
8391,160.02
8407,147.32
8423,134.62
8438,134.62
8454,129.54
8470,114.30
8485,114.30
8501,114.30
8517,116.84
8532,116.84
8549,116.84
8564,111.76
8580,111.76
8596,111.76
8611,45.72
8627,38.10
8643,38.10
8658,35.56
8674,38.10
8690,38.10
8706,38.10
8721,38.10
8737,38.10
8753,38.10
8768,38.10
8784,38.10
8800,38.10
8815,35.56
8832,35.56
8847,38.10
8862,38.10
8879,38.10
8894,38.10
8909,35.56
8926,35.56
8941,38.10
8956,38.10
8973,35.56
8988,38.10
9004,38.10
9020,38.10
9035,38.10
9051,53.34
9067,106.68
9082,109.22
9099,78.74
9114,43.18
9129,38.10
9146,38.10
9161,73.66
9177,76.20
9193,76.20
9208,78.74
9224,78.74
9240,78.74
9255,78.74
9271,78.74
9287,78.74
9303,76.20
9318,76.20
9334,78.74
9350,76.20
9365,76.20
9381,76.20
9397,60.96
9412,40.64
9428,38.10
9444,38.10
9459,71.12
9476,73.66
9491,73.66
9506,40.64
9523,38.10
9538,38.10
9553,63.50
9570,73.66
9585,71.12
9601,76.20
9617,76.20
9632,76.20
9648,50.80
9664,38.10
9679,38.10
9695,40.64
9711,73.66
9726,73.66
9742,73.66
9758,76.20
9774,76.20
9789,76.20
9805,76.20
9821,76.20
9836,76.20
9852,78.74
9868,76.20
9883,76.20
9900,78.74
9915,78.74
9930,78.74
9947,78.74
9962,78.74
9977,78.74
9994,78.74
10009,78.74
10024,78.74
10041,76.20
10056,78.74
-1,-1
11072,78.74
11087,63.50
11104,43.18
11119,38.10
11134,38.10
11151,38.10
11166,38.10
11183,38.10
11198,38.10
11213,38.10
11230,38.10
11245,38.10
11261,38.10
11277,38.10
11292,53.34
11309,76.20
11324,76.20
11339,78.74
11356,78.74
11371,78.74
11387,78.74
11403,78.74
11418,78.74
11435,78.74
11450,76.20
11465,76.20
11482,78.74
11497,78.74
11513,76.20
11529,76.20
11544,76.20
11560,78.74
11576,76.20
11591,76.20
11608,73.66
11623,76.20
11639,76.20
11655,76.20
11670,78.74
11686,55.88
11702,40.64
11717,38.10
11734,35.56
11749,71.12
11765,73.66
11781,76.20
11796,40.64
11812,38.10
11828,38.10
11843,66.04
11859,76.20
11875,76.20
11891,43.18
11907,38.10
11922,35.56
11938,48.26
11954,73.66
11969,76.20
11985,55.88
12001,43.18
12017,38.10
12033,38.10
12048,73.66
12064,76.20
12080,76.20
12095,76.20
12111,76.20
12127,76.20
12143,43.18
12158,38.10
12174,40.64
12190,38.10
12206,38.10
12221,38.10
12237,53.34
12253,76.20
12269,76.20
12284,78.74
12300,106.68
12316,109.22
12332,109.22
12348,109.22
12363,109.22
12379,109.22
12395,109.22
12410,109.22
12427,109.22
12442,45.72
12459,40.64
12474,40.64
12489,38.10
12506,35.56
12521,35.56
12536,35.56
12553,35.56
12568,35.56
12584,38.10
12600,38.10
12615,38.10
12632,38.10
12647,38.10
12662,35.56
12679,35.56
12694,35.56
12710,38.10
12726,38.10
12741,101.60
12758,111.76
12773,109.22
12789,111.76
12805,111.76
12820,111.76
12836,111.76
12852,111.76
12868,114.30
12883,111.76
12900,111.76
12915,111.76
12931,111.76
12947,129.54
12962,129.54
12979,129.54
12994,129.54
13009,129.54
13026,129.54
13041,132.08
13058,132.08
13073,132.08
13089,129.54
13105,129.54
13120,129.54
13136,119.38
13152,116.84
13168,116.84
13184,119.38
13199,121.92
13215,119.38
13231,119.38
13247,116.84
13262,116.84
13279,116.84
13294,116.84
13309,116.84
13326,116.84
13341,116.84
13358,114.30
13373,114.30
13388,116.84
13405,116.84
13420,116.84
13436,45.72
13452,40.64
13468,40.64
13484,38.10
13499,38.10
13515,38.10
13531,38.10
13546,40.64
13562,40.64
13578,38.10
13594,38.10
13609,38.10
13625,33.02
13641,27.94
13657,27.94
13672,30.48
13688,38.10
13704,38.10
13720,38.10
13735,38.10
13751,38.10
-1,-1
14767,33.02
14783,25.40
14798,22.86
14814,22.86
14830,22.86
14845,22.86
14862,22.86
14877,38.10
14893,38.10
14909,38.10
14924,38.10
14940,38.10
14956,35.56
14971,38.10
14988,38.10
15003,40.64
15019,38.10
15035,38.10
15050,38.10
15066,33.02
15082,27.94
15097,25.40
15114,25.40
15129,35.56
15144,38.10
15161,38.10
15176,27.94
15192,27.94
15208,27.94
15223,35.56
15240,35.56
15255,35.56
15270,63.50
15287,111.76
15302,111.76
15319,71.12
15334,40.64
15349,38.10
15366,38.10
15381,106.68
15397,114.30
15413,111.76
15428,43.18
15444,38.10
15460,38.10
15476,93.98
15492,114.30
15507,114.30
15523,116.84
15539,116.84
15555,116.84
15570,116.84
15586,116.84
15602,116.84
15618,119.38
15634,127.00
15649,127.00
15665,127.00
15681,154.94
15696,160.02
15713,160.02
15728,134.62
15745,134.62
15760,134.62
15775,152.40
15792,160.02
15807,160.02
15823,137.16
15839,132.08
15855,132.08
15870,116.84
15886,114.30
15902,114.30
15918,114.30
15934,111.76
15949,111.76
15965,111.76
15981,111.76
15996,111.76
16013,83.82
16028,40.64
16044,38.10
16060,38.10
16075,38.10
16092,35.56
16107,38.10
16122,38.10
16139,38.10
16154,38.10
16169,35.56
16186,38.10
16201,38.10
16218,35.56
16233,35.56
16248,35.56
16265,38.10
16280,38.10
16295,38.10
16312,38.10
16327,35.56
16344,38.10
16359,38.10
16374,104.14
16391,109.22
16406,109.22
16422,109.22
16438,109.22
16453,109.22
16470,109.22
16485,109.22
16501,109.22
16517,88.90
16533,81.28
16548,81.28
16564,78.74
16580,78.74
16595,78.74
16611,78.74
16627,78.74
16643,78.74
16659,66.04
16674,40.64
16690,40.64
16706,40.64
16721,73.66
16737,76.20
16753,76.20
16769,76.20
16785,76.20
16800,76.20
16816,43.18
16832,40.64
16847,38.10
16863,38.10
16879,40.64
16894,40.64
16911,48.26
16926,76.20
16942,76.20
16958,60.96
16973,43.18
16989,40.64
17005,40.64
17020,71.12
17037,73.66
17052,73.66
17068,76.20
17084,76.20
17099,76.20
17115,78.74
17131,76.20
17146,76.20
17163,78.74
17178,78.74
17193,78.74
17210,78.74
17225,78.74
17241,76.20
17257,78.74
17272,78.74
17289,76.20
17304,76.20
17319,78.74
17336,78.74
17351,78.74
17367,78.74
17383,78.74
17398,76.20
17415,76.20
17430,78.74
17445,78.74
-1,-1
18461,76.20
18478,81.28
18493,81.28
18508,40.64
18525,38.10
18540,38.10
18556,60.96
18572,78.74
18587,81.28
18604,45.72
18619,38.10
18635,38.10
18651,43.18
18666,78.74
18682,78.74
18698,60.96
18713,43.18
18729,40.64
18745,38.10
18761,73.66
18777,76.20
18792,76.20
18808,76.20
18824,76.20
18839,76.20
18855,76.20
18871,76.20
18887,76.20
18903,76.20
18918,76.20
18934,76.20
18950,76.20
18965,76.20
18981,76.20
18997,76.20
19013,76.20
19028,76.20
19044,76.20
19060,73.66
19076,73.66
19091,73.66
19107,76.20
19123,76.20
19139,76.20
19154,76.20
19170,76.20
19186,76.20
19202,76.20
19218,73.66
19233,73.66
19249,76.20
19265,73.66
19280,76.20
19296,76.20
19312,76.20
19328,76.20
19344,76.20
19359,76.20
19375,76.20
19391,76.20
19406,76.20
19422,76.20
19438,76.20
19453,76.20
19470,76.20
19485,76.20
19501,76.20
19517,76.20
19532,76.20
19548,76.20
19564,76.20
19579,76.20
19596,78.74
19611,78.74
19627,78.74
19643,78.74
19658,78.74
19674,78.74
19690,78.74
19705,104.14
19722,109.22
19737,109.22
19752,43.18
19769,40.64
19784,38.10
19801,88.90
19816,109.22
19831,109.22
19848,50.80
19863,40.64
19879,38.10
19895,38.10
19910,35.56
19927,35.56
19942,35.56
19957,38.10
19974,38.10
19989,38.10
20005,104.14
20021,109.22
20036,106.68
20052,43.18
20068,38.10
20084,38.10
20100,35.56
20115,38.10
20131,38.10
20147,35.56
20163,35.56
20178,38.10
20194,66.04
20210,111.76
20226,111.76
20242,111.76
20257,111.76
20273,111.76
20289,111.76
20304,129.54
20321,129.54
20336,129.54
20352,152.40
20368,157.48
20383,157.48
20400,124.46
20415,121.92
20431,121.92
20447,129.54
20462,129.54
20478,132.08
20494,134.62
20510,139.70
20526,139.70
20541,134.62
20557,129.54
20573,129.54
20589,129.54
20604,116.84
20621,116.84
20636,116.84
20652,116.84
20668,116.84
20683,114.30
20700,45.72
20715,40.64
20730,38.10
20747,38.10
20762,40.64
20779,40.64
20794,38.10
20809,38.10
20826,38.10
20841,40.64
20856,40.64
20873,40.64
20888,40.64
20904,38.10
20920,38.10
20935,38.10
20952,38.10
20967,38.10
20982,38.10
20999,40.64
21014,40.64
21030,40.64
21046,38.10
21061,38.10
21078,38.10
21093,30.48
21108,27.94
21125,27.94
21140,38.10
-1,-1
22156,35.56
22172,35.56
22188,35.56
22203,35.56
22219,35.56
22235,27.94
22250,25.40
22266,22.86
22282,33.02
22298,35.56
22313,38.10
22329,35.56
22345,38.10
22361,35.56
22377,35.56
22392,38.10
22408,38.10
22424,38.10
22439,38.10
22455,38.10
22471,38.10
22487,25.40
22503,22.86
22518,22.86
22534,35.56
22550,38.10
22565,38.10
22581,38.10
22597,35.56
22612,38.10
22629,38.10
22644,38.10
22660,40.64
22676,40.64
22691,38.10
22707,35.56
22723,38.10
22738,40.64
22755,40.64
22770,40.64
22786,93.98
22802,114.30
22817,114.30
22834,116.84
22849,116.84
22864,116.84
22881,116.84
22896,116.84
22913,116.84
22928,114.30
22943,114.30
22960,116.84
22975,116.84
22991,127.00
23007,127.00
23023,127.00
23038,132.08
23054,132.08
23070,132.08
23086,132.08
23102,132.08
23117,132.08
23133,144.78
23149,160.02
23164,162.56
23181,134.62
23196,119.38
23213,119.38
23228,119.38
23243,114.30
23260,114.30
23275,114.30
23291,114.30
23307,116.84
23323,88.90
23339,43.18
23354,38.10
23370,38.10
23386,101.60
23401,111.76
23417,111.76
23433,43.18
23449,38.10
23464,38.10
23480,35.56
23496,38.10
23512,38.10
23528,71.12
23543,106.68
23559,109.22
23575,60.96
23590,40.64
23607,38.10
23622,38.10
23638,38.10
23654,38.10
23669,38.10
23685,35.56
23701,38.10
23716,38.10
23733,38.10
23748,40.64
23763,38.10
23780,38.10
23795,38.10
23811,38.10
23827,38.10
23842,38.10
23859,38.10
23874,40.64
23889,40.64
23906,38.10
23921,43.18
23937,78.74
23953,78.74
23968,78.74
23985,78.74
24000,78.74
24015,78.74
24032,76.20
24047,76.20
24064,76.20
24079,76.20
24094,76.20
24111,78.74
24126,76.20
24141,78.74
24158,78.74
24173,76.20
24189,76.20
24205,76.20
24220,76.20
24237,78.74
24252,76.20
24267,63.50
24284,40.64
24299,38.10
24315,38.10
24331,35.56
24346,38.10
24363,38.10
24378,68.58
24393,76.20
24410,76.20
24425,45.72
24441,43.18
24457,40.64
24472,55.88
24488,71.12
24504,73.66
24519,76.20
24536,76.20
24551,76.20
24567,76.20
24583,73.66
24598,76.20
24614,76.20
24630,73.66
24645,76.20
24662,73.66
24677,76.20
24693,76.20
24709,78.74
24724,76.20
24740,78.74
24756,78.74
24771,76.20
24787,78.74
24803,76.20
24819,78.74
24835,78.74
-1,-1
25850,40.64
25866,40.64
25882,40.64
25897,40.64
25913,68.58
25929,106.68
25945,109.22
25961,96.52
25976,81.28
25992,81.28
26008,81.28
26023,106.68
26040,109.22
26055,106.68
26071,78.74
26087,78.74
26102,78.74
26119,81.28
26134,78.74
26149,81.28
26166,78.74
26181,76.20
26196,78.74
26213,76.20
26228,76.20
26245,76.20
26260,78.74
26275,76.20
26292,76.20
26307,76.20
26322,78.74
26339,76.20
26354,76.20
26371,76.20
26386,76.20
26401,76.20
26418,76.20
26433,73.66
26448,76.20
26465,76.20
26480,76.20
26497,76.20
26512,76.20
26527,76.20
26544,78.74
26559,76.20
26574,73.66
26591,73.66
26606,73.66
26622,76.20
26638,76.20
26653,63.50
26670,40.64
26685,38.10
26700,38.10
26717,35.56
26732,35.56
26748,35.56
26764,66.04
26779,76.20
26796,76.20
26811,76.20
26827,76.20
26843,76.20
26858,76.20
26874,76.20
26890,76.20
26905,53.34
26921,40.64
26937,40.64
26953,40.64
26969,73.66
26984,73.66
27000,76.20
27016,78.74
27031,78.74
27047,78.74
27063,101.60
27079,109.22
27095,106.68
27110,109.22
27126,109.22
27142,109.22
27158,109.22
27173,109.22
27190,109.22
27205,58.42
27220,38.10
27237,35.56
27252,35.56
27268,35.56
27284,38.10
27299,38.10
27316,38.10
27331,38.10
27346,38.10
27363,35.56
27378,35.56
27394,35.56
27410,35.56
27425,38.10
27442,38.10
27457,38.10
27472,38.10
27489,38.10
27504,38.10
27520,35.56
27536,35.56
27551,45.72
27568,109.22
27583,111.76
27598,111.76
27615,111.76
27630,111.76
27646,111.76
27662,114.30
27678,114.30
27694,114.30
27709,114.30
27725,114.30
27741,114.30
27757,132.08
27772,157.48
27789,160.02
27804,144.78
27820,134.62
27836,132.08
27851,132.08
27868,132.08
27883,132.08
27898,132.08
27915,127.00
27930,129.54
27947,129.54
27962,119.38
27978,119.38
27994,119.38
28009,116.84
28025,116.84
28041,116.84
28057,119.38
28072,116.84
28088,119.38
28104,116.84
28120,116.84
28136,116.84
28151,116.84
28168,114.30
28183,116.84
28198,68.58
28215,43.18
28230,40.64
28247,40.64
28262,38.10
28277,38.10
28294,38.10
28309,38.10
28324,38.10
28341,38.10
28356,38.10
28372,38.10
28388,43.18
28403,38.10
28420,38.10
28435,38.10
28450,30.48
28467,27.94
28482,27.94
28498,35.56
28514,38.10
28529,38.10
-1,-1
29545,53.34
29561,43.18
29577,40.64
29592,38.10
29608,38.10
29624,38.10
29640,30.48
29656,25.40
29671,25.40
29687,25.40
29703,38.10
29719,38.10
29734,38.10
29750,25.40
29766,22.86
29782,22.86
29797,22.86
29813,22.86
29829,22.86
29845,33.02
29860,33.02
29876,35.56
29892,35.56
29907,35.56
29923,35.56
29939,38.10
29955,38.10
29971,38.10
29986,40.64
30002,38.10
30018,38.10
30033,38.10
30049,101.60
30065,111.76
30081,111.76
30097,43.18
30112,38.10
30128,38.10
30144,38.10
30159,38.10
30176,38.10
30191,66.04
30206,111.76
30223,114.30
30238,114.30
30255,114.30
30270,114.30
30285,114.30
30302,116.84
30317,116.84
30333,114.30
30349,114.30
30365,114.30
30381,114.30
30396,114.30
30412,116.84
30428,114.30
30444,50.80
30459,43.18
30475,40.64
30491,83.82
30507,127.00
30523,129.54
30538,68.58
30554,43.18
30570,40.64
30585,40.64
30602,124.46
30617,129.54
30632,109.22
30649,40.64
30664,38.10
30681,38.10
30696,101.60
30711,109.22
30728,109.22
30743,111.76
30759,111.76
30775,111.76
30790,111.76
30807,111.76
30822,111.76
30838,53.34
30854,38.10
30870,38.10
30885,38.10
30901,38.10
30917,38.10
30932,38.10
30948,38.10
30964,38.10
30980,38.10
30996,38.10
31011,38.10
31027,38.10
31043,38.10
31058,38.10
31074,38.10
31090,38.10
31106,35.56
31122,35.56
31137,35.56
31153,38.10
31169,35.56
31184,60.96
31200,106.68
31216,109.22
31232,109.22
31248,109.22
31263,109.22
31280,109.22
31295,83.82
31310,81.28
31327,81.28
31342,78.74
31358,78.74
31374,78.74
31389,45.72
31406,40.64
31421,40.64
31436,60.96
31453,76.20
31468,76.20
31484,76.20
31500,76.20
31515,76.20
31532,76.20
31547,76.20
31562,78.74
31579,76.20
31594,76.20
31610,78.74
31626,76.20
31641,76.20
31657,78.74
31673,76.20
31689,43.18
31705,38.10
31720,35.56
31736,63.50
31752,73.66
31767,73.66
31783,76.20
31799,76.20
31815,78.74
31831,50.80
31846,40.64
31862,40.64
31878,38.10
31893,38.10
31909,38.10
31925,38.10
31941,71.12
31956,73.66
31972,73.66
31988,76.20
32004,76.20
32019,76.20
32035,76.20
32051,76.20
32067,76.20
32082,76.20
32098,76.20
32114,76.20
32130,78.74
32145,78.74
32161,76.20
32177,78.74
32193,76.20
32208,76.20
32224,66.04
-1,-1
33240,38.10
33256,38.10
33271,40.64
33288,78.74
33303,81.28
33318,68.58
33335,38.10
33350,38.10
33366,38.10
33382,99.06
33397,109.22
33414,109.22
33429,45.72
33444,40.64
33461,40.64
33476,38.10
33492,38.10
33508,38.10
33523,53.34
33540,76.20
33555,76.20
33570,76.20
33587,78.74
33602,76.20
33618,76.20
33634,76.20
33649,76.20
33666,76.20
33681,76.20
33696,76.20
33713,76.20
33728,76.20
33744,76.20
33760,76.20
33775,76.20
33792,76.20
33807,76.20
33822,48.26
33839,38.10
33854,35.56
33870,43.18
33886,73.66
33901,76.20
33917,58.42
33933,43.18
33948,38.10
33965,38.10
33980,73.66
33996,76.20
34012,76.20
34027,45.72
34043,40.64
34059,40.64
34074,38.10
34091,38.10
34106,40.64
34122,58.42
34138,76.20
34153,76.20
34169,78.74
34185,76.20
34201,76.20
34216,76.20
34232,76.20
34248,76.20
34264,68.58
34279,43.18
34295,40.64
34311,40.64
34327,38.10
34342,38.10
34358,40.64
34374,68.58
34390,76.20
34405,76.20
34421,76.20
34437,76.20
34453,76.20
34468,83.82
34484,106.68
34500,109.22
34515,109.22
34532,109.22
34547,109.22
34563,109.22
34579,109.22
34594,109.22
34611,109.22
34626,109.22
34642,109.22
34658,109.22
34673,43.18
34690,38.10
34705,38.10
34720,35.56
34737,38.10
34752,38.10
34768,73.66
34784,106.68
34799,109.22
34816,58.42
34831,40.64
34847,38.10
34863,38.10
34878,40.64
34894,40.64
34910,40.64
34926,38.10
34941,35.56
34957,38.10
34973,101.60
34989,111.76
35004,109.22
35020,111.76
35036,111.76
35052,111.76
35067,114.30
35084,114.30
35099,114.30
35115,114.30
35131,114.30
35146,114.30
35163,114.30
35178,116.84
35194,119.38
35210,119.38
35225,132.08
35241,132.08
35257,132.08
35273,119.38
35289,119.38
35304,119.38
35320,124.46
35336,121.92
35352,127.00
35367,116.84
35384,114.30
35399,116.84
35415,119.38
35431,119.38
35446,119.38
35463,119.38
35478,119.38
35494,119.38
35510,116.84
35525,116.84
35542,116.84
35557,116.84
35573,114.30
35589,114.30
35604,109.22
35620,43.18
35636,38.10
35652,38.10
35667,38.10
35683,38.10
35699,38.10
35715,40.64
35731,40.64
35746,40.64
35762,38.10
35778,35.56
35793,38.10
35809,38.10
35825,38.10
35841,38.10
35857,33.02
35872,27.94
35888,27.94
35904,30.48
35919,35.56
-1,-1
36935,38.10
36951,38.10
36967,35.56
36982,38.10
36999,38.10
37014,38.10
37029,38.10
37046,38.10
37061,40.64
37078,38.10
37093,40.64
37108,38.10
37125,38.10
37140,38.10
37155,38.10
37172,38.10
37187,38.10
37203,38.10
37219,38.10
37234,38.10
37251,38.10
37266,38.10
37281,38.10
37298,38.10
37313,104.14
37329,109.22
37345,109.22
37360,40.64
37377,38.10
37392,38.10
37408,40.64
37424,40.64
37439,40.64
37455,38.10
37471,38.10
37487,38.10
37502,38.10
37518,38.10
37534,38.10
37550,45.72
37565,109.22
37581,109.22
37597,109.22
37613,114.30
37628,114.30
37645,114.30
37660,116.84
37676,114.30
37692,114.30
37707,116.84
37724,119.38
37739,119.38
37754,124.46
37771,127.00
37786,127.00
37803,127.00
37818,129.54
37834,127.00
37850,129.54
37865,157.48
37881,160.02
37897,160.02
37913,132.08
37928,134.62
37944,132.08
37960,157.48
37976,162.56
37992,162.56
38007,119.38
38024,114.30
38039,114.30
38054,114.30
38071,114.30
38086,114.30
38103,114.30
38118,114.30
38134,114.30
38150,114.30
38165,111.76
38181,111.76
38197,63.50
38213,43.18
38228,38.10
38244,38.10
38260,38.10
38276,38.10
38291,38.10
38307,38.10
38323,38.10
38339,38.10
38354,35.56
38370,35.56
38386,38.10
38402,86.36
38418,106.68
38433,109.22
38449,50.80
38465,40.64
38480,38.10
38497,58.42
38512,106.68
38528,109.22
38544,109.22
38559,111.76
38576,111.76
38591,111.76
38606,109.22
38623,109.22
38638,109.22
38654,109.22
38670,109.22
38686,109.22
38702,83.82
38717,81.28
38733,81.28
38749,78.74
38764,78.74
38780,78.74
38796,78.74
38812,76.20
38828,78.74
38843,78.74
38859,78.74
38875,78.74
38890,78.74
38906,76.20
38922,76.20
38938,76.20
38953,76.20
38969,78.74
38985,76.20
39001,43.18
39016,40.64
39032,38.10
39048,60.96
39064,73.66
39079,73.66
39095,76.20
39111,76.20
39127,76.20
39142,55.88
39158,43.18
39174,40.64
39190,40.64
39205,73.66
39221,73.66
39237,73.66
39252,73.66
39268,73.66
39284,73.66
39300,76.20
39316,76.20
39331,76.20
39347,48.26
39363,43.18
39378,40.64
39395,55.88
39410,73.66
39426,76.20
39442,78.74
39457,76.20
39473,76.20
39489,76.20
39504,76.20
39521,76.20
39536,78.74
39552,76.20
39568,76.20
39583,78.74
39599,78.74
39615,76.20
-1,-1
40631,91.44
40646,43.18
40663,38.10
40678,40.64
40693,38.10
40710,38.10
40725,38.10
40741,38.10
40757,38.10
40772,40.64
40788,38.10
40804,38.10
40819,40.64
40836,53.34
40851,78.74
40867,78.74
40883,53.34
40898,40.64
40914,38.10
40930,40.64
40945,76.20
40962,76.20
40977,78.74
40993,76.20
41009,76.20
41024,76.20
41040,76.20
41056,76.20
41071,76.20
41088,76.20
41103,76.20
41119,76.20
41135,76.20
41150,76.20
41166,76.20
41182,76.20
41197,76.20
41213,76.20
41229,55.88
41245,40.64
41261,38.10
41276,35.56
41292,71.12
41308,73.66
41323,73.66
41339,73.66
41355,73.66
41371,73.66
41387,73.66
41402,73.66
41418,73.66
41434,43.18
41449,38.10
41465,35.56
41481,45.72
41497,73.66
41512,73.66
41528,53.34
41544,38.10
41560,35.56
41576,35.56
41591,38.10
41607,38.10
41623,38.10
41638,73.66
41654,76.20
41670,76.20
41686,76.20
41702,76.20
41717,76.20
41733,43.18
41749,38.10
41764,38.10
41780,53.34
41796,76.20
41811,76.20
41828,78.74
41843,106.68
41859,106.68
41875,106.68
41890,109.22
41907,109.22
41922,109.22
41937,109.22
41954,109.22
41969,109.22
41986,40.64
42001,38.10
42017,38.10
42033,38.10
42048,38.10
42064,38.10
42080,38.10
42095,38.10
42112,35.56
42127,38.10
42143,40.64
42159,38.10
42174,38.10
42190,38.10
42206,38.10
42221,38.10
42237,38.10
42253,38.10
42269,38.10
42285,38.10
42300,38.10
42316,38.10
42332,88.90
42347,111.76
42363,111.76
42379,50.80
42395,40.64
42411,40.64
42426,68.58
42442,111.76
42458,111.76
42474,111.76
42489,116.84
42505,116.84
42521,116.84
42536,129.54
42553,129.54
42568,129.54
42585,152.40
42600,160.02
42615,160.02
42632,137.16
42647,132.08
42663,134.62
42679,132.08
42694,132.08
42711,132.08
42726,55.88
42742,43.18
42758,40.64
42773,58.42
42789,114.30
42805,114.30
42821,116.84
42836,119.38
42852,121.92
42868,119.38
42884,116.84
42900,116.84
42915,119.38
42932,116.84
42947,116.84
42962,116.84
42979,45.72
42994,40.64
43011,38.10
43026,40.64
43041,40.64
43058,40.64
43073,40.64
43088,38.10
43105,38.10
43120,38.10
43137,40.64
43152,40.64
43167,40.64
43184,38.10
43199,38.10
43215,38.10
43231,38.10
43246,38.10
43262,38.10
43278,25.40
43293,22.86
43310,22.86
-1,-1
44325,35.56
44341,35.56
44357,35.56
44372,27.94
44388,25.40
44404,22.86
44420,35.56
44435,38.10
44451,38.10
44467,27.94
44483,25.40
44498,22.86
44514,22.86
44530,22.86
44546,22.86
44561,25.40
44577,35.56
44593,35.56
44609,35.56
44624,38.10
44640,38.10
44656,38.10
44672,27.94
44687,25.40
44703,22.86
44719,35.56
44735,35.56
44750,35.56
44766,38.10
44782,38.10
44797,35.56
44813,38.10
44829,38.10
44845,38.10
44861,38.10
44876,38.10
44892,38.10
44908,38.10
44923,101.60
44940,111.76
44955,111.76
44971,45.72
44987,38.10
45002,38.10
45019,81.28
45034,114.30
45049,114.30
45066,114.30
45081,114.30
45097,116.84
45113,116.84
45128,116.84
45145,116.84
45160,116.84
45176,116.84
45192,116.84
45208,116.84
45223,129.54
45239,129.54
45255,129.54
45271,147.32
45287,160.02
45302,162.56
45318,139.70
45334,132.08
45349,132.08
45366,58.42
45381,45.72
45396,43.18
45413,66.04
45428,114.30
45445,116.84
45460,116.84
45475,116.84
45492,114.30
45507,93.98
45523,43.18
45539,38.10
45554,38.10
45571,99.06
45586,111.76
45602,111.76
45618,43.18
45633,38.10
45649,38.10
45665,81.28
45681,109.22
45697,109.22
45712,55.88
45728,40.64
45744,38.10
45760,40.64
45775,40.64
45791,40.64
45807,40.64
45822,38.10
45838,38.10
45854,38.10
45870,35.56
45886,38.10
45901,38.10
45917,93.98
45933,109.22
45948,109.22
45965,48.26
45980,40.64
45996,40.64
46012,71.12
46027,109.22
46043,109.22
46059,109.22
46074,109.22
46091,109.22
46106,101.60
46123,78.74
46138,78.74
46153,78.74
46170,78.74
46185,78.74
46200,78.74
46217,76.20
46232,76.20
46248,78.74
46264,76.20
46279,76.20
46296,76.20
46311,76.20
46327,76.20
46343,76.20
46358,76.20
46374,76.20
46390,76.20
46405,55.88
46422,40.64
46437,38.10
46453,38.10
46469,71.12
46484,73.66
46500,73.66
46516,73.66
46531,73.66
46547,73.66
46563,73.66
46579,73.66
46595,73.66
46610,73.66
46626,73.66
46642,73.66
46657,76.20
46673,76.20
46689,76.20
46705,53.34
46721,40.64
46736,38.10
46752,38.10
46768,73.66
46783,76.20
46799,73.66
46815,76.20
46831,76.20
46846,76.20
46862,76.20
46878,76.20
46894,76.20
46909,78.74
46925,76.20
46941,78.74
46957,76.20
46972,76.20
46988,76.20
47004,50.80
-1,-1
48020,35.56
48035,35.56
48051,35.56
48067,38.10
48082,38.10
48099,38.10
48114,38.10
48130,38.10
48146,38.10
48161,35.56
48177,35.56
48193,38.10
48208,76.20
48225,81.28
48240,81.28
48256,40.64
48272,38.10
48287,38.10
48303,35.56
48319,35.56
48334,35.56
48351,38.10
48366,38.10
48381,38.10
48398,53.34
48413,76.20
48430,76.20
48445,76.20
48460,76.20
48477,76.20
48492,76.20
48507,76.20
48524,76.20
48539,76.20
48556,76.20
48571,76.20
48586,76.20
48603,76.20
48618,76.20
48633,76.20
48650,76.20
48665,73.66
48681,73.66
48697,73.66
48712,73.66
48729,73.66
48744,73.66
48759,73.66
48776,73.66
48791,58.42
48807,43.18
48823,38.10
48838,38.10
48855,71.12
48870,73.66
48885,71.12
48902,76.20
48917,76.20
48933,78.74
48949,78.74
48964,76.20
48980,76.20
48996,76.20
49011,76.20
49028,76.20
49043,76.20
49059,76.20
49075,76.20
49090,76.20
49106,76.20
49122,76.20
49137,76.20
49154,76.20
49169,76.20
49185,76.20
49201,78.74
49216,78.74
49232,78.74
49248,101.60
49264,109.22
49280,109.22
49295,109.22
49311,109.22
49327,109.22
49343,109.22
49358,109.22
49374,109.22
49390,109.22
49405,109.22
49422,109.22
49437,78.74
49454,43.18
49469,38.10
49484,38.10
49501,38.10
49516,35.56
49531,38.10
49548,35.56
49563,38.10
49580,38.10
49595,38.10
49610,38.10
49627,38.10
49642,71.12
49657,109.22
49674,111.76
49689,58.42
49705,38.10
49721,38.10
49736,38.10
49753,38.10
49768,38.10
49784,38.10
49800,38.10
49815,38.10
49831,38.10
49847,38.10
49863,38.10
49879,40.64
49894,38.10
49910,40.64
49926,40.64
49941,76.20
49957,121.92
49973,124.46
49989,127.00
50004,134.62
50020,134.62
50036,134.62
50052,132.08
50068,132.08
50083,134.62
50100,119.38
50115,119.38
50130,114.30
50147,45.72
50162,40.64
50179,40.64
50194,99.06
50209,114.30
50226,116.84
50241,116.84
50257,119.38
50273,119.38
50288,116.84
50305,116.84
50320,116.84
50336,60.96
50352,40.64
50367,38.10
50383,38.10
50399,38.10
50415,38.10
50430,38.10
50446,38.10
50462,38.10
50478,40.64
50493,38.10
50509,38.10
50525,38.10
50541,38.10
50556,38.10
50572,38.10
50588,40.64
50604,40.64
50620,40.64
50635,38.10
50651,38.10
50667,38.10
50682,30.48
50698,25.40
-1,-1
51714,35.56
51730,35.56
51745,35.56
51762,35.56
51777,38.10
51792,35.56
51809,38.10
51824,33.02
51840,27.94
51856,25.40
51871,22.86
51888,35.56
51903,35.56
51918,38.10
51935,38.10
51950,35.56
51965,38.10
51982,38.10
51997,38.10
52014,38.10
52029,35.56
52044,38.10
52061,35.56
52076,38.10
52092,38.10
52108,38.10
52123,38.10
52140,40.64
52155,40.64
52170,40.64
52187,38.10
52202,38.10
52218,38.10
52234,38.10
52249,38.10
52265,38.10
52281,38.10
52296,38.10
52313,38.10
52328,38.10
52344,38.10
52360,38.10
52375,38.10
52391,38.10
52407,38.10
52422,38.10
52439,111.76
52454,116.84
52470,116.84
52486,114.30
52501,114.30
52517,114.30
52533,129.54
52549,129.54
52564,129.54
52581,119.38
52596,119.38
52612,119.38
52628,124.46
52643,129.54
52660,129.54
52675,132.08
52691,160.02
52707,160.02
52722,160.02
52739,134.62
52754,132.08
52770,134.62
52786,116.84
52801,116.84
52817,114.30
52833,116.84
52849,116.84
52865,114.30
52881,114.30
52896,114.30
52912,114.30
52928,111.76
52943,114.30
52960,114.30
52975,114.30
52990,111.76
53007,111.76
53022,58.42
53039,40.64
53054,38.10
53069,38.10
53086,106.68
53101,111.76
53117,99.06
53133,40.64
53148,38.10
53165,38.10
53180,99.06
53196,109.22
53212,109.22
53227,45.72
53243,40.64
53259,40.64
53275,38.10
53291,38.10
53306,38.10
53322,63.50
53338,106.68
53354,109.22
53369,109.22
53385,111.76
53401,109.22
53416,109.22
53433,109.22
53448,109.22
53464,109.22
53480,83.82
53495,81.28
53512,78.74
53527,45.72
53542,40.64
53559,38.10
53574,66.04
53591,76.20
53606,76.20
53621,76.20
53638,76.20
53653,76.20
53668,76.20
53685,76.20
53700,76.20
53716,76.20
53732,76.20
53747,76.20
53764,68.58
53779,40.64
53794,38.10
53811,38.10
53826,35.56
53842,38.10
53858,38.10
53873,66.04
53890,73.66
53905,73.66
53920,73.66
53937,73.66
53952,73.66
53968,73.66
53984,73.66
53999,73.66
54016,76.20
54031,76.20
54046,76.20
54063,68.58
54078,43.18
54094,40.64
54110,40.64
54125,38.10
54141,38.10
54157,38.10
54173,66.04
54189,76.20
54204,76.20
54220,76.20
54236,76.20
54251,76.20
54267,76.20
54283,76.20
54299,76.20
54315,78.74
54330,76.20
54346,76.20
54362,66.04
54377,43.18
54393,40.64
-1,-1
55409,81.28
55425,78.74
55441,78.74
55456,63.50
55472,38.10
55488,35.56
55503,35.56
55519,76.20
55535,81.28
55550,81.28
55567,40.64
55582,35.56
55598,38.10
55614,35.56
55629,38.10
55646,35.56
55661,55.88
55676,78.74
55693,76.20
55708,50.80
55724,40.64
55740,38.10
55755,40.64
55772,76.20
55787,76.20
55802,76.20
55819,76.20
55834,76.20
55849,76.20
55866,76.20
55881,76.20
55898,76.20
55913,73.66
55928,73.66
55945,73.66
55960,76.20
55975,76.20
55992,76.20
56007,76.20
56024,76.20
56039,76.20
56054,76.20
56071,76.20
56086,76.20
56102,76.20
56118,73.66
56133,73.66
56150,76.20
56165,73.66
56180,73.66
56197,76.20
56212,76.20
56228,76.20
56244,76.20
56259,43.18
56275,38.10
56291,35.56
56306,50.80
56323,76.20
56338,76.20
56354,50.80
56370,38.10
56385,38.10
56401,38.10
56417,38.10
56432,38.10
56449,38.10
56464,71.12
56480,76.20
56496,76.20
56511,76.20
56527,76.20
56543,76.20
56558,48.26
56574,40.64
56590,38.10
56606,55.88
56622,83.82
56637,81.28
56653,83.82
56669,106.68
56685,106.68
56700,109.22
56716,109.22
56732,109.22
56748,99.06
56764,43.18
56779,40.64
56795,38.10
56811,38.10
56826,40.64
56842,40.64
56858,40.64
56873,38.10
56890,38.10
56905,78.74
56921,109.22
56937,109.22
56952,55.88
56969,40.64
56984,38.10
56999,38.10
57016,38.10
57031,38.10
57048,38.10
57063,38.10
57078,38.10
57095,38.10
57110,101.60
57125,109.22
57142,111.76
57157,43.18
57174,38.10
57189,38.10
57204,81.28
57221,111.76
57236,109.22
57252,111.76
57268,111.76
57284,111.76
57299,111.76
57315,157.48
57331,160.02
57347,157.48
57363,119.38
57378,116.84
57394,116.84
57410,127.00
57425,129.54
57442,129.54
57457,119.38
57474,119.38
57489,119.38
57504,119.38
57521,119.38
57536,119.38
57552,116.84
57568,116.84
57584,116.84
57600,116.84
57615,116.84
57631,116.84
57647,116.84
57663,116.84
57678,116.84
57694,116.84
57710,116.84
57725,116.84
57742,116.84
57757,116.84
57774,114.30
57789,116.84
57804,45.72
57821,43.18
57836,40.64
57852,38.10
57868,35.56
57883,38.10
57900,38.10
57915,38.10
57930,38.10
57947,38.10
57962,40.64
57978,40.64
57994,40.64
58009,38.10
58025,38.10
58041,38.10
58056,35.56
58073,38.10
58088,38.10
-1,-1
59104,25.40
59120,25.40
59136,25.40
59151,38.10
59167,35.56
59183,35.56
59198,25.40
59214,22.86
59230,22.86
59246,35.56
59261,35.56
59277,35.56
59293,35.56
59309,35.56
59325,35.56
59340,27.94
59356,25.40
59372,22.86
59387,25.40
59403,25.40
59419,25.40
59435,30.48
59451,35.56
59466,38.10
59482,38.10
59498,35.56
59513,38.10
59529,38.10
59545,38.10
59560,40.64
59577,38.10
59592,38.10
59608,35.56
59624,35.56
59639,38.10
59655,40.64
59671,40.64
59686,40.64
59703,38.10
59718,38.10
59734,38.10
59750,38.10
59765,38.10
59782,38.10
59797,104.14
59812,114.30
59829,114.30
59844,116.84
59860,114.30
59876,114.30
59891,114.30
59908,114.30
59923,116.84
59939,116.84
59955,116.84
59971,116.84
59986,119.38
60002,129.54
60018,129.54
60034,129.54
60050,132.08
60065,132.08
60081,132.08
60097,124.46
60112,124.46
60129,124.46
60144,132.08
60161,132.08
60176,132.08
60191,139.70
60208,139.70
60223,139.70
60239,119.38
60255,114.30
60270,114.30
60286,58.42
60302,45.72
60318,40.64
60334,53.34
60349,109.22
60365,111.76
60381,83.82
60397,43.18
60412,40.64
60428,40.64
60444,38.10
60460,38.10
60476,38.10
60491,38.10
60507,38.10
60523,38.10
60538,38.10
60554,38.10
60570,35.56
60585,38.10
60602,38.10
60617,38.10
60633,35.56
60649,38.10
60664,38.10
60681,40.64
60696,104.14
60711,106.68
60728,106.68
60743,109.22
60760,109.22
60775,109.22
60790,109.22
60807,109.22
60822,109.22
60838,109.22
60854,109.22
60870,109.22
60886,86.36
60901,81.28
60917,78.74
60933,78.74
60948,78.74
60964,78.74
60980,78.74
60996,78.74
61011,81.28
61027,81.28
61043,76.20
61059,76.20
61075,78.74
61090,78.74
61106,76.20
61122,78.74
61137,76.20
61153,76.20
61169,76.20
61185,78.74
61201,76.20
61216,76.20
61232,45.72
61248,40.64
61263,40.64
61279,38.10
61295,35.56
61310,35.56
61327,40.64
61342,73.66
61358,73.66
61374,73.66
61389,76.20
61405,78.74
61421,76.20
61436,73.66
61453,73.66
61468,73.66
61484,73.66
61500,73.66
61515,73.66
61532,76.20
61547,76.20
61562,76.20
61579,76.20
61594,76.20
61609,76.20
61626,76.20
61641,76.20
61658,78.74
61673,76.20
61688,76.20
61705,78.74
61720,76.20
61735,40.64
61752,38.10
61767,40.64
61784,68.58
-1,-1
62799,38.10
62815,38.10
62830,38.10
62846,35.56
62862,35.56
62877,96.52
62894,109.22
62909,109.22
62925,83.82
62941,78.74
62956,78.74
62972,45.72
62988,38.10
63004,35.56
63020,35.56
63035,35.56
63051,38.10
63067,40.64
63082,76.20
63098,78.74
63114,78.74
63130,78.74
63145,76.20
63161,78.74
63177,76.20
63193,76.20
63209,76.20
63224,76.20
63240,76.20
63256,78.74
63271,76.20
63287,76.20
63303,76.20
63319,76.20
63335,76.20
63350,76.20
63366,76.20
63382,73.66
63397,73.66
63413,73.66
63429,76.20
63444,76.20
63461,73.66
63476,40.64
63492,38.10
63508,38.10
63523,68.58
63540,76.20
63555,76.20
63570,76.20
63587,76.20
63602,76.20
63618,45.72
63634,38.10
63649,38.10
63666,43.18
63681,76.20
63696,76.20
63713,76.20
63728,76.20
63744,76.20
63760,76.20
63775,76.20
63792,76.20
63807,76.20
63822,45.72
63839,40.64
63854,38.10
63869,38.10
63886,38.10
63901,40.64
63918,58.42
63933,76.20
63948,76.20
63965,78.74
63980,106.68
63996,109.22
64012,109.22
64027,109.22
64044,109.22
64059,109.22
64075,109.22
64091,111.76
64107,111.76
64122,40.64
64138,38.10
64154,38.10
64169,93.98
64185,106.68
64201,109.22
64217,48.26
64233,38.10
64248,38.10
64264,38.10
64280,38.10
64295,38.10
64312,48.26
64327,106.68
64343,109.22
64359,83.82
64374,43.18
64391,38.10
64406,38.10
64421,35.56
64438,38.10
64453,38.10
64468,96.52
64485,111.76
64500,111.76
64517,45.72
64532,38.10
64547,38.10
64564,71.12
64579,109.22
64595,111.76
64611,114.30
64626,114.30
64643,114.30
64658,114.30
64674,114.30
64690,114.30
64706,114.30
64721,137.16
64737,139.70
64753,139.70
64769,132.08
64785,132.08
64800,132.08
64816,132.08
64832,134.62
64847,132.08
64864,132.08
64879,132.08
64896,132.08
64911,124.46
64926,116.84
64943,116.84
64958,116.84
64974,116.84
64990,119.38
65005,116.84
65021,116.84
65037,116.84
65053,109.22
65069,45.72
65084,40.64
65100,38.10
65116,38.10
65132,38.10
65147,38.10
65163,38.10
65179,38.10
65195,38.10
65211,40.64
65226,40.64
65242,40.64
65258,38.10
65273,38.10
65289,38.10
65305,38.10
65320,40.64
65337,40.64
65352,40.64
65368,38.10
65384,38.10
65399,38.10
65415,30.48
65431,27.94
65446,27.94
65463,35.56
65478,38.10
-1,-1
66494,35.56
66509,35.56
66526,35.56
66541,35.56
66556,27.94
66573,25.40
66588,22.86
66605,35.56
66620,38.10
66635,38.10
66652,38.10
66667,38.10
66683,38.10
66699,38.10
66714,38.10
66731,38.10
66746,38.10
66761,38.10
66778,38.10
66793,38.10
66809,22.86
66825,22.86
66840,22.86
66856,35.56
66872,38.10
66887,35.56
66904,35.56
66919,38.10
66935,38.10
66951,38.10
66966,38.10
66982,40.64
66998,38.10
67013,38.10
67030,38.10
67045,35.56
67061,106.68
67077,114.30
67092,114.30
67108,114.30
67124,114.30
67140,114.30
67155,114.30
67172,114.30
67187,114.30
67203,114.30
67219,114.30
67234,114.30
67251,116.84
67266,116.84
67281,116.84
67298,116.84
67313,119.38
67330,119.38
67345,116.84
67361,116.84
67377,116.84
67392,116.84
67408,129.54
67424,129.54
67440,129.54
67456,132.08
67472,132.08
67487,132.08
67503,119.38
67519,116.84
67534,119.38
67551,119.38
67566,119.38
67581,119.38
67598,119.38
67613,119.38
67630,116.84
67645,116.84
67661,114.30
67677,114.30
67692,88.90
67708,43.18
67724,38.10
67740,38.10
67756,38.10
67771,38.10
67787,38.10
67803,38.10
67818,38.10
67834,35.56
67850,83.82
67866,109.22
67881,109.22
67897,53.34
67913,40.64
67929,38.10
67945,38.10
67960,40.64
67976,40.64
67992,40.64
68007,38.10
68023,38.10
68039,38.10
68055,38.10
68071,35.56
68086,38.10
68102,93.98
68118,106.68
68133,109.22
68150,109.22
68165,109.22
68180,109.22
68197,109.22
68212,109.22
68229,109.22
68244,93.98
68259,78.74
68276,78.74
68291,78.74
68307,76.20
68323,76.20
68338,71.12
68355,40.64
68370,38.10
68385,40.64
68402,71.12
68417,76.20
68433,76.20
68449,76.20
68464,78.74
68481,76.20
68496,76.20
68512,76.20
68528,76.20
68543,76.20
68559,76.20
68575,76.20
68590,53.34
68606,40.64
68622,38.10
68638,40.64
68654,76.20
68669,76.20
68685,76.20
68701,45.72
68716,40.64
68732,40.64
68748,68.58
68764,73.66
68780,73.66
68795,73.66
68811,73.66
68827,73.66
68842,73.66
68858,73.66
68874,73.66
68890,76.20
68905,76.20
68921,76.20
68937,76.20
68953,76.20
68968,76.20
68984,78.74
69000,76.20
69016,76.20
69031,76.20
69047,76.20
69063,76.20
69079,76.20
69095,76.20
69110,76.20
69126,76.20
69142,78.74
69157,78.74
69173,78.74
-1,-1
70189,35.56
70205,35.56
70220,35.56
70237,55.88
70252,81.28
70267,81.28
70284,48.26
70299,38.10
70315,35.56
70331,35.56
70346,38.10
70363,38.10
70378,38.10
70393,35.56
70410,38.10
70425,35.56
70440,71.12
70457,78.74
70472,78.74
70489,43.18
70504,40.64
70519,40.64
70536,63.50
70551,73.66
70567,73.66
70583,76.20
70598,76.20
70615,76.20
70630,76.20
70645,76.20
70662,76.20
70677,76.20
70693,76.20
70709,76.20
70724,76.20
70740,76.20
70756,76.20
70771,76.20
70788,76.20
70803,76.20
70819,76.20
70835,43.18
70850,38.10
70866,38.10
70882,55.88
70897,73.66
70914,73.66
70929,73.66
70945,73.66
70961,73.66
70976,55.88
70992,40.64
71008,38.10
71024,38.10
71040,35.56
71055,35.56
71071,35.56
71087,71.12
71102,73.66
71118,73.66
71134,76.20
71150,76.20
71165,76.20
71181,76.20
71197,78.74
71213,76.20
71228,76.20
71244,76.20
71260,76.20
71276,53.34
71291,40.64
71307,38.10
71323,40.64
71339,73.66
71354,76.20
71370,76.20
71386,101.60
71402,109.22
71417,109.22
71434,109.22
71449,109.22
71464,109.22
71481,111.76
71496,109.22
71513,109.22
71528,53.34
71543,40.64
71560,38.10
71575,38.10
71591,35.56
71607,35.56
71622,38.10
71639,38.10
71654,38.10
71669,38.10
71686,35.56
71701,38.10
71717,38.10
71733,35.56
71748,38.10
71764,35.56
71780,38.10
71796,40.64
71812,38.10
71827,38.10
71843,38.10
71859,38.10
71874,38.10
71890,38.10
71906,38.10
71922,43.18
71938,109.22
71953,111.76
71969,111.76
71985,114.30
72001,114.30
72016,111.76
72032,111.76
72048,111.76
72064,111.76
72080,116.84
72095,116.84
72112,116.84
72127,124.46
72142,157.48
72159,160.02
72174,137.16
72190,119.38
72206,119.38
72222,119.38
72238,142.24
72253,142.24
72269,142.24
72285,116.84
72301,116.84
72316,116.84
72332,119.38
72348,119.38
72364,119.38
72380,116.84
72395,116.84
72412,116.84
72427,116.84
72442,114.30
72459,116.84
72474,114.30
72491,114.30
72506,114.30
72521,114.30
72538,114.30
72553,111.76
72569,63.50
72585,40.64
72601,38.10
72616,38.10
72632,109.22
72648,114.30
72664,106.68
72680,43.18
72695,38.10
72711,38.10
72727,38.10
72742,38.10
72758,38.10
72774,88.90
72790,111.76
72806,111.76
72821,50.80
72837,38.10
72853,38.10
72868,30.48
-1,-1
73884,35.56
73901,38.10
73916,38.10
73931,38.10
73948,38.10
73963,27.94
73978,22.86
73995,22.86
74010,27.94
74027,35.56
74042,35.56
74057,35.56
74074,35.56
74089,35.56
74104,35.56
74121,35.56
74136,35.56
74152,38.10
74168,33.02
74183,30.48
74200,27.94
74215,38.10
74231,38.10
74247,38.10
74262,38.10
74278,38.10
74294,38.10
74309,38.10
74326,38.10
74341,38.10
74357,38.10
74373,38.10
74388,38.10
74404,40.64
74420,38.10
74435,38.10
74451,35.56
74467,91.44
74483,111.76
74499,111.76
74514,50.80
74530,38.10
74546,38.10
74562,63.50
74577,111.76
74593,114.30
74609,114.30
74625,114.30
74641,114.30
74656,114.30
74673,114.30
74688,114.30
74703,114.30
74720,116.84
74735,116.84
74752,116.84
74767,127.00
74782,129.54
74799,127.00
74814,127.00
74830,129.54
74846,127.00
74862,132.08
74877,160.02
74893,160.02
74909,152.40
74925,137.16
74941,137.16
74956,137.16
74973,119.38
74988,119.38
75003,116.84
75020,114.30
75035,114.30
75052,114.30
75067,114.30
75082,114.30
75099,114.30
75114,111.76
75130,111.76
75146,111.76
75162,111.76
75177,111.76
75193,111.76
75209,53.34
75225,40.64
75241,38.10
75256,35.56
75272,38.10
75288,38.10
75303,38.10
75320,35.56
75335,35.56
75351,38.10
75367,38.10
75382,38.10
75398,35.56
75414,96.52
75429,109.22
75446,109.22
75461,48.26
75476,40.64
75493,38.10
75508,38.10
75525,40.64
75540,38.10
75555,63.50
75572,106.68
75587,109.22
75603,99.06
75619,81.28
75634,78.74
75651,78.74
75666,81.28
75681,78.74
75698,78.74
75713,76.20
75729,76.20
75745,76.20
75760,76.20
75777,76.20
75792,76.20
75807,76.20
75824,78.74
75839,76.20
75855,76.20
75871,76.20
75886,76.20
75902,76.20
75918,78.74
75933,76.20
75950,76.20
75965,76.20
75981,78.74
75997,73.66
76012,40.64
76028,38.10
76044,38.10
76060,68.58
76076,76.20
76091,76.20
76107,76.20
76123,78.74
76138,76.20
76154,48.26
76170,38.10
76186,40.64
76201,38.10
76217,38.10
76233,38.10
76249,38.10
76264,71.12
76280,73.66
76296,71.12
76312,76.20
76327,76.20
76343,76.20
76359,76.20
76375,76.20
76391,76.20
76406,76.20
76422,76.20
76438,76.20
76453,76.20
76469,76.20
76485,76.20
76500,76.20
76517,76.20
76532,76.20
76548,76.20
76564,76.20
-1,-1
77580,38.10
77595,38.10
77612,38.10
77627,40.64
77642,38.10
77659,35.56
77674,38.10
77689,35.56
77706,38.10
77721,35.56
77737,35.56
77753,35.56
77768,35.56
77785,38.10
77800,38.10
77815,38.10
77832,38.10
77847,35.56
77863,35.56
77879,38.10
77894,50.80
77911,76.20
77926,78.74
77941,78.74
77958,76.20
77973,76.20
77989,76.20
78005,76.20
78020,76.20
78036,76.20
78052,78.74
78068,76.20
78084,76.20
78099,76.20
78115,76.20
78131,76.20
78146,76.20
78162,76.20
78178,76.20
78194,45.72
78210,40.64
78225,38.10
78241,38.10
78257,38.10
78272,40.64
78288,40.64
78304,71.12
78320,73.66
78336,71.12
78351,73.66
78367,76.20
78383,73.66
78399,76.20
78414,76.20
78430,78.74
78446,45.72
78461,43.18
78477,38.10
78493,58.42
78509,76.20
78525,76.20
78540,76.20
78556,76.20
78572,76.20
78587,76.20
78603,76.20
78619,76.20
78635,76.20
78651,76.20
78666,76.20
78682,76.20
78698,76.20
78713,76.20
78729,76.20
78745,78.74
78760,78.74
78777,78.74
78792,91.44
78808,109.22
78824,109.22
78839,109.22
78856,109.22
78871,109.22
78886,109.22
78903,109.22
78918,109.22
78935,81.28
78950,43.18
78966,40.64
78982,38.10
78997,40.64
79013,40.64
79029,40.64
79044,99.06
79060,109.22
79076,109.22
79092,48.26
79108,40.64
79123,38.10
79139,35.56
79155,35.56
79171,38.10
79186,38.10
79202,38.10
79218,38.10
79234,38.10
79249,38.10
79265,38.10
79281,38.10
79297,104.14
79312,111.76
79328,111.76
79344,45.72
79360,40.64
79376,40.64
79391,38.10
79407,38.10
79423,38.10
79438,38.10
79455,38.10
79470,38.10
79485,43.18
79502,152.40
79517,160.02
79534,160.02
79549,160.02
79564,160.02
79581,160.02
79596,162.56
79612,162.56
79628,162.56
79643,134.62
79660,132.08
79675,132.08
79691,119.38
79707,119.38
79723,119.38
79738,116.84
79754,119.38
79770,116.84
79785,116.84
79802,116.84
79817,116.84
79833,116.84
79849,116.84
79864,114.30
79881,76.20
79896,43.18
79912,38.10
79928,38.10
79943,38.10
79960,38.10
79975,38.10
79990,38.10
80007,38.10
80022,38.10
80038,38.10
80054,38.10
80069,38.10
80086,38.10
80101,38.10
80116,40.64
80133,38.10
80148,38.10
80164,38.10
80180,38.10
80195,38.10
80211,38.10
80227,38.10
80242,35.56
80259,38.10
-1,-1
81274,22.86
81290,22.86
81306,22.86
81321,27.94
81337,35.56
81353,35.56
81369,35.56
81384,38.10
81400,35.56
81416,38.10
81432,27.94
81447,25.40
81463,22.86
81479,35.56
81495,35.56
81511,35.56
81526,27.94
81542,25.40
81558,22.86
81573,30.48
81589,38.10
81605,35.56
81620,38.10
81637,35.56
81652,38.10
81668,38.10
81684,38.10
81699,38.10
81715,38.10
81731,38.10
81746,38.10
81763,38.10
81778,38.10
81794,38.10
81810,38.10
81825,38.10
81841,38.10
81857,38.10
81872,38.10
81889,38.10
81904,35.56
81920,38.10
81936,109.22
81951,111.76
81968,111.76
81983,114.30
81998,114.30
82015,114.30
82030,114.30
82046,111.76
82062,114.30
82078,116.84
82094,116.84
82109,116.84
82125,119.38
82141,119.38
82157,119.38
82172,121.92
82188,129.54
82204,129.54
82220,129.54
82236,157.48
82251,160.02
82268,160.02
82283,139.70
82298,139.70
82315,139.70
82330,124.46
82347,121.92
82362,119.38
82378,116.84
82394,119.38
82409,116.84
82425,50.80
82441,40.64
82457,38.10
82472,38.10
82488,38.10
82504,38.10
82520,38.10
82535,38.10
82551,38.10
82567,38.10
82583,106.68
82598,111.76
82614,99.06
82630,40.64
82646,38.10
82662,38.10
82677,38.10
82693,38.10
82709,38.10
82724,38.10
82740,40.64
82756,40.64
82771,38.10
82788,35.56
82803,38.10
82819,38.10
82835,38.10
82850,38.10
82866,40.64
82882,38.10
82897,38.10
82914,40.64
82929,104.14
82945,106.68
82961,106.68
82976,109.22
82993,109.22
83008,109.22
83023,83.82
83040,81.28
83055,83.82
83072,81.28
83087,76.20
83102,78.74
83119,76.20
83134,76.20
83150,76.20
83166,50.80
83181,40.64
83197,40.64
83213,40.64
83228,76.20
83245,76.20
83260,76.20
83276,76.20
83292,76.20
83307,76.20
83323,76.20
83339,78.74
83354,76.20
83371,76.20
83386,76.20
83402,76.20
83418,45.72
83433,40.64
83449,38.10
83465,48.26
83480,73.66
83496,76.20
83512,76.20
83528,73.66
83544,73.66
83559,73.66
83575,73.66
83591,73.66
83606,73.66
83622,73.66
83638,73.66
83654,73.66
83670,73.66
83685,73.66
83701,73.66
83717,76.20
83732,76.20
83748,76.20
83764,76.20
83780,78.74
83795,76.20
83811,76.20
83827,76.20
83843,76.20
83858,76.20
83874,76.20
83890,76.20
83906,76.20
83921,78.74
83937,78.74
83953,78.74
-1,-1
84969,104.14
84984,106.68
85001,109.22
85016,81.28
85031,78.74
85048,78.74
85063,104.14
85079,109.22
85095,109.22
85110,111.76
85127,109.22
85142,109.22
85158,109.22
85174,109.22
85189,109.22
85206,91.44
85221,81.28
85237,78.74
85253,58.42
85268,43.18
85284,38.10
85300,38.10
85316,73.66
85331,76.20
85347,76.20
85363,76.20
85379,76.20
85394,76.20
85410,76.20
85426,76.20
85442,76.20
85457,76.20
85473,76.20
85489,76.20
85505,76.20
85520,76.20
85536,73.66
85552,76.20
85568,76.20
85583,76.20
85599,76.20
85615,73.66
85630,73.66
85646,73.66
85662,73.66
85678,73.66
85694,73.66
85709,76.20
85725,73.66
85741,76.20
85756,45.72
85772,40.64
85788,40.64
85804,55.88
85820,73.66
85835,76.20
85851,76.20
85867,76.20
85882,76.20
85898,76.20
85914,76.20
85929,76.20
85946,76.20
85961,76.20
85977,76.20
85993,76.20
86008,76.20
86025,76.20
86040,76.20
86055,43.18
86072,38.10
86087,38.10
86103,38.10
86119,38.10
86134,40.64
86151,50.80
86166,78.74
86181,78.74
86198,81.28
86213,106.68
86228,109.22
86245,109.22
86260,109.22
86277,109.22
86292,109.22
86308,109.22
86324,109.22
86339,109.22
86355,45.72
86371,40.64
86387,38.10
86403,38.10
86418,38.10
86434,38.10
86450,38.10
86466,35.56
86481,38.10
86497,38.10
86513,35.56
86529,38.10
86544,35.56
86560,35.56
86576,35.56
86592,35.56
86607,38.10
86623,35.56
86639,38.10
86654,35.56
86670,35.56
86686,38.10
86702,86.36
86718,111.76
86733,111.76
86749,114.30
86765,114.30
86780,116.84
86797,114.30
86812,114.30
86829,114.30
86844,114.30
86859,157.48
86876,160.02
86891,160.02
86907,124.46
86923,121.92
86938,121.92
86955,132.08
86970,129.54
86986,132.08
87002,129.54
87018,129.54
87033,129.54
87049,132.08
87065,132.08
87080,134.62
87097,124.46
87112,116.84
87129,116.84
87144,116.84
87159,116.84
87176,114.30
87191,114.30
87207,114.30
87223,116.84
87238,116.84
87255,114.30
87270,116.84
87286,116.84
87302,45.72
87318,40.64
87333,35.56
87349,38.10
87365,38.10
87380,38.10
87396,38.10
87412,38.10
87428,38.10
87444,38.10
87459,40.64
87475,38.10
87491,38.10
87506,35.56
87522,35.56
87538,38.10
87554,38.10
87570,38.10
87585,38.10
87601,38.10
87617,38.10
87632,38.10
87648,38.10
-1,-1
