14,35.56
30,33.02
46,35.56
61,33.02
76,33.02
93,33.02
108,33.02
123,35.56
139,35.56
155,35.56
171,35.56
186,33.02
202,35.56
218,35.56
233,35.56
248,33.02
265,35.56
280,35.56
295,35.56
312,33.02
327,33.02
343,33.02
359,35.56
374,35.56
390,35.56
405,35.56
421,35.56
437,35.56
452,35.56
468,35.56
484,35.56
499,35.56
515,35.56
531,35.56
546,35.56
562,38.10
578,35.56
593,38.10
609,38.10
624,35.56
641,35.56
656,38.10
671,38.10
688,38.10
703,38.10
718,38.10
734,38.10
750,38.10
765,38.10
781,38.10
797,38.10
813,81.28
828,119.38
843,119.38
860,119.38
875,119.38
890,119.38
907,111.76
922,99.06
937,99.06
954,96.52
969,73.66
985,71.12
1001,71.12
1016,111.76
1032,114.30
1048,114.30
1063,73.66
1079,71.12
1095,71.12
1111,88.90
1126,111.76
1142,111.76
1158,81.28
1173,71.12
1189,71.12
1205,73.66
1220,111.76
1236,114.30
1252,114.30
1268,114.30
1284,114.30
1299,114.30
1315,73.66
1331,71.12
1346,71.12
1362,101.60
1378,111.76
1393,111.76
1410,111.76
1425,111.76
1441,111.76
1457,111.76
1472,111.76
1488,114.30
1504,111.76
1519,114.30
1536,114.30
1551,114.30
1567,114.30
1583,114.30
1598,114.30
1614,114.30
1630,111.76
1645,111.76
1661,111.76
1677,111.76
1693,111.76
1709,111.76
1724,109.22
1740,111.76
1756,114.30
1771,114.30
1787,114.30
1803,114.30
1819,114.30
1835,114.30
1850,114.30
1866,114.30
1882,114.30
1898,116.84
1913,114.30
1929,119.38
1945,116.84
1960,71.12
1976,71.12
1992,71.12
2008,50.80
2023,43.18
2039,45.72
2055,66.04
2070,68.58
2086,71.12
2102,66.04
2117,68.58
2134,68.58
2149,71.12
2164,99.06
2181,99.06
2196,88.90
2211,66.04
2228,63.50
2243,63.50
2258,66.04
2275,63.50
2290,63.50
2306,93.98
2322,99.06
2337,99.06
2353,99.06
2369,99.06
2384,99.06
2400,50.80
2416,40.64
2432,40.64
2447,38.10
2463,38.10
2479,38.10
2494,38.10
2510,38.10
2526,38.10
2541,38.10
2557,35.56
2573,35.56
2588,35.56
2605,35.56
2620,35.56
2635,38.10
2652,35.56
2667,35.56
2682,35.56
-1,-1
3698,35.56
3715,35.56
3730,35.56
3745,35.56
3762,35.56
3777,35.56
3792,35.56
3809,35.56
3824,35.56
3840,35.56
3856,35.56
3871,35.56
3887,35.56
3903,35.56
3918,35.56
3934,35.56
3950,35.56
3965,35.56
3981,35.56
3997,35.56
4013,35.56
4028,35.56
4044,35.56
4060,35.56
4075,38.10
4091,38.10
4107,38.10
4122,38.10
4139,38.10
4154,38.10
4169,38.10
4186,38.10
4201,38.10
4216,38.10
4233,38.10
4248,38.10
4263,38.10
4280,38.10
4295,91.44
4311,99.06
4327,96.52
4342,116.84
4358,119.38
4374,119.38
4389,68.58
4405,66.04
4421,63.50
4436,63.50
4452,63.50
4468,63.50
4484,81.28
4499,114.30
4515,116.84
4531,88.90
4547,66.04
4562,63.50
4578,66.04
4594,66.04
4610,66.04
4625,66.04
4641,68.58
4657,66.04
4672,66.04
4688,104.14
4704,114.30
4719,116.84
4736,114.30
4751,114.30
4766,114.30
4783,116.84
4798,114.30
4814,114.30
4830,116.84
4845,116.84
4861,116.84
4877,116.84
4892,114.30
4909,116.84
4924,116.84
4940,116.84
4956,114.30
4971,114.30
4987,114.30
5003,119.38
5018,124.46
5035,114.30
5050,114.30
5066,114.30
5082,114.30
5097,114.30
5113,114.30
5129,119.38
5144,116.84
5160,114.30
5176,114.30
5192,114.30
5208,116.84
5223,111.76
5239,78.74
5255,73.66
5270,78.74
5286,111.76
5302,119.38
5317,119.38
5334,78.74
5349,78.74
5364,78.74
5381,96.52
5396,116.84
5411,116.84
5428,88.90
5443,76.20
5459,76.20
5475,78.74
5490,116.84
5507,116.84
5522,109.22
5537,76.20
5554,76.20
5569,76.20
5584,111.76
5601,116.84
5616,119.38
5632,121.92
5648,119.38
5663,119.38
5680,121.92
5695,127.00
5710,124.46
5727,129.54
5742,124.46
5757,129.54
5774,114.30
5789,99.06
5806,96.52
5821,99.06
5836,119.38
5853,119.38
5868,104.14
5883,45.72
5900,40.64
5915,38.10
5931,38.10
5947,38.10
5962,38.10
5978,38.10
5994,38.10
6009,38.10
6025,38.10
6041,35.56
6056,38.10
6072,35.56
6088,35.56
6104,38.10
6119,35.56
6135,35.56
6151,35.56
6166,35.56
6182,35.56
6198,35.56
6213,35.56
6230,35.56
6245,35.56
6260,35.56
6277,35.56
6292,35.56
6307,35.56
6324,35.56
6339,35.56
6354,35.56
6371,35.56
-1,-1
7387,35.56
7402,35.56
7417,35.56
7434,35.56
7449,35.56
7464,35.56
7481,35.56
7496,35.56
7512,35.56
7528,35.56
7543,35.56
7559,35.56
7575,35.56
7590,35.56
7606,35.56
7622,35.56
7638,35.56
7653,35.56
7669,35.56
7685,35.56
7700,35.56
7716,35.56
7732,35.56
7747,35.56
7763,35.56
7779,35.56
7794,35.56
7811,35.56
7826,35.56
7841,35.56
7858,35.56
7873,33.02
7888,35.56
7905,35.56
7920,35.56
7936,35.56
7952,35.56
7967,38.10
7983,38.10
7999,38.10
8014,35.56
8030,38.10
8046,38.10
8061,38.10
8077,38.10
8093,38.10
8109,38.10
8124,35.56
8140,38.10
8156,50.80
8171,93.98
8187,96.52
8203,96.52
8218,119.38
8235,119.38
8250,119.38
8265,121.92
8282,121.92
8297,121.92
8313,119.38
8329,119.38
8344,119.38
8360,119.38
8376,119.38
8391,116.84
8408,119.38
8423,119.38
8439,116.84
8455,88.90
8470,71.12
8486,68.58
8502,71.12
8517,109.22
8534,111.76
8549,111.76
8564,111.76
8581,111.76
8596,111.76
8612,73.66
8628,71.12
8643,71.12
8659,91.44
8675,111.76
8690,111.76
8707,111.76
8722,111.76
8737,111.76
8754,111.76
8769,111.76
8785,111.76
8801,111.76
8816,111.76
8833,111.76
8848,111.76
8863,111.76
8880,111.76
8895,114.30
8911,114.30
8927,114.30
8942,114.30
8958,116.84
8974,116.84
8989,116.84
9006,119.38
9021,119.38
9037,121.92
9053,124.46
9068,121.92
9084,124.46
9100,129.54
9115,129.54
9132,121.92
9147,127.00
9163,121.92
9179,127.00
9194,119.38
9210,116.84
9226,116.84
9241,116.84
9257,116.84
9273,114.30
9289,116.84
9305,71.12
9320,68.58
9336,68.58
9352,66.04
9367,68.58
9383,66.04
9399,66.04
9414,66.04
9431,68.58
9446,66.04
9461,63.50
9478,63.50
9493,63.50
9508,63.50
9525,63.50
9540,63.50
9555,63.50
9572,63.50
9587,63.50
9603,63.50
9619,63.50
9634,66.04
9650,60.96
9666,63.50
9681,63.50
9697,63.50
9713,63.50
9729,63.50
9744,50.80
9760,43.18
9776,40.64
9791,40.64
9807,38.10
9823,38.10
9838,38.10
9854,38.10
9870,38.10
9885,38.10
9902,38.10
9917,35.56
9932,35.56
9949,35.56
9964,35.56
9979,35.56
9996,35.56
10011,35.56
10027,35.56
10043,38.10
10058,35.56
-1,-1
11074,35.56
11089,35.56
11106,35.56
11121,35.56
11138,35.56
11153,35.56
11168,35.56
11185,35.56
11200,35.56
11215,35.56
11232,35.56
11247,33.02
11264,35.56
11279,35.56
11294,35.56
11311,35.56
11326,35.56
11341,35.56
11358,35.56
11373,35.56
11389,35.56
11405,35.56
11420,33.02
11437,35.56
11452,35.56
11467,35.56
11484,35.56
11499,35.56
11515,35.56
11531,38.10
11546,38.10
11563,38.10
11578,38.10
11593,38.10
11610,38.10
11625,38.10
11641,60.96
11657,60.96
11672,60.96
11688,60.96
11704,60.96
11719,60.96
11736,60.96
11751,60.96
11767,60.96
11783,60.96
11798,60.96
11814,60.96
11830,60.96
11845,60.96
11862,60.96
11877,60.96
11893,58.42
11909,60.96
11924,60.96
11940,60.96
11956,60.96
11971,60.96
11987,63.50
12003,66.04
12019,66.04
12035,66.04
12050,66.04
12066,66.04
12082,88.90
12097,111.76
12113,111.76
12129,114.30
12145,114.30
12161,114.30
12177,114.30
12192,114.30
12208,114.30
12224,114.30
12239,111.76
12256,111.76
12271,114.30
12286,114.30
12303,114.30
12318,114.30
12335,116.84
12350,114.30
12366,114.30
12382,114.30
12397,114.30
12413,114.30
12429,114.30
12445,114.30
12461,114.30
12477,114.30
12492,114.30
12508,111.76
12524,114.30
12539,114.30
12556,114.30
12571,114.30
12587,111.76
12603,114.30
12618,114.30
12635,116.84
12650,116.84
12666,116.84
12682,116.84
12697,116.84
12713,116.84
12729,81.28
12745,76.20
12761,78.74
12776,76.20
12792,76.20
12808,76.20
12824,76.20
12839,76.20
12855,76.20
12871,76.20
12887,76.20
12902,73.66
12918,73.66
12934,111.76
12950,119.38
12965,119.38
12981,119.38
12997,121.92
13012,121.92
13029,119.38
13044,119.38
13060,119.38
13076,119.38
13091,119.38
13108,119.38
13123,106.68
13139,99.06
13155,99.06
13170,83.82
13187,71.12
13202,71.12
13217,58.42
13234,38.10
13249,38.10
13265,38.10
13281,38.10
13296,38.10
13313,38.10
13328,38.10
13344,38.10
13360,38.10
13375,35.56
13391,35.56
13407,35.56
13422,33.02
13438,33.02
13454,35.56
13470,35.56
13486,35.56
13501,35.56
13517,35.56
13533,35.56
13548,35.56
13564,35.56
13580,33.02
13596,35.56
13612,35.56
13627,33.02
13643,35.56
13659,35.56
13674,35.56
13690,35.56
13706,35.56
13722,35.56
13737,35.56
13753,35.56
-1,-1
14769,33.02
14785,35.56
14800,35.56
14816,35.56
14832,35.56
14848,35.56
14864,33.02
14879,35.56
14895,35.56
14911,33.02
14926,35.56
14942,33.02
14958,33.02
14973,35.56
14990,33.02
15005,33.02
15021,35.56
15037,35.56
15052,35.56
15068,35.56
15084,33.02
15099,35.56
15116,33.02
15131,33.02
15147,35.56
15163,35.56
15178,35.56
15194,35.56
15210,35.56
15225,33.02
15242,33.02
15257,35.56
15272,35.56
15289,35.56
15304,35.56
15320,33.02
15336,33.02
15351,33.02
15368,33.02
15383,33.02
15398,33.02
15415,35.56
15430,35.56
15446,35.56
15462,38.10
15477,35.56
15494,38.10
15509,35.56
15524,35.56
15541,35.56
15556,66.04
15571,116.84
15588,119.38
15603,68.58
15620,40.64
15635,40.64
15650,38.10
15667,40.64
15682,38.10
15698,38.10
15714,60.96
15729,60.96
15746,60.96
15761,104.14
15777,116.84
15793,116.84
15808,114.30
15824,114.30
15840,114.30
15856,114.30
15872,111.76
15887,111.76
15903,111.76
15919,111.76
15935,111.76
15950,91.44
15967,71.12
15982,68.58
15997,71.12
16014,68.58
16029,71.12
16045,71.12
16061,104.14
16076,111.76
16093,111.76
16108,111.76
16123,109.22
16140,109.22
16155,111.76
16172,109.22
16187,109.22
16203,111.76
16219,109.22
16234,109.22
16250,111.76
16266,111.76
16282,111.76
16297,111.76
16314,109.22
16329,109.22
16345,111.76
16361,109.22
16376,109.22
16393,111.76
16408,111.76
16423,109.22
16440,111.76
16455,109.22
16472,111.76
16487,111.76
16503,111.76
16519,111.76
16534,111.76
16550,114.30
16566,114.30
16582,114.30
16598,116.84
16614,116.84
16629,116.84
16645,114.30
16661,114.30
16676,114.30
16693,109.22
16708,68.58
16723,66.04
16740,66.04
16755,63.50
16772,66.04
16787,66.04
16802,68.58
16819,66.04
16834,66.04
16849,63.50
16866,63.50
16881,63.50
16898,63.50
16913,63.50
16928,60.96
16945,60.96
16960,60.96
16975,63.50
16992,60.96
17007,58.42
17024,58.42
17039,58.42
17054,60.96
17071,60.96
17086,60.96
17101,60.96
17118,60.96
17133,63.50
17149,43.18
17165,38.10
17180,38.10
17197,35.56
17212,38.10
17227,38.10
17244,38.10
17259,38.10
17275,35.56
17291,35.56
17306,35.56
17323,35.56
17338,35.56
17353,35.56
17370,35.56
17385,35.56
17401,35.56
17417,35.56
17432,35.56
17448,35.56
-1,-1
18464,35.56
18480,35.56
18495,35.56
18511,35.56
18527,35.56
18543,35.56
18558,35.56
18574,35.56
18590,35.56
18606,35.56
18622,35.56
18637,35.56
18653,35.56
18669,35.56
18684,35.56
18700,35.56
18716,35.56
18732,35.56
18748,35.56
18763,35.56
18779,35.56
18795,35.56
18810,35.56
18826,35.56
18842,35.56
18857,35.56
18874,35.56
18889,38.10
18905,38.10
18921,38.10
18936,35.56
18952,38.10
18968,38.10
18983,38.10
19000,38.10
19015,38.10
19031,38.10
19047,38.10
19062,40.64
19078,45.72
19094,60.96
19109,63.50
19126,60.96
19141,93.98
19156,96.52
19173,96.52
19188,63.50
19205,60.96
19220,60.96
19235,60.96
19252,58.42
19267,60.96
19282,60.96
19299,60.96
19314,60.96
19331,63.50
19346,66.04
19361,66.04
19378,63.50
19393,66.04
19408,63.50
19425,63.50
19440,66.04
19457,63.50
19472,66.04
19487,109.22
19504,111.76
19519,111.76
19535,111.76
19551,111.76
19566,114.30
19582,111.76
19598,109.22
19614,109.22
19630,111.76
19645,111.76
19661,111.76
19677,111.76
19693,111.76
19708,111.76
19725,111.76
19740,109.22
19756,109.22
19772,109.22
19787,109.22
19804,109.22
19819,109.22
19835,109.22
19851,109.22
19866,111.76
19883,111.76
19898,111.76
19914,111.76
19930,109.22
19946,109.22
19961,111.76
19977,111.76
19993,111.76
20008,111.76
20025,111.76
20040,111.76
20056,111.76
20072,88.90
20087,71.12
20104,71.12
20119,68.58
20134,109.22
20151,111.76
20166,111.76
20183,71.12
20198,71.12
20213,71.12
20230,101.60
20245,111.76
20261,111.76
20277,73.66
20292,71.12
20308,71.12
20324,83.82
20340,114.30
20356,114.30
20371,116.84
20387,116.84
20403,119.38
20419,116.84
20434,116.84
20451,119.38
20466,96.52
20482,43.18
20498,40.64
20513,40.64
20529,106.68
20545,116.84
20560,116.84
20577,99.06
20592,96.52
20608,99.06
20624,96.52
20639,99.06
20656,96.52
20671,50.80
20686,40.64
20703,38.10
20718,35.56
20733,35.56
20750,38.10
20765,35.56
20782,35.56
20797,33.02
20812,35.56
20829,35.56
20844,35.56
20859,35.56
20876,35.56
20891,35.56
20908,35.56
20923,33.02
20938,33.02
20955,33.02
20970,33.02
20985,33.02
21002,33.02
21017,35.56
21033,35.56
21049,33.02
21064,35.56
21081,33.02
21096,33.02
21111,33.02
21128,33.02
21143,33.02
-1,-1
22159,33.02
22175,35.56
22191,35.56
22206,35.56
22222,33.02
22238,33.02
22253,33.02
22269,33.02
22285,33.02
22301,33.02
22317,33.02
22332,35.56
22348,33.02
22364,33.02
22379,33.02
22395,35.56
22411,33.02
22427,33.02
22443,35.56
22458,33.02
22474,33.02
22490,33.02
22505,33.02
22521,35.56
22537,33.02
22553,33.02
22568,33.02
22584,33.02
22600,35.56
22616,33.02
22631,35.56
22647,33.02
22663,33.02
22679,33.02
22694,33.02
22710,33.02
22726,33.02
22742,33.02
22757,38.10
22773,35.56
22789,38.10
22805,35.56
22820,35.56
22836,35.56
22852,35.56
22867,35.56
22883,35.56
22899,35.56
22915,38.10
22931,35.56
22946,38.10
22962,106.68
22978,119.38
22993,119.38
23010,45.72
23025,40.64
23041,38.10
23057,88.90
23072,116.84
23089,116.84
23104,83.82
23119,68.58
23136,71.12
23151,71.12
23166,111.76
23183,114.30
23198,111.76
23215,111.76
23230,111.76
23246,111.76
23262,111.76
23277,111.76
23293,111.76
23309,73.66
23325,71.12
23341,71.12
23356,68.58
23372,68.58
23388,68.58
23404,68.58
23419,68.58
23435,68.58
23451,73.66
23467,109.22
23482,109.22
23498,109.22
23514,109.22
23530,109.22
23545,109.22
23562,109.22
23577,109.22
23592,109.22
23609,109.22
23624,109.22
23641,109.22
23656,109.22
23672,109.22
23688,111.76
23703,109.22
23719,109.22
23735,109.22
23751,109.22
23767,109.22
23782,109.22
23798,109.22
23814,109.22
23830,109.22
23845,109.22
23862,109.22
23877,111.76
23892,109.22
23909,109.22
23924,109.22
23941,109.22
23956,111.76
23972,109.22
23988,111.76
24003,111.76
24019,114.30
24035,114.30
24051,111.76
24067,114.30
24082,111.76
24098,73.66
24114,66.04
24130,66.04
24145,48.26
24161,43.18
24177,40.64
24193,48.26
24209,60.96
24224,63.50
24240,63.50
24256,63.50
24271,63.50
24287,63.50
24303,60.96
24318,60.96
24335,60.96
24350,58.42
24366,55.88
24382,60.96
24397,78.74
24413,99.06
24429,99.06
24444,99.06
24461,96.52
24476,99.06
24492,73.66
24508,60.96
24523,58.42
24539,50.80
24555,38.10
24570,38.10
24587,38.10
24602,35.56
24617,35.56
24634,35.56
24649,38.10
24665,38.10
24681,38.10
24696,35.56
24713,38.10
24728,38.10
24743,35.56
24760,35.56
24775,35.56
24792,35.56
24807,35.56
24822,35.56
24839,35.56
-1,-1
25854,33.02
25870,35.56
25885,33.02
25902,35.56
25917,33.02
25933,33.02
25949,33.02
25964,35.56
25980,35.56
25996,33.02
26011,33.02
26028,33.02
26043,33.02
26059,35.56
26075,35.56
26090,33.02
26106,33.02
26122,35.56
26137,33.02
26153,33.02
26169,33.02
26185,35.56
26201,33.02
26216,35.56
26232,35.56
26248,35.56
26263,33.02
26279,35.56
26295,35.56
26311,38.10
26327,35.56
26342,35.56
26358,35.56
26374,35.56
26389,35.56
26405,38.10
26421,35.56
26437,60.96
26452,60.96
26468,60.96
26484,58.42
26500,58.42
26515,58.42
26531,76.20
26547,96.52
26563,96.52
26578,68.58
26594,60.96
26610,60.96
26626,60.96
26641,60.96
26657,60.96
26673,60.96
26689,60.96
26704,60.96
26720,63.50
26736,58.42
26752,58.42
26767,58.42
26783,63.50
26799,63.50
26815,63.50
26830,63.50
26846,63.50
26862,63.50
26877,86.36
26893,111.76
26909,111.76
26925,111.76
26941,111.76
26956,111.76
26973,111.76
26988,109.22
27003,109.22
27020,109.22
27035,111.76
27052,114.30
27067,111.76
27083,109.22
27099,109.22
27114,109.22
27130,109.22
27146,109.22
27162,111.76
27177,109.22
27193,109.22
27209,109.22
27225,109.22
27241,109.22
27256,109.22
27273,109.22
27288,109.22
27303,109.22
27320,111.76
27335,109.22
27352,109.22
27367,109.22
27383,114.30
27399,111.76
27414,114.30
27430,111.76
27446,111.76
27462,111.76
27478,111.76
27493,114.30
27509,114.30
27525,76.20
27541,68.58
27556,68.58
27572,71.12
27588,71.12
27603,71.12
27620,71.12
27635,109.22
27651,111.76
27667,111.76
27682,114.30
27699,114.30
27714,114.30
27729,114.30
27746,114.30
27761,114.30
27778,116.84
27793,116.84
27809,116.84
27825,116.84
27840,116.84
27856,116.84
27872,50.80
27888,40.64
27904,40.64
27919,40.64
27935,40.64
27951,40.64
27967,50.80
27982,93.98
27998,96.52
28014,76.20
28029,40.64
28045,35.56
28061,38.10
28077,35.56
28093,38.10
28108,35.56
28124,35.56
28140,35.56
28155,35.56
28171,35.56
28187,33.02
28203,33.02
28219,33.02
28234,33.02
28250,33.02
28266,33.02
28281,33.02
28297,33.02
28313,35.56
28328,33.02
28345,33.02
28360,33.02
28376,33.02
28392,33.02
28407,33.02
28423,33.02
28439,33.02
28454,35.56
28471,33.02
28486,33.02
28502,33.02
28518,33.02
28533,33.02
-1,-1
29549,33.02
29564,33.02
29581,33.02
29596,33.02
29612,33.02
29628,33.02
29643,33.02
29660,33.02
29675,35.56
29690,33.02
29707,30.48
29722,33.02
29737,33.02
29754,35.56
29769,33.02
29786,33.02
29801,35.56
29816,33.02
29833,33.02
29848,35.56
29863,33.02
29880,33.02
29895,33.02
29912,33.02
29927,33.02
29942,33.02
29959,33.02
29974,35.56
29989,35.56
30006,35.56
30021,33.02
30038,33.02
30053,35.56
30068,33.02
30085,33.02
30100,33.02
30115,33.02
30132,33.02
30147,35.56
30163,35.56
30179,35.56
30194,38.10
30211,38.10
30226,35.56
30241,38.10
30258,35.56
30273,35.56
30289,35.56
30305,68.58
30320,96.52
30337,99.06
30352,101.60
30368,114.30
30384,114.30
30399,71.12
30415,43.18
30431,40.64
30447,38.10
30462,109.22
30478,114.30
30494,114.30
30510,116.84
30526,119.38
30541,116.84
30557,116.84
30573,116.84
30588,116.84
30605,114.30
30620,111.76
30637,111.76
30652,111.76
30667,111.76
30684,111.76
30699,83.82
30715,71.12
30731,71.12
30746,71.12
30763,68.58
30778,68.58
30794,71.12
30810,68.58
30825,68.58
30841,68.58
30857,101.60
30872,111.76
30888,111.76
30904,111.76
30920,111.76
30936,111.76
30952,111.76
30967,109.22
30983,111.76
30999,109.22
31014,111.76
31031,109.22
31046,109.22
31063,109.22
31078,111.76
31093,109.22
31110,111.76
31125,109.22
31141,109.22
31157,109.22
31173,111.76
31188,111.76
31204,109.22
31220,109.22
31236,111.76
31252,109.22
31267,109.22
31283,109.22
31299,111.76
31314,111.76
31331,111.76
31346,111.76
31363,111.76
31378,114.30
31393,111.76
31410,111.76
31425,111.76
31441,114.30
31457,111.76
31473,111.76
31489,111.76
31504,111.76
31520,111.76
31536,111.76
31552,63.50
31567,63.50
31583,63.50
31599,60.96
31614,58.42
31631,60.96
31646,60.96
31662,60.96
31678,63.50
31693,60.96
31709,60.96
31725,63.50
31740,60.96
31757,60.96
31772,60.96
31788,60.96
31804,60.96
31819,60.96
31835,63.50
31851,91.44
31866,96.52
31883,96.52
31898,66.04
31913,63.50
31930,63.50
31945,40.64
31961,38.10
31977,38.10
31992,38.10
32009,38.10
32024,38.10
32039,38.10
32056,38.10
32071,35.56
32087,35.56
32103,35.56
32118,33.02
32135,35.56
32150,35.56
32165,35.56
32182,35.56
32197,33.02
32212,35.56
32229,33.02
-1,-1
33245,33.02
33260,33.02
33276,33.02
33292,33.02
33307,35.56
33324,33.02
33339,35.56
33354,33.02
33371,33.02
33386,33.02
33402,35.56
33418,35.56
33433,35.56
33449,35.56
33465,35.56
33480,33.02
33497,33.02
33512,35.56
33528,35.56
33544,35.56
33559,35.56
33575,33.02
33591,33.02
33606,35.56
33623,33.02
33638,33.02
33654,33.02
33670,33.02
33685,35.56
33701,38.10
33717,38.10
33732,38.10
33748,38.10
33764,38.10
33780,35.56
33796,35.56
33811,38.10
33827,38.10
33843,38.10
33859,38.10
33874,45.72
33890,96.52
33906,99.06
33922,96.52
33937,66.04
33953,60.96
33969,60.96
33985,58.42
34000,58.42
34016,58.42
34032,63.50
34048,63.50
34063,63.50
34079,63.50
34095,66.04
34111,63.50
34126,63.50
34142,60.96
34158,58.42
34173,63.50
34189,63.50
34205,63.50
34221,63.50
34237,63.50
34252,63.50
34268,66.04
34284,109.22
34299,111.76
34315,111.76
34331,111.76
34347,111.76
34363,114.30
34378,111.76
34395,109.22
34410,109.22
34425,109.22
34442,109.22
34457,106.68
34473,111.76
34489,114.30
34505,114.30
34521,111.76
34536,109.22
34552,111.76
34568,109.22
34584,109.22
34599,109.22
34616,109.22
34631,109.22
34647,109.22
34663,109.22
34678,109.22
34695,109.22
34710,109.22
34725,109.22
34742,109.22
34757,109.22
34774,111.76
34789,111.76
34805,111.76
34821,111.76
34836,109.22
34852,109.22
34868,91.44
34884,71.12
34899,71.12
34915,68.58
34931,71.12
34947,71.12
34963,71.12
34978,68.58
34994,71.12
35010,68.58
35025,68.58
35041,68.58
35057,68.58
35073,88.90
35089,111.76
35104,111.76
35120,78.74
35136,71.12
35151,71.12
35168,83.82
35183,114.30
35198,114.30
35215,93.98
35230,63.50
35246,60.96
35262,58.42
35277,40.64
35294,40.64
35309,38.10
35324,106.68
35341,119.38
35356,119.38
35373,119.38
35388,119.38
35403,119.38
35420,48.26
35435,38.10
35451,38.10
35467,35.56
35482,35.56
35499,38.10
35514,35.56
35530,35.56
35546,35.56
35561,35.56
35577,33.02
35593,33.02
35608,35.56
35624,33.02
35640,33.02
35656,33.02
35672,33.02
35687,33.02
35703,35.56
35719,33.02
35734,33.02
35750,33.02
35766,33.02
35782,35.56
35798,35.56
35813,33.02
35829,33.02
35845,33.02
35860,33.02
35876,33.02
35892,33.02
35908,33.02
35923,33.02
-1,-1
36939,33.02
36955,33.02
36971,33.02
36986,33.02
37002,33.02
37018,33.02
37033,33.02
37050,33.02
37065,33.02
37081,35.56
37097,33.02
37112,33.02
37128,33.02
37144,33.02
37159,33.02
37176,33.02
37191,33.02
37207,33.02
37223,33.02
37238,35.56
37254,33.02
37270,33.02
37285,33.02
37302,33.02
37317,33.02
37332,33.02
37349,33.02
37364,33.02
37380,33.02
37396,33.02
37411,33.02
37428,33.02
37443,33.02
37458,35.56
37475,35.56
37490,33.02
37506,35.56
37522,35.56
37537,35.56
37554,35.56
37569,35.56
37584,35.56
37601,35.56
37616,38.10
37632,35.56
37648,35.56
37663,35.56
37680,35.56
37695,35.56
37710,91.44
37727,96.52
37742,96.52
37757,116.84
37774,119.38
37789,116.84
37806,116.84
37821,116.84
37837,116.84
37853,119.38
37868,116.84
37884,116.84
37900,104.14
37916,96.52
37932,96.52
37947,81.28
37963,71.12
37979,71.12
37995,71.12
38010,109.22
38026,111.76
38042,111.76
38057,111.76
38074,111.76
38089,111.76
38105,71.12
38121,71.12
38136,71.12
38153,68.58
38168,68.58
38183,68.58
38200,68.58
38215,68.58
38231,68.58
38247,78.74
38262,109.22
38279,111.76
38294,111.76
38310,109.22
38326,111.76
38341,109.22
38358,109.22
38373,109.22
38389,109.22
38405,109.22
38420,109.22
38436,109.22
38452,109.22
38468,109.22
38483,109.22
38500,109.22
38515,111.76
38531,109.22
38547,109.22
38562,109.22
38579,109.22
38594,109.22
38610,109.22
38626,109.22
38641,109.22
38658,109.22
38673,109.22
38689,109.22
38705,109.22
38720,109.22
38736,109.22
38752,111.76
38768,111.76
38784,111.76
38800,111.76
38815,111.76
38831,111.76
38847,73.66
38862,66.04
38879,63.50
38894,66.04
38909,63.50
38926,66.04
38941,63.50
38957,60.96
38973,60.96
38988,60.96
39005,60.96
39020,60.96
39035,60.96
39052,60.96
39067,63.50
39083,60.96
39099,60.96
39114,60.96
39131,60.96
39146,60.96
39161,60.96
39178,60.96
39193,60.96
39208,58.42
39225,58.42
39240,58.42
39257,58.42
39272,58.42
39287,60.96
39304,60.96
39319,60.96
39335,50.80
39351,40.64
39366,35.56
39383,35.56
39398,38.10
39413,35.56
39430,35.56
39445,35.56
39461,35.56
39477,35.56
39492,35.56
39508,35.56
39524,33.02
39539,33.02
39556,33.02
39571,35.56
39587,35.56
39603,33.02
39618,33.02
-1,-1
40634,33.02
40650,35.56
40666,35.56
40681,33.02
40697,33.02
40713,33.02
40729,33.02
40744,33.02
40760,33.02
40776,33.02
40792,33.02
40807,33.02
40823,33.02
40839,33.02
40855,35.56
40870,35.56
40886,33.02
40902,33.02
40918,33.02
40933,35.56
40949,35.56
40965,35.56
40981,35.56
40996,33.02
41012,33.02
41028,33.02
41043,33.02
41059,35.56
41075,35.56
41091,35.56
41107,38.10
41122,38.10
41138,38.10
41154,38.10
41169,38.10
41185,35.56
41201,35.56
41217,35.56
41233,58.42
41248,60.96
41264,60.96
41280,63.50
41295,60.96
41311,60.96
41327,60.96
41342,60.96
41359,60.96
41374,60.96
41390,60.96
41406,60.96
41421,60.96
41437,58.42
41453,58.42
41468,58.42
41485,60.96
41500,63.50
41516,60.96
41532,63.50
41547,63.50
41564,63.50
41579,63.50
41594,63.50
41611,63.50
41626,93.98
41641,111.76
41658,111.76
41673,111.76
41690,111.76
41705,111.76
41720,111.76
41737,111.76
41752,111.76
41768,111.76
41784,111.76
41800,109.22
41816,109.22
41831,109.22
41847,109.22
41863,109.22
41879,106.68
41894,111.76
41911,111.76
41926,109.22
41942,109.22
41958,109.22
41973,111.76
41990,109.22
42005,111.76
42020,111.76
42037,109.22
42052,109.22
42068,109.22
42084,111.76
42100,109.22
42116,111.76
42131,109.22
42147,109.22
42163,109.22
42179,109.22
42194,109.22
42211,109.22
42226,111.76
42242,111.76
42258,111.76
42273,73.66
42290,71.12
42305,71.12
42320,68.58
42337,71.12
42352,71.12
42368,68.58
42384,68.58
42399,68.58
42416,68.58
42431,68.58
42446,68.58
42463,68.58
42478,109.22
42494,111.76
42510,111.76
42525,114.30
42542,114.30
42557,114.30
42573,116.84
42589,116.84
42604,116.84
42620,116.84
42636,116.84
42652,116.84
42668,50.80
42684,40.64
42699,40.64
42715,63.50
42731,116.84
42746,119.38
42763,119.38
42778,119.38
42793,119.38
42810,96.52
42825,40.64
42842,38.10
42857,38.10
42872,35.56
42889,38.10
42904,38.10
42919,35.56
42936,35.56
42951,35.56
42968,35.56
42983,35.56
42998,33.02
43015,33.02
43030,33.02
43045,35.56
43062,33.02
43077,35.56
43094,33.02
43109,33.02
43124,33.02
43141,33.02
43156,33.02
43171,33.02
43188,33.02
43203,35.56
43219,33.02
43235,33.02
43250,33.02
43267,33.02
43282,33.02
43297,33.02
43314,33.02
-1,-1
44329,33.02
44345,33.02
44361,33.02
44377,33.02
44392,35.56
44408,33.02
44424,33.02
44439,33.02
44455,35.56
44471,35.56
44487,35.56
44503,33.02
44518,33.02
44534,33.02
44550,33.02
44565,35.56
44581,35.56
44597,35.56
44613,33.02
44628,33.02
44644,33.02
44660,33.02
44676,33.02
44691,33.02
44707,33.02
44723,33.02
44738,33.02
44754,35.56
44770,33.02
44786,35.56
44802,33.02
44817,33.02
44833,33.02
44849,35.56
44865,35.56
44880,35.56
44896,38.10
44912,35.56
44928,35.56
44943,35.56
44959,35.56
44975,35.56
44991,35.56
45006,35.56
45022,35.56
45038,35.56
45053,35.56
45069,35.56
45085,35.56
45101,68.58
45117,96.52
45132,96.52
45148,96.52
45164,96.52
45179,96.52
45195,63.50
45211,43.18
45227,40.64
45243,38.10
45258,93.98
45274,96.52
45290,96.52
45305,71.12
45321,68.58
45337,71.12
45352,68.58
45369,68.58
45384,68.58
45400,66.04
45416,68.58
45431,68.58
45447,68.58
45463,68.58
45478,68.58
45495,68.58
45510,68.58
45526,68.58
45542,68.58
45557,66.04
45573,66.04
45589,66.04
45604,68.58
45621,68.58
45636,68.58
45651,99.06
45668,111.76
45683,111.76
45700,111.76
45715,109.22
45730,109.22
45747,109.22
45762,109.22
45778,109.22
45794,109.22
45809,109.22
45826,106.68
45841,109.22
45857,109.22
45873,109.22
45889,109.22
45904,109.22
45920,109.22
45936,111.76
45952,109.22
45968,109.22
45983,109.22
46000,109.22
46015,109.22
46030,109.22
46047,109.22
46062,109.22
46078,109.22
46094,109.22
46110,109.22
46126,109.22
46141,109.22
46157,111.76
46173,111.76
46189,111.76
46204,111.76
46220,111.76
46236,104.14
46252,68.58
46268,63.50
46283,63.50
46299,63.50
46315,63.50
46330,63.50
46347,60.96
46362,60.96
46377,60.96
46394,60.96
46409,58.42
46425,58.42
46441,60.96
46456,60.96
46473,60.96
46488,60.96
46503,60.96
46520,60.96
46535,60.96
46551,58.42
46567,58.42
46582,58.42
46599,60.96
46614,60.96
46629,60.96
46646,58.42
46661,58.42
46678,58.42
46693,40.64
46708,35.56
46725,35.56
46740,35.56
46755,35.56
46772,35.56
46787,35.56
46803,35.56
46819,35.56
46834,35.56
46851,35.56
46866,35.56
46881,35.56
46898,33.02
46913,35.56
46929,35.56
46945,33.02
46960,35.56
46977,35.56
46992,33.02
47007,33.02
-1,-1
48023,33.02
48039,35.56
48055,33.02
48071,35.56
48087,33.02
48102,33.02
48118,33.02
48134,33.02
48149,35.56
48165,35.56
48181,33.02
48197,33.02
48212,33.02
48228,33.02
48244,33.02
48260,33.02
48275,33.02
48291,35.56
48307,33.02
48323,33.02
48338,35.56
48354,35.56
48370,35.56
48386,33.02
48401,33.02
48417,35.56
48433,33.02
48449,35.56
48464,33.02
48480,35.56
48496,35.56
48512,35.56
48527,35.56
48543,35.56
48559,38.10
48575,35.56
48590,35.56
48606,35.56
48622,45.72
48637,60.96
48653,60.96
48669,60.96
48685,60.96
48701,58.42
48716,58.42
48732,58.42
48748,58.42
48763,60.96
48779,58.42
48795,58.42
48811,58.42
48827,60.96
48842,60.96
48858,60.96
48874,60.96
48889,60.96
48906,60.96
48921,63.50
48936,63.50
48953,63.50
48968,63.50
48984,63.50
49000,63.50
49015,63.50
49032,109.22
49047,111.76
49062,111.76
49079,111.76
49094,111.76
49111,111.76
49126,111.76
49141,109.22
49158,109.22
49173,109.22
49189,109.22
49205,109.22
49221,109.22
49236,109.22
49252,109.22
49268,109.22
49284,109.22
49300,109.22
49315,109.22
49332,109.22
49347,109.22
49362,109.22
49379,109.22
49394,109.22
49411,109.22
49426,109.22
49441,109.22
49458,109.22
49473,109.22
49489,109.22
49505,109.22
49521,109.22
49537,109.22
49552,111.76
49568,83.82
49584,71.12
49600,68.58
49615,71.12
49631,109.22
49647,111.76
49662,101.60
49679,71.12
49694,71.12
49710,71.12
49726,68.58
49741,68.58
49758,68.58
49773,96.52
49788,111.76
49805,111.76
49820,114.30
49837,111.76
49852,111.76
49867,76.20
49884,71.12
49899,71.12
49915,76.20
49931,109.22
49946,111.76
49963,91.44
49978,71.12
49993,71.12
50010,71.12
50025,93.98
50041,96.52
50057,96.52
50072,40.64
50088,40.64
50104,40.64
50120,101.60
50136,119.38
50151,119.38
50167,99.06
50183,96.52
50199,96.52
50214,48.26
50230,38.10
50246,38.10
50262,38.10
50277,35.56
50293,35.56
50309,38.10
50325,35.56
50340,35.56
50356,38.10
50372,35.56
50387,33.02
50403,35.56
50419,35.56
50435,33.02
50451,35.56
50466,35.56
50482,33.02
50498,35.56
50513,35.56
50530,35.56
50545,35.56
50561,33.02
50577,33.02
50592,35.56
50608,35.56
50624,33.02
50639,33.02
50656,33.02
50671,33.02
50686,35.56
50703,35.56
-1,-1
51719,33.02
51734,33.02
51749,33.02
51766,33.02
51781,33.02
51798,33.02
51813,33.02
51828,33.02
51845,35.56
51860,33.02
51875,35.56
51892,33.02
51907,35.56
51923,33.02
51939,33.02
51954,33.02
51971,33.02
51986,33.02
52001,35.56
52018,35.56
52033,35.56
52049,33.02
52065,33.02
52080,33.02
52097,33.02
52112,33.02
52127,33.02
52144,33.02
52159,33.02
52174,33.02
52191,33.02
52206,33.02
52222,33.02
52238,35.56
52253,35.56
52270,33.02
52285,35.56
52300,35.56
52317,35.56
52332,35.56
52348,33.02
52364,35.56
52379,35.56
52396,35.56
52411,35.56
52427,35.56
52443,35.56
52458,35.56
52474,35.56
52490,35.56
52505,106.68
52521,116.84
52537,116.84
52553,45.72
52569,38.10
52584,38.10
52600,38.10
52616,38.10
52632,38.10
52647,76.20
52663,114.30
52679,116.84
52695,116.84
52711,116.84
52726,116.84
52742,116.84
52758,114.30
52773,116.84
52790,114.30
52805,111.76
52822,111.76
52837,111.76
52852,71.12
52869,71.12
52884,68.58
52899,68.58
52916,68.58
52931,68.58
52947,68.58
52963,68.58
52978,71.12
52995,78.74
53010,111.76
53026,111.76
53042,111.76
53057,109.22
53073,109.22
53089,109.22
53105,111.76
53121,109.22
53137,109.22
53152,109.22
53168,109.22
53184,109.22
53199,109.22
53216,109.22
53231,109.22
53246,109.22
53263,109.22
53278,109.22
53295,109.22
53310,109.22
53326,109.22
53342,109.22
53357,109.22
53373,109.22
53389,109.22
53405,109.22
53421,109.22
53437,109.22
53452,111.76
53468,111.76
53484,111.76
53499,111.76
53516,111.76
53531,111.76
53547,111.76
53563,111.76
53578,111.76
53595,111.76
53610,111.76
53626,111.76
53642,111.76
53657,111.76
53673,111.76
53689,78.74
53705,66.04
53721,63.50
53736,63.50
53752,63.50
53768,63.50
53784,63.50
53799,109.22
53815,111.76
53831,111.76
53847,63.50
53863,63.50
53878,60.96
53894,58.42
53910,58.42
53925,60.96
53941,58.42
53957,58.42
53972,58.42
53989,60.96
54004,60.96
54020,60.96
54036,60.96
54051,60.96
54067,60.96
54083,48.26
54098,38.10
54115,38.10
54130,38.10
54146,35.56
54162,38.10
54177,38.10
54193,35.56
54209,38.10
54224,35.56
54241,35.56
54256,33.02
54272,33.02
54288,33.02
54303,33.02
54320,33.02
54335,33.02
54350,33.02
54367,33.02
54382,35.56
54397,33.02
-1,-1
55413,33.02
55430,33.02
55445,33.02
55461,33.02
55477,33.02
55492,33.02
55508,33.02
55524,33.02
55539,33.02
55556,33.02
55571,33.02
55587,33.02
55603,33.02
55618,33.02
55634,35.56
55650,33.02
55665,33.02
55682,33.02
55697,33.02
55713,35.56
55729,35.56
55744,35.56
55760,35.56
55776,33.02
55791,33.02
55808,33.02
55823,35.56
55839,35.56
55855,33.02
55870,35.56
55886,35.56
55902,35.56
55917,38.10
55933,35.56
55949,35.56
55965,35.56
55981,38.10
55996,38.10
56012,38.10
56028,55.88
56043,58.42
56059,58.42
56075,60.96
56091,60.96
56107,60.96
56122,60.96
56138,60.96
56154,60.96
56170,60.96
56185,58.42
56201,58.42
56217,58.42
56232,58.42
56248,58.42
56264,58.42
56280,60.96
56296,60.96
56311,60.96
56327,63.50
56343,63.50
56358,66.04
56374,101.60
56390,111.76
56406,111.76
56422,73.66
56437,63.50
56453,63.50
56469,81.28
56484,111.76
56501,111.76
56516,111.76
56531,111.76
56548,111.76
56563,111.76
56580,109.22
56595,109.22
56611,109.22
56627,109.22
56642,109.22
56658,109.22
56674,109.22
56690,109.22
56706,109.22
56721,109.22
56737,109.22
56753,109.22
56769,109.22
56784,109.22
56801,109.22
56816,109.22
56832,109.22
56848,109.22
56863,109.22
56880,109.22
56895,109.22
56911,109.22
56927,109.22
56942,109.22
56958,109.22
56974,111.76
56990,111.76
57006,111.76
57021,73.66
57037,68.58
57053,68.58
57069,68.58
57084,68.58
57100,71.12
57116,78.74
57132,109.22
57148,111.76
57163,83.82
57179,71.12
57195,68.58
57210,71.12
57226,68.58
57242,68.58
57257,68.58
57274,106.68
57289,114.30
57305,114.30
57321,116.84
57336,116.84
57353,116.84
57368,116.84
57384,116.84
57400,116.84
57415,48.26
57432,40.64
57447,40.64
57463,71.12
57479,119.38
57494,119.38
57510,109.22
57526,96.52
57542,96.52
57558,68.58
57573,40.64
57589,38.10
57605,35.56
57620,35.56
57636,35.56
57652,38.10
57668,35.56
57683,35.56
57699,35.56
57715,35.56
57731,35.56
57746,38.10
57762,35.56
57778,33.02
57794,33.02
57809,33.02
57825,33.02
57841,33.02
57857,33.02
57872,33.02
57888,33.02
57904,33.02
57920,33.02
57935,33.02
57951,33.02
57967,33.02
57982,33.02
57998,33.02
58014,33.02
58030,33.02
58046,33.02
58061,33.02
58077,33.02
58093,35.56
-1,-1
59109,33.02
59124,33.02
59140,33.02
59156,33.02
59171,33.02
59188,33.02
59203,33.02
59218,35.56
59235,33.02
59250,33.02
59266,33.02
59282,33.02
59297,33.02
59314,33.02
59329,35.56
59344,33.02
59361,33.02
59376,33.02
59392,35.56
59408,33.02
59423,33.02
59440,33.02
59455,33.02
59470,33.02
59487,35.56
59502,33.02
59517,33.02
59534,33.02
59549,33.02
59566,33.02
59581,33.02
59596,35.56
59613,33.02
59628,33.02
59643,33.02
59660,33.02
59675,33.02
59692,33.02
59707,33.02
59722,33.02
59739,33.02
59754,35.56
59769,35.56
59786,35.56
59801,35.56
59817,35.56
59833,35.56
59848,35.56
59865,35.56
59880,35.56
59895,63.50
59912,93.98
59927,96.52
59943,60.96
59959,43.18
59974,40.64
59991,38.10
60006,38.10
60021,38.10
60038,40.64
60053,109.22
60069,116.84
60085,116.84
60101,116.84
60116,116.84
60132,116.84
60148,76.20
60164,68.58
60180,68.58
60195,83.82
60211,111.76
60227,111.76
60242,81.28
60258,71.12
60274,71.12
60290,71.12
60306,109.22
60321,111.76
60337,106.68
60353,71.12
60368,71.12
60385,71.12
60400,68.58
60416,68.58
60432,68.58
60447,96.52
60464,111.76
60479,111.76
60494,111.76
60511,111.76
60526,109.22
60542,109.22
60558,109.22
60574,109.22
60590,109.22
60605,109.22
60621,111.76
60637,109.22
60653,109.22
60668,109.22
60684,111.76
60700,109.22
60716,109.22
60732,109.22
60747,109.22
60764,109.22
60779,109.22
60794,109.22
60811,109.22
60826,109.22
60843,109.22
60858,109.22
60874,109.22
60890,109.22
60905,109.22
60921,109.22
60937,111.76
60953,111.76
60968,111.76
60984,91.44
61000,66.04
61016,63.50
61032,63.50
61047,66.04
61063,66.04
61079,63.50
61094,60.96
61111,60.96
61126,60.96
61142,63.50
61158,63.50
61173,63.50
61189,63.50
61205,60.96
61220,60.96
61237,63.50
61252,60.96
61267,60.96
61284,66.04
61299,96.52
61315,99.06
61331,88.90
61346,63.50
61363,60.96
61378,60.96
61393,93.98
61410,96.52
61425,96.52
61441,66.04
61457,60.96
61472,60.96
61489,43.18
61504,38.10
61519,35.56
61536,35.56
61551,38.10
61568,38.10
61583,35.56
61598,35.56
61615,35.56
61630,38.10
61645,35.56
61662,33.02
61677,35.56
61693,33.02
61709,33.02
61724,33.02
61741,33.02
61756,33.02
61771,35.56
61788,33.02
-1,-1
62803,35.56
62819,33.02
62835,33.02
62851,35.56
62866,35.56
62882,33.02
62898,33.02
62913,33.02
62929,33.02
62945,35.56
62961,33.02
62977,33.02
62992,35.56
63008,35.56
63024,33.02
63039,33.02
63055,33.02
63071,33.02
63087,33.02
63102,35.56
63118,33.02
63134,33.02
63150,35.56
63165,33.02
63181,33.02
63197,33.02
63213,35.56
63228,35.56
63244,35.56
63260,35.56
63276,35.56
63291,35.56
63307,35.56
63323,35.56
63339,35.56
63354,35.56
63370,38.10
63386,38.10
63401,38.10
63417,45.72
63433,60.96
63449,63.50
63465,60.96
63480,60.96
63496,60.96
63512,60.96
63527,58.42
63544,58.42
63559,58.42
63575,60.96
63591,60.96
63606,60.96
63622,60.96
63638,60.96
63653,60.96
63670,60.96
63685,60.96
63700,60.96
63717,60.96
63732,60.96
63748,60.96
63764,60.96
63779,63.50
63796,63.50
63811,63.50
63826,106.68
63843,109.22
63858,109.22
63875,114.30
63890,111.76
63905,114.30
63922,109.22
63937,109.22
63953,109.22
63969,109.22
63985,109.22
64001,109.22
64016,109.22
64032,109.22
64048,109.22
64064,109.22
64079,109.22
64096,109.22
64111,109.22
64126,109.22
64143,109.22
64158,109.22
64175,111.76
64190,109.22
64205,109.22
64222,109.22
64237,109.22
64253,109.22
64269,109.22
64285,109.22
64301,109.22
64316,109.22
64332,109.22
64348,109.22
64364,111.76
64379,111.76
64396,111.76
64411,91.44
64427,71.12
64443,68.58
64458,68.58
64474,66.04
64490,66.04
64505,66.04
64522,101.60
64537,111.76
64552,111.76
64569,111.76
64584,111.76
64601,111.76
64616,71.12
64631,68.58
64648,68.58
64663,81.28
64679,111.76
64695,114.30
64710,114.30
64727,116.84
64742,114.30
64758,114.30
64774,119.38
64790,119.38
64805,99.06
64821,45.72
64837,38.10
64852,40.64
64868,38.10
64884,38.10
64900,40.64
64916,86.36
64931,96.52
64947,96.52
64963,45.72
64978,38.10
64995,35.56
65010,35.56
65026,35.56
65042,38.10
65057,35.56
65073,35.56
65089,35.56
65104,35.56
65121,33.02
65136,35.56
65152,35.56
65168,33.02
65183,33.02
65199,35.56
65215,33.02
65230,35.56
65247,33.02
65262,35.56
65277,33.02
65294,33.02
65309,33.02
65325,33.02
65341,33.02
65356,33.02
65373,33.02
65388,33.02
65403,33.02
65420,33.02
65435,33.02
65451,35.56
65467,33.02
65482,33.02
-1,-1
66498,33.02
66514,33.02
66530,33.02
66545,35.56
66562,35.56
66577,33.02
66592,33.02
66609,33.02
66624,33.02
66640,35.56
66656,33.02
66671,33.02
66688,33.02
66703,33.02
66718,33.02
66735,35.56
66750,35.56
66766,33.02
66782,33.02
66797,33.02
66813,35.56
66829,35.56
66844,33.02
66861,33.02
66876,33.02
66892,33.02
66908,33.02
66923,33.02
66939,33.02
66955,33.02
66970,35.56
66987,33.02
67002,35.56
67018,33.02
67034,33.02
67049,33.02
67065,33.02
67081,33.02
67096,33.02
67112,33.02
67128,33.02
67144,35.56
67160,35.56
67175,35.56
67191,35.56
67207,35.56
67222,35.56
67238,38.10
67254,38.10
67270,38.10
67286,38.10
67301,106.68
67317,119.38
67333,119.38
67349,99.06
67364,96.52
67380,96.52
67396,45.72
67411,38.10
67427,38.10
67443,58.42
67459,68.58
67475,68.58
67490,68.58
67506,68.58
67522,68.58
67537,68.58
67553,68.58
67569,68.58
67585,68.58
67601,68.58
67616,68.58
67632,68.58
67648,68.58
67663,66.04
67679,68.58
67695,93.98
67710,111.76
67727,111.76
67742,76.20
67758,71.12
67774,71.12
67789,68.58
67806,71.12
67821,68.58
67836,68.58
67853,68.58
67868,68.58
67884,68.58
67900,104.14
67915,109.22
67932,109.22
67947,106.68
67963,109.22
67979,109.22
67994,109.22
68011,109.22
68026,109.22
68042,109.22
68058,109.22
68073,109.22
68089,109.22
68105,109.22
68121,109.22
68136,109.22
68153,109.22
68168,109.22
68184,109.22
68200,109.22
68215,109.22
68232,109.22
68247,109.22
68263,109.22
68279,111.76
68294,109.22
68311,109.22
68326,109.22
68342,111.76
68358,111.76
68373,111.76
68389,73.66
68405,66.04
68421,63.50
68436,63.50
68452,63.50
68468,63.50
68484,63.50
68500,60.96
68515,60.96
68531,60.96
68547,58.42
68562,58.42
68578,60.96
68594,60.96
68610,60.96
68626,60.96
68641,60.96
68657,60.96
68673,60.96
68688,60.96
68704,60.96
68720,60.96
68736,60.96
68752,60.96
68767,60.96
68783,60.96
68799,58.42
68814,58.42
68830,60.96
68846,63.50
68861,60.96
68878,50.80
68893,38.10
68909,35.56
68925,35.56
68940,35.56
68957,35.56
68972,35.56
68987,35.56
69004,35.56
69019,35.56
69035,33.02
69051,33.02
69066,33.02
69083,33.02
69098,33.02
69113,33.02
69130,33.02
69145,33.02
69160,33.02
69177,33.02
-1,-1
70193,33.02
70208,33.02
70224,35.56
70240,33.02
70255,33.02
70272,33.02
70287,33.02
70302,33.02
70319,33.02
70334,33.02
70350,33.02
70366,35.56
70381,33.02
70397,33.02
70413,33.02
70428,33.02
70445,33.02
70460,33.02
70476,33.02
70492,33.02
70507,35.56
70523,33.02
70539,33.02
70554,33.02
70571,33.02
70586,33.02
70602,33.02
70618,35.56
70633,35.56
70649,35.56
70665,35.56
70680,35.56
70696,35.56
70712,35.56
70728,35.56
70744,38.10
70759,35.56
70775,86.36
70791,96.52
70806,96.52
70822,66.04
70838,60.96
70854,58.42
70870,60.96
70885,60.96
70901,60.96
70917,68.58
70932,96.52
70948,99.06
70964,81.28
70980,60.96
70995,60.96
71011,60.96
71027,58.42
71043,58.42
71058,58.42
71074,63.50
71090,63.50
71106,63.50
71121,60.96
71137,60.96
71153,60.96
71169,63.50
71184,63.50
71200,63.50
71216,83.82
71232,111.76
71247,111.76
71263,111.76
71279,111.76
71294,111.76
71311,109.22
71326,109.22
71343,109.22
71358,109.22
71373,109.22
71390,109.22
71405,109.22
71421,109.22
71437,111.76
71453,109.22
71469,109.22
71484,109.22
71500,109.22
71516,109.22
71532,109.22
71547,109.22
71564,109.22
71579,109.22
71595,109.22
71611,109.22
71626,109.22
71643,109.22
71658,109.22
71673,109.22
71690,109.22
71705,109.22
71721,109.22
71737,109.22
71753,109.22
71769,111.76
71784,111.76
71800,114.30
71816,73.66
71832,71.12
71847,71.12
71863,83.82
71879,111.76
71895,111.76
71911,81.28
71926,66.04
71942,68.58
71958,68.58
71973,109.22
71990,111.76
72005,106.68
72020,71.12
72037,71.12
72052,71.12
72069,106.68
72084,114.30
72099,114.30
72116,116.84
72131,116.84
72147,116.84
72163,68.58
72178,60.96
72195,60.96
72210,43.18
72226,40.64
72242,40.64
72257,38.10
72273,38.10
72289,38.10
72304,43.18
72321,68.58
72336,68.58
72352,58.42
72368,40.64
72383,38.10
72399,35.56
72415,38.10
72431,35.56
72446,38.10
72462,38.10
72478,38.10
72494,38.10
72509,35.56
72525,33.02
72541,33.02
72557,35.56
72572,35.56
72588,35.56
72604,35.56
72620,33.02
72635,35.56
72651,33.02
72667,33.02
72683,33.02
72698,33.02
72714,33.02
72730,33.02
72745,35.56
72761,33.02
72777,33.02
72793,33.02
72809,35.56
72824,35.56
72840,35.56
72856,35.56
72871,33.02
-1,-1
73887,33.02
73903,33.02
73919,33.02
73934,33.02
73951,35.56
73966,33.02
73981,33.02
73998,33.02
74013,35.56
74029,35.56
74045,33.02
74060,33.02
74077,33.02
74092,33.02
74107,33.02
74124,33.02
74139,33.02
74155,33.02
74171,33.02
74186,33.02
74203,33.02
74218,33.02
74233,33.02
74250,33.02
74265,33.02
74280,33.02
74297,33.02
74312,33.02
74328,33.02
74344,33.02
74359,33.02
74376,35.56
74391,33.02
74406,35.56
74423,33.02
74438,33.02
74455,33.02
74470,33.02
74485,35.56
74502,35.56
74517,35.56
74532,35.56
74549,35.56
74564,35.56
74580,35.56
74596,35.56
74611,35.56
74628,35.56
74643,35.56
74658,35.56
74675,35.56
74690,35.56
74706,35.56
74722,35.56
74737,35.56
74754,35.56
74769,35.56
74784,35.56
74801,109.22
74816,116.84
74832,116.84
74848,66.04
74864,63.50
74880,60.96
74895,60.96
74911,60.96
74927,60.96
74942,93.98
74958,111.76
74974,111.76
74990,78.74
75005,71.12
75021,71.12
75037,68.58
75053,68.58
75069,68.58
75084,68.58
75100,68.58
75116,68.58
75131,68.58
75147,68.58
75163,68.58
75179,68.58
75195,101.60
75210,111.76
75226,111.76
75242,109.22
75257,109.22
75274,109.22
75289,109.22
75304,109.22
75321,109.22
75336,109.22
75353,109.22
75368,109.22
75384,109.22
75400,109.22
75415,109.22
75431,109.22
75447,109.22
75463,109.22
75479,109.22
75495,109.22
75510,109.22
75526,109.22
75542,109.22
75557,109.22
75574,111.76
75589,109.22
75604,109.22
75621,109.22
75636,109.22
75653,109.22
75668,109.22
75684,111.76
75700,111.76
75715,111.76
75731,114.30
75747,111.76
75763,111.76
75779,111.76
75795,111.76
75810,114.30
75826,111.76
75842,111.76
75857,111.76
75874,111.76
75889,66.04
75905,60.96
75921,63.50
75936,63.50
75953,63.50
75968,63.50
75983,63.50
76000,58.42
76015,58.42
76032,73.66
76047,114.30
76062,116.84
76079,93.98
76094,66.04
76109,66.04
76126,66.04
76141,93.98
76157,96.52
76173,96.52
76188,60.96
76205,58.42
76220,60.96
76236,60.96
76252,60.96
76267,60.96
76283,43.18
76299,38.10
76314,35.56
76331,38.10
76346,35.56
76362,38.10
76378,35.56
76393,35.56
76409,35.56
76425,35.56
76440,33.02
76456,33.02
76472,33.02
76488,33.02
76504,33.02
76519,33.02
76535,33.02
76551,33.02
76566,35.56
-1,-1
77582,33.02
77598,33.02
77614,33.02
77630,33.02
77645,33.02
77661,33.02
77677,35.56
77692,33.02
77708,33.02
77724,33.02
77740,33.02
77756,33.02
77771,33.02
77787,33.02
77803,33.02
77818,35.56
77834,33.02
77850,33.02
77865,33.02
77882,35.56
77897,35.56
77913,35.56
77929,35.56
77944,35.56
77960,35.56
77976,35.56
77991,33.02
78008,33.02
78023,35.56
78039,35.56
78055,35.56
78070,35.56
78086,35.56
78102,35.56
78117,35.56
78134,35.56
78149,35.56
78164,48.26
78181,60.96
78196,60.96
78213,60.96
78228,60.96
78243,60.96
78260,60.96
78275,58.42
78290,55.88
78307,58.42
78322,58.42
78339,58.42
78354,58.42
78369,60.96
78386,60.96
78401,60.96
78416,60.96
78433,60.96
78448,58.42
78465,60.96
78480,60.96
78495,60.96
78512,63.50
78527,63.50
78542,63.50
78559,63.50
78574,63.50
78590,63.50
78606,63.50
78621,106.68
78638,111.76
78653,111.76
78669,111.76
78685,111.76
78700,111.76
78716,109.22
78732,109.22
78748,109.22
78764,109.22
78780,109.22
78795,109.22
78811,111.76
78827,109.22
78842,109.22
78859,109.22
78874,109.22
78889,109.22
78906,109.22
78921,109.22
78938,109.22
78953,109.22
78969,109.22
78985,109.22
79000,109.22
79016,111.76
79032,109.22
79048,109.22
79064,109.22
79080,109.22
79095,109.22
79111,109.22
79127,109.22
79142,109.22
79159,86.36
79174,71.12
79190,68.58
79206,68.58
79221,109.22
79238,111.76
79253,111.76
79268,111.76
79285,111.76
79300,111.76
79316,71.12
79332,68.58
79348,71.12
79364,96.52
79379,111.76
79395,111.76
79411,114.30
79427,114.30
79442,114.30
79458,116.84
79474,116.84
79490,116.84
79506,116.84
79521,116.84
79537,116.84
79553,81.28
79568,40.64
79585,38.10
79600,40.64
79616,38.10
79632,38.10
79647,38.10
79664,88.90
79679,96.52
79694,96.52
79711,81.28
79726,78.74
79741,78.74
79758,43.18
79773,38.10
79790,38.10
79805,35.56
79820,35.56
79837,35.56
79852,35.56
79868,35.56
79884,35.56
79899,35.56
79916,33.02
79931,33.02
79946,35.56
79963,33.02
79978,33.02
79994,33.02
80010,35.56
80025,33.02
80041,35.56
80057,33.02
80072,33.02
80089,33.02
80104,33.02
80120,33.02
80136,33.02
80151,33.02
80167,33.02
80183,35.56
80198,33.02
80215,33.02
80230,33.02
80245,33.02
80262,33.02
-1,-1
81277,33.02
81293,33.02
81309,33.02
81325,35.56
81340,33.02
81356,33.02
81372,35.56
81387,35.56
81403,35.56
81419,35.56
81435,33.02
81451,33.02
81466,33.02
81482,35.56
81498,33.02
81514,33.02
81529,33.02
81545,33.02
81561,33.02
81576,33.02
81592,35.56
81608,35.56
81624,33.02
81640,33.02
81655,33.02
81671,33.02
81687,33.02
81702,33.02
81718,35.56
81734,33.02
81750,33.02
81766,33.02
81781,33.02
81797,33.02
81813,33.02
81828,33.02
81844,35.56
81860,35.56
81875,33.02
81892,35.56
81907,35.56
81923,35.56
81939,35.56
81954,35.56
81970,35.56
81986,38.10
82001,35.56
82018,35.56
82033,38.10
82049,73.66
82065,76.20
82080,76.20
82096,40.64
82112,38.10
82127,38.10
82144,38.10
82159,40.64
82174,40.64
82191,58.42
82206,68.58
82222,68.58
82238,83.82
82253,116.84
82270,116.84
82285,116.84
82300,114.30
82317,114.30
82332,114.30
82349,111.76
82364,114.30
82380,111.76
82396,111.76
82411,111.76
82427,111.76
82443,111.76
82459,111.76
82475,111.76
82491,76.20
82506,71.12
82522,71.12
82538,83.82
82553,109.22
82569,111.76
82585,109.22
82600,109.22
82617,109.22
82632,109.22
82649,109.22
82664,109.22
82679,109.22
82696,109.22
82711,109.22
82727,109.22
82743,109.22
82759,109.22
82775,109.22
82790,109.22
82806,109.22
82822,111.76
82838,109.22
82853,109.22
82869,111.76
82885,111.76
82900,111.76
82917,111.76
82932,109.22
82949,109.22
82964,109.22
82979,109.22
82996,109.22
83011,109.22
83027,109.22
83043,109.22
83059,109.22
83075,109.22
83090,111.76
83106,111.76
83122,111.76
83138,111.76
83153,111.76
83169,111.76
83185,114.30
83201,111.76
83217,111.76
83232,76.20
83249,66.04
83264,66.04
83279,63.50
83296,63.50
83311,66.04
83326,63.50
83343,60.96
83358,60.96
83375,60.96
83390,60.96
83405,60.96
83422,60.96
83437,58.42
83452,58.42
83469,58.42
83484,60.96
83501,60.96
83516,60.96
83531,60.96
83548,60.96
83563,58.42
83578,60.96
83595,60.96
83610,60.96
83627,66.04
83642,116.84
83657,119.38
83674,88.90
83689,43.18
83705,38.10
83721,38.10
83736,35.56
83752,35.56
83768,38.10
83783,35.56
83800,35.56
83815,33.02
83831,33.02
83847,35.56
83862,35.56
83878,33.02
83894,33.02
83909,33.02
83926,33.02
83941,33.02
83957,33.02
-1,-1
84973,33.02
84988,33.02
85004,33.02
85020,33.02
85036,35.56
85051,33.02
85067,35.56
85083,35.56
85099,35.56
85114,35.56
85130,33.02
85146,33.02
85161,33.02
85177,33.02
85193,33.02
85209,33.02
85225,33.02
85240,35.56
85256,35.56
85272,33.02
85287,33.02
85303,33.02
85319,33.02
85335,33.02
85351,33.02
85366,33.02
85382,33.02
85398,33.02
85413,35.56
85429,35.56
85445,35.56
85460,35.56
85477,35.56
85492,35.56
85508,35.56
85524,35.56
85539,35.56
85555,38.10
85571,58.42
85586,58.42
85603,58.42
85618,60.96
85634,60.96
85650,60.96
85665,60.96
85681,58.42
85697,58.42
85712,58.42
85729,58.42
85744,58.42
85760,58.42
85776,58.42
85791,58.42
85808,58.42
85823,58.42
85838,58.42
85855,58.42
85870,63.50
85885,63.50
85902,63.50
85917,63.50
85934,63.50
85949,63.50
85964,63.50
85981,63.50
85996,63.50
86011,83.82
86028,111.76
86043,111.76
86060,111.76
86075,111.76
86090,111.76
86107,111.76
86122,109.22
86138,109.22
86154,109.22
86170,109.22
86185,109.22
86201,109.22
86217,109.22
86233,109.22
86249,109.22
86264,109.22
86281,109.22
86296,109.22
86311,109.22
86328,109.22
86343,109.22
86360,109.22
86375,109.22
86391,109.22
86407,109.22
86422,109.22
86438,109.22
86454,109.22
86470,109.22
86486,109.22
86501,109.22
86517,109.22
86533,109.22
86549,109.22
86564,76.20
86581,68.58
86596,71.12
86611,68.58
86628,71.12
86643,71.12
86659,81.28
86675,109.22
86690,109.22
86707,111.76
86722,111.76
86738,114.30
86754,93.98
86769,71.12
86786,71.12
86801,71.12
86816,106.68
86833,111.76
86848,111.76
86864,116.84
86880,116.84
86896,116.84
86912,99.06
86927,99.06
86943,96.52
86959,45.72
86974,40.64
86990,38.10
87006,73.66
87022,114.30
87037,116.84
87053,116.84
87069,116.84
87085,119.38
87101,116.84
87116,99.06
87133,99.06
87148,88.90
87163,43.18
87180,38.10
87195,38.10
87211,38.10
87227,38.10
87242,38.10
87259,35.56
87274,38.10
87289,35.56
87306,35.56
87321,35.56
87336,35.56
87353,33.02
87368,33.02
87385,33.02
87400,33.02
87415,33.02
87432,35.56
87447,33.02
87462,35.56
87479,33.02
87494,33.02
87511,33.02
87526,33.02
87541,33.02
87558,33.02
87573,33.02
87588,33.02
87605,35.56
87620,33.02
87636,35.56
87652,35.56
-1,-1
