14,33.02
30,33.02
46,33.02
61,33.02
76,35.56
93,35.56
108,35.56
123,35.56
139,35.56
155,35.56
171,33.02
186,33.02
202,33.02
218,33.02
233,33.02
248,33.02
265,33.02
280,33.02
295,33.02
312,33.02
327,33.02
343,33.02
359,33.02
374,33.02
390,33.02
405,33.02
421,33.02
437,33.02
452,35.56
468,35.56
484,35.56
499,35.56
515,40.64
531,38.10
546,38.10
562,35.56
578,35.56
593,35.56
609,35.56
624,35.56
641,35.56
656,35.56
671,129.54
688,129.54
703,129.54
718,119.38
735,119.38
750,119.38
765,119.38
782,119.38
797,119.38
813,116.84
829,116.84
844,119.38
860,116.84
876,116.84
891,116.84
907,116.84
923,116.84
939,116.84
954,116.84
970,116.84
986,116.84
1001,116.84
1017,111.76
1033,111.76
1048,111.76
1064,111.76
1080,111.76
1095,111.76
1112,109.22
1127,109.22
1143,109.22
1159,109.22
1174,109.22
1190,109.22
1206,109.22
1222,109.22
1238,109.22
1253,109.22
1269,109.22
1285,109.22
1300,109.22
1316,109.22
1332,109.22
1348,109.22
1363,109.22
1379,109.22
1395,109.22
1411,109.22
1426,109.22
1442,109.22
1458,109.22
1474,109.22
1489,109.22
1505,109.22
1521,109.22
1537,109.22
1552,109.22
1568,109.22
1584,109.22
1600,109.22
1615,109.22
1631,109.22
1647,109.22
1662,109.22
1679,109.22
1694,109.22
1710,109.22
1726,109.22
1741,109.22
1757,109.22
1773,109.22
1788,109.22
1805,109.22
1820,109.22
1836,109.22
1852,109.22
1867,109.22
1883,109.22
1899,111.76
1914,111.76
1931,111.76
1946,114.30
1961,111.76
1978,111.76
1993,111.76
2009,114.30
2025,111.76
2040,111.76
2057,121.92
2072,121.92
2087,121.92
2104,119.38
2119,119.38
2135,119.38
2151,116.84
2166,116.84
2183,119.38
2198,116.84
2213,116.84
2230,116.84
2245,116.84
2260,119.38
2277,119.38
2292,119.38
2309,162.56
2324,162.56
2339,162.56
2356,38.10
2371,38.10
2386,40.64
2403,35.56
2418,35.56
2434,38.10
2450,35.56
2465,35.56
2481,35.56
2497,35.56
2512,35.56
2528,38.10
2544,35.56
2560,33.02
2575,33.02
2591,35.56
2607,35.56
2622,35.56
2638,35.56
2654,33.02
2669,33.02
2685,33.02
-1,-1
3701,33.02
3717,33.02
3732,33.02
3748,33.02
3764,33.02
3779,38.10
3795,38.10
3811,38.10
3826,38.10
3843,33.02
3858,35.56
3873,35.56
3890,33.02
3905,33.02
3920,33.02
3937,33.02
3952,33.02
3968,33.02
3984,33.02
3999,33.02
4015,33.02
4031,33.02
4046,35.56
4062,33.02
4078,33.02
4093,33.02
4109,33.02
4125,33.02
4141,33.02
4156,33.02
4172,33.02
4188,35.56
4203,35.56
4219,35.56
4235,35.56
4250,35.56
4267,35.56
4282,35.56
4297,35.56
4314,35.56
4329,35.56
4344,160.02
4361,160.02
4376,160.02
4391,119.38
4408,119.38
4423,119.38
4439,119.38
4455,116.84
4470,119.38
4487,116.84
4502,116.84
4517,116.84
4534,116.84
4549,116.84
4564,116.84
4581,114.30
4596,114.30
4613,114.30
4628,111.76
4643,111.76
4660,114.30
4675,111.76
4690,111.76
4707,111.76
4722,114.30
4739,111.76
4754,111.76
4769,111.76
4786,109.22
4801,109.22
4816,111.76
4833,109.22
4848,111.76
4865,111.76
4880,109.22
4895,109.22
4912,109.22
4927,109.22
4943,111.76
4959,109.22
4974,109.22
4990,109.22
5006,109.22
5021,109.22
5038,109.22
5053,109.22
5069,109.22
5085,109.22
5100,109.22
5116,109.22
5132,109.22
5147,109.22
5164,109.22
5179,109.22
5195,109.22
5211,109.22
5226,109.22
5242,109.22
5258,109.22
5273,109.22
5289,109.22
5305,109.22
5321,109.22
5337,109.22
5352,109.22
5368,109.22
5384,109.22
5400,109.22
5415,111.76
5431,109.22
5447,109.22
5463,109.22
5478,109.22
5494,109.22
5510,109.22
5526,111.76
5541,111.76
5557,114.30
5573,73.66
5588,73.66
5604,73.66
5620,121.92
5636,119.38
5651,116.84
5667,116.84
5683,116.84
5699,116.84
5714,116.84
5730,116.84
5746,116.84
5762,116.84
5777,124.46
5793,124.46
5809,121.92
5825,119.38
5840,121.92
5856,121.92
5872,119.38
5888,119.38
5903,119.38
5919,96.52
5935,96.52
5950,99.06
5966,35.56
5982,38.10
5997,38.10
6013,35.56
6029,35.56
6044,35.56
6061,40.64
6076,38.10
6091,38.10
6108,35.56
6123,35.56
6138,38.10
6155,35.56
6170,33.02
6185,33.02
6202,33.02
6217,33.02
6233,33.02
6249,33.02
6264,33.02
6280,33.02
6296,33.02
6311,33.02
6327,33.02
6343,33.02
6359,33.02
6374,33.02
-1,-1
7390,33.02
7406,35.56
7421,33.02
7437,33.02
7453,33.02
7469,33.02
7484,33.02
7500,33.02
7516,33.02
7531,33.02
7547,33.02
7563,35.56
7578,33.02
7595,33.02
7610,33.02
7625,35.56
7642,35.56
7657,35.56
7672,33.02
7689,35.56
7704,35.56
7719,35.56
7736,35.56
7751,33.02
7767,33.02
7783,35.56
7798,33.02
7814,33.02
7830,33.02
7845,38.10
7861,38.10
7877,38.10
7892,38.10
7908,38.10
7924,35.56
7940,38.10
7955,38.10
7971,40.64
7987,40.64
8002,35.56
8018,35.56
8034,35.56
8049,127.00
8066,127.00
8081,127.00
8096,121.92
8113,119.38
8128,119.38
8143,116.84
8160,116.84
8175,116.84
8192,116.84
8207,116.84
8222,116.84
8239,116.84
8254,116.84
8269,116.84
8286,116.84
8301,116.84
8317,116.84
8333,116.84
8348,116.84
8365,116.84
8380,116.84
8395,111.76
8412,111.76
8427,114.30
8443,111.76
8459,111.76
8474,111.76
8491,109.22
8506,109.22
8522,109.22
8538,109.22
8553,109.22
8569,109.22
8585,109.22
8600,109.22
8616,109.22
8632,109.22
8648,109.22
8664,111.76
8679,109.22
8695,109.22
8711,109.22
8726,109.22
8742,109.22
8758,109.22
8774,109.22
8790,109.22
8805,111.76
8821,109.22
8837,109.22
8852,109.22
8868,109.22
8884,109.22
8900,109.22
8915,109.22
8931,109.22
8947,109.22
8963,111.76
8979,111.76
8994,109.22
9010,111.76
9026,109.22
9041,109.22
9057,109.22
9073,106.68
9089,109.22
9105,109.22
9120,109.22
9136,109.22
9152,109.22
9167,109.22
9183,109.22
9199,109.22
9214,109.22
9231,109.22
9246,111.76
9262,111.76
9278,111.76
9293,111.76
9309,111.76
9325,111.76
9340,111.76
9357,111.76
9372,111.76
9388,111.76
9404,111.76
9419,111.76
9435,114.30
9451,116.84
9466,114.30
9483,119.38
9498,116.84
9513,116.84
9530,116.84
9545,119.38
9562,116.84
9577,96.52
9592,99.06
9609,99.06
9624,99.06
9639,99.06
9656,99.06
9671,99.06
9687,127.00
9703,127.00
9718,127.00
9734,38.10
9750,35.56
9765,38.10
9781,35.56
9797,35.56
9812,35.56
9828,35.56
9844,35.56
9860,35.56
9875,35.56
9891,35.56
9907,35.56
9922,35.56
9938,35.56
9954,35.56
9969,35.56
9986,33.02
10001,35.56
10016,33.02
10033,33.02
10048,33.02
10063,35.56
-1,-1
11079,33.02
11096,33.02
11111,33.02
11127,33.02
11143,33.02
11158,33.02
11174,33.02
11190,33.02
11205,33.02
11222,33.02
11237,33.02
11253,33.02
11269,33.02
11284,33.02
11300,33.02
11316,33.02
11331,33.02
11347,33.02
11363,33.02
11379,33.02
11395,33.02
11410,33.02
11426,33.02
11442,35.56
11457,33.02
11473,33.02
11489,33.02
11505,33.02
11521,33.02
11536,33.02
11552,33.02
11568,35.56
11583,35.56
11599,35.56
11615,35.56
11631,35.56
11646,35.56
11662,35.56
11678,35.56
11694,35.56
11709,35.56
11725,160.02
11741,160.02
11757,124.46
11772,99.06
11788,99.06
11804,99.06
11820,99.06
11836,99.06
11851,99.06
11867,119.38
11883,119.38
11898,119.38
11915,116.84
11930,116.84
11945,116.84
11962,111.76
11977,114.30
11994,114.30
12009,111.76
12025,111.76
12041,111.76
12056,111.76
12072,111.76
12088,111.76
12104,111.76
12120,111.76
12135,111.76
12151,111.76
12167,109.22
12183,109.22
12198,109.22
12215,109.22
12230,109.22
12246,109.22
12262,109.22
12277,109.22
12294,109.22
12309,109.22
12324,109.22
12341,109.22
12356,109.22
12372,109.22
12388,109.22
12404,109.22
12420,109.22
12435,111.76
12451,109.22
12467,109.22
12483,109.22
12498,111.76
12515,109.22
12530,109.22
12546,109.22
12562,109.22
12577,109.22
12594,109.22
12609,109.22
12624,109.22
12641,109.22
12656,109.22
12673,109.22
12688,111.76
12704,109.22
12720,109.22
12735,109.22
12751,109.22
12767,109.22
12783,109.22
12798,109.22
12815,109.22
12830,109.22
12846,109.22
12862,111.76
12877,109.22
12894,109.22
12909,114.30
12924,114.30
12941,114.30
12956,111.76
12973,111.76
12988,111.76
13004,119.38
13020,116.84
13035,116.84
13051,116.84
13067,116.84
13083,116.84
13099,116.84
13115,119.38
13130,116.84
13146,116.84
13162,116.84
13177,116.84
13194,116.84
13209,119.38
13224,119.38
13241,119.38
13256,116.84
13273,116.84
13288,116.84
13304,129.54
13320,129.54
13335,129.54
13351,35.56
13367,38.10
13383,38.10
13399,35.56
13414,38.10
13430,35.56
13446,38.10
13461,38.10
13477,35.56
13493,38.10
13509,38.10
13524,35.56
13540,35.56
13556,35.56
13572,35.56
13588,35.56
13603,33.02
13619,33.02
13635,35.56
13650,33.02
13666,33.02
13682,33.02
13698,38.10
13713,38.10
13729,38.10
13745,35.56
13761,35.56
-1,-1
14777,33.02
14792,35.56
14808,33.02
14824,33.02
14839,33.02
14855,33.02
14871,33.02
14886,33.02
14903,33.02
14918,33.02
14934,33.02
14950,35.56
14965,33.02
14981,35.56
14997,33.02
15012,33.02
15029,33.02
15044,33.02
15059,33.02
15076,33.02
15091,33.02
15107,33.02
15123,33.02
15138,33.02
15155,35.56
15170,33.02
15185,33.02
15202,33.02
15217,35.56
15233,38.10
15249,38.10
15264,38.10
15281,38.10
15296,38.10
15311,38.10
15328,35.56
15343,35.56
15358,38.10
15375,35.56
15390,35.56
15407,38.10
15422,35.56
15437,96.52
15454,96.52
15469,96.52
15485,99.06
15501,99.06
15516,99.06
15533,119.38
15548,119.38
15563,119.38
15580,116.84
15595,116.84
15611,116.84
15627,116.84
15643,116.84
15659,116.84
15674,116.84
15690,116.84
15706,116.84
15722,116.84
15737,116.84
15754,116.84
15769,116.84
15784,111.76
15801,111.76
15816,111.76
15833,111.76
15848,111.76
15863,111.76
15880,111.76
15895,114.30
15911,111.76
15927,109.22
15943,109.22
15959,109.22
15974,109.22
15990,109.22
16006,109.22
16022,109.22
16037,109.22
16054,109.22
16069,109.22
16084,109.22
16101,109.22
16116,109.22
16133,111.76
16148,111.76
16163,111.76
16180,109.22
16195,109.22
16211,111.76
16227,109.22
16243,109.22
16259,109.22
16274,109.22
16290,109.22
16306,109.22
16322,109.22
16337,109.22
16354,109.22
16369,109.22
16385,109.22
16401,109.22
16416,109.22
16433,109.22
16448,109.22
16464,109.22
16480,111.76
16495,111.76
16512,111.76
16527,109.22
16543,109.22
16559,109.22
16574,109.22
16590,109.22
16606,109.22
16622,109.22
16637,109.22
16654,109.22
16669,111.76
16685,111.76
16701,109.22
16716,111.76
16733,111.76
16748,111.76
16764,111.76
16780,111.76
16795,111.76
16812,119.38
16827,116.84
16843,116.84
16859,116.84
16874,116.84
16890,116.84
16906,116.84
16922,116.84
16937,116.84
16954,116.84
16969,116.84
16985,116.84
17001,116.84
17016,116.84
17033,116.84
17048,116.84
17063,149.86
17080,160.02
17095,160.02
17112,160.02
17127,160.02
17143,160.02
17159,38.10
17174,38.10
17190,38.10
17206,38.10
17222,35.56
17238,35.56
17253,35.56
17269,35.56
17285,35.56
17300,35.56
17316,35.56
17332,35.56
17348,35.56
17363,35.56
17379,33.02
17395,33.02
17411,33.02
17426,33.02
17442,33.02
17458,35.56
-1,-1
18473,30.48
18490,33.02
18505,33.02
18521,33.02
18537,33.02
18552,33.02
18568,35.56
18584,33.02
18599,33.02
18616,33.02
18631,33.02
18647,33.02
18663,33.02
18678,33.02
18694,33.02
18710,33.02
18725,33.02
18741,33.02
18757,33.02
18772,33.02
18789,33.02
18804,33.02
18820,35.56
18836,33.02
18851,33.02
18867,33.02
18883,35.56
18898,38.10
18915,35.56
18930,35.56
18946,35.56
18962,35.56
18977,35.56
18994,35.56
19009,35.56
19024,35.56
19041,35.56
19056,35.56
19072,35.56
19088,35.56
19103,157.48
19120,157.48
19135,157.48
19150,96.52
19167,96.52
19182,96.52
19198,116.84
19214,119.38
19229,119.38
19246,116.84
19261,116.84
19277,116.84
19293,116.84
19309,116.84
19324,116.84
19340,114.30
19356,111.76
19372,111.76
19388,111.76
19403,111.76
19419,114.30
19435,111.76
19450,111.76
19467,114.30
19482,111.76
19499,111.76
19514,109.22
19529,109.22
19546,111.76
19561,111.76
19577,109.22
19593,109.22
19608,109.22
19624,109.22
19640,109.22
19656,109.22
19672,109.22
19688,109.22
19703,109.22
19719,109.22
19735,109.22
19750,109.22
19767,109.22
19782,109.22
19799,111.76
19814,111.76
19829,111.76
19846,109.22
19861,111.76
19877,111.76
19893,109.22
19909,109.22
19924,109.22
19940,109.22
19956,109.22
19972,109.22
19988,109.22
20003,109.22
20019,109.22
20035,109.22
20050,111.76
20067,111.76
20082,109.22
20099,109.22
20114,109.22
20129,109.22
20146,109.22
20161,109.22
20177,109.22
20193,109.22
20209,109.22
20225,109.22
20240,109.22
20256,111.76
20272,109.22
20288,111.76
20303,111.76
20320,111.76
20335,111.76
20350,111.76
20367,111.76
20382,116.84
20399,116.84
20414,116.84
20429,116.84
20446,119.38
20461,119.38
20477,116.84
20493,116.84
20509,119.38
20525,116.84
20540,116.84
20556,116.84
20572,116.84
20588,116.84
20603,116.84
20619,116.84
20635,124.46
20651,124.46
20667,124.46
20682,132.08
20699,129.54
20714,132.08
20729,38.10
20746,38.10
20761,38.10
20777,38.10
20793,38.10
20808,38.10
20825,35.56
20840,35.56
20855,35.56
20872,35.56
20887,35.56
20903,35.56
20919,35.56
20934,35.56
20951,35.56
20966,35.56
20981,35.56
20998,35.56
21013,33.02
21029,30.48
21045,33.02
21060,33.02
21076,33.02
21092,33.02
21107,33.02
21124,33.02
21139,33.02
21155,33.02
-1,-1
22171,38.10
22187,38.10
22202,35.56
22218,35.56
22234,35.56
22249,35.56
22265,35.56
22281,35.56
22297,35.56
22312,33.02
22328,33.02
22344,35.56
22360,33.02
22375,33.02
22391,33.02
22407,38.10
22423,33.02
22438,33.02
22454,40.64
22470,33.02
22486,35.56
22501,33.02
22517,33.02
22533,35.56
22549,33.02
22564,33.02
22580,33.02
22596,35.56
22611,33.02
22627,33.02
22643,33.02
22659,38.10
22675,35.56
22690,35.56
22706,35.56
22722,35.56
22737,38.10
22753,38.10
22769,35.56
22785,35.56
22801,35.56
22816,35.56
22832,35.56
22848,35.56
22863,160.02
22880,157.48
22895,157.48
22910,121.92
22927,121.92
22942,121.92
22959,119.38
22974,116.84
22989,116.84
23006,121.92
23021,119.38
23037,119.38
23053,119.38
23069,116.84
23085,116.84
23100,116.84
23116,116.84
23132,116.84
23148,116.84
23163,116.84
23180,116.84
23195,119.38
23211,111.76
23227,111.76
23242,111.76
23259,111.76
23274,111.76
23289,111.76
23306,109.22
23321,109.22
23337,109.22
23353,109.22
23369,109.22
23385,109.22
23400,109.22
23416,109.22
23432,109.22
23448,109.22
23463,109.22
23480,109.22
23495,109.22
23511,109.22
23527,109.22
23542,111.76
23559,109.22
23574,109.22
23589,106.68
23606,109.22
23621,109.22
23638,109.22
23653,109.22
23669,109.22
23685,111.76
23700,111.76
23716,111.76
23732,111.76
23748,109.22
23763,109.22
23780,109.22
23795,109.22
23811,109.22
23827,109.22
23842,109.22
23859,111.76
23874,111.76
23889,111.76
23906,109.22
23921,111.76
23938,109.22
23953,111.76
23969,111.76
23985,111.76
24000,111.76
24016,109.22
24032,111.76
24048,114.30
24064,111.76
24080,114.30
24095,111.76
24111,111.76
24127,111.76
24142,114.30
24159,114.30
24174,114.30
24189,114.30
24206,111.76
24221,111.76
24238,111.76
24253,119.38
24269,119.38
24285,119.38
24300,116.84
24316,116.84
24332,116.84
24348,116.84
24364,116.84
24380,116.84
24395,119.38
24411,119.38
24427,119.38
24442,101.60
24459,96.52
24474,96.52
24489,96.52
24506,160.02
24521,160.02
24538,35.56
24553,38.10
24568,38.10
24585,38.10
24600,35.56
24616,35.56
24632,38.10
24647,35.56
24664,35.56
24679,35.56
24694,33.02
24711,33.02
24726,33.02
24742,35.56
24758,33.02
24773,33.02
24790,33.02
24805,33.02
24820,33.02
24837,33.02
24852,33.02
-1,-1
25868,33.02
25884,33.02
25900,33.02
25915,35.56
25931,38.10
25947,38.10
25962,38.10
25978,35.56
25994,33.02
26010,35.56
26025,35.56
26041,35.56
26057,33.02
26073,33.02
26088,33.02
26104,33.02
26120,33.02
26136,33.02
26151,35.56
26167,33.02
26183,33.02
26199,33.02
26214,33.02
26230,33.02
26246,33.02
26262,33.02
26277,33.02
26293,33.02
26309,35.56
26324,38.10
26340,35.56
26356,35.56
26372,35.56
26388,35.56
26403,35.56
26419,35.56
26435,38.10
26450,38.10
26466,38.10
26482,162.56
26498,160.02
26514,160.02
26529,119.38
26545,121.92
26561,121.92
26576,119.38
26593,119.38
26608,119.38
26625,119.38
26640,119.38
26655,119.38
26672,116.84
26687,116.84
26703,119.38
26719,119.38
26735,114.30
26750,114.30
26766,114.30
26782,111.76
26798,111.76
26814,111.76
26829,111.76
26845,111.76
26861,111.76
26876,114.30
26893,111.76
26908,114.30
26925,111.76
26940,111.76
26955,111.76
26972,111.76
26987,111.76
27003,111.76
27019,111.76
27035,111.76
27051,111.76
27066,111.76
27082,109.22
27098,109.22
27114,109.22
27129,109.22
27145,111.76
27161,109.22
27176,109.22
27193,109.22
27208,109.22
27225,109.22
27240,109.22
27255,109.22
27272,111.76
27287,111.76
27303,109.22
27319,111.76
27335,114.30
27351,111.76
27366,109.22
27382,109.22
27398,109.22
27414,109.22
27429,111.76
27445,111.76
27461,109.22
27476,109.22
27493,109.22
27508,111.76
27525,109.22
27540,109.22
27555,109.22
27572,109.22
27587,109.22
27603,109.22
27619,109.22
27634,109.22
27651,109.22
27666,111.76
27682,111.76
27698,111.76
27714,111.76
27729,111.76
27745,111.76
27761,121.92
27777,121.92
27793,121.92
27808,121.92
27825,116.84
27840,116.84
27855,119.38
27872,119.38
27887,119.38
27904,119.38
27919,119.38
27935,119.38
27951,119.38
27966,121.92
27982,119.38
27998,119.38
28014,99.06
28029,99.06
28045,99.06
28061,134.62
28077,132.08
28093,132.08
28108,127.00
28124,132.08
28140,132.08
28155,35.56
28172,38.10
28187,38.10
28203,38.10
28219,38.10
28234,38.10
28250,38.10
28266,38.10
28281,38.10
28298,38.10
28313,35.56
28328,35.56
28345,35.56
28360,33.02
28376,35.56
28392,35.56
28407,33.02
28424,33.02
28439,33.02
28454,35.56
28471,35.56
28486,35.56
28502,35.56
28518,35.56
28533,35.56
28550,33.02
-1,-1
29565,38.10
29581,38.10
29596,33.02
29613,33.02
29628,33.02
29644,33.02
29660,33.02
29675,33.02
29691,33.02
29707,33.02
29722,35.56
29739,40.64
29754,38.10
29770,35.56
29786,38.10
29801,35.56
29817,35.56
29833,35.56
29848,35.56
29864,35.56
29880,35.56
29896,33.02
29912,33.02
29927,33.02
29943,33.02
29959,35.56
29974,33.02
29990,33.02
30006,33.02
30022,33.02
30038,40.64
30053,38.10
30069,38.10
30085,38.10
30100,35.56
30116,35.56
30132,38.10
30148,35.56
30163,35.56
30179,35.56
30195,35.56
30211,38.10
30226,35.56
30242,160.02
30258,160.02
30274,160.02
30289,114.30
30306,121.92
30321,121.92
30337,121.92
30353,119.38
30368,119.38
30385,119.38
30400,114.30
30415,116.84
30432,116.84
30447,116.84
30464,116.84
30479,116.84
30495,116.84
30511,116.84
30526,116.84
30542,116.84
30558,119.38
30574,119.38
30589,111.76
30606,114.30
30621,111.76
30637,111.76
30653,114.30
30668,111.76
30685,109.22
30700,111.76
30715,114.30
30732,111.76
30747,109.22
30764,109.22
30779,109.22
30795,109.22
30811,111.76
30826,111.76
30842,109.22
30858,109.22
30874,109.22
30889,109.22
30906,109.22
30921,109.22
30937,111.76
30953,111.76
30968,111.76
30985,109.22
31000,109.22
31015,109.22
31032,109.22
31047,109.22
31064,109.22
31079,109.22
31095,109.22
31111,109.22
31126,109.22
31142,109.22
31158,109.22
31174,109.22
31190,111.76
31206,111.76
31221,111.76
31237,109.22
31253,109.22
31268,109.22
31285,109.22
31300,109.22
31315,111.76
31332,111.76
31347,109.22
31364,109.22
31379,109.22
31395,109.22
31411,111.76
31426,109.22
31442,109.22
31458,109.22
31474,109.22
31490,111.76
31506,111.76
31521,111.76
31537,114.30
31553,114.30
31568,111.76
31585,111.76
31600,111.76
31616,111.76
31632,114.30
31647,114.30
31664,114.30
31679,116.84
31695,116.84
31711,116.84
31726,116.84
31742,116.84
31758,119.38
31774,101.60
31790,101.60
31806,101.60
31821,101.60
31837,119.38
31853,119.38
31868,119.38
31885,160.02
31900,160.02
31916,160.02
31932,38.10
31947,38.10
31964,38.10
31979,38.10
31994,38.10
32011,38.10
32026,35.56
32043,35.56
32058,35.56
32073,35.56
32090,35.56
32105,35.56
32120,35.56
32137,35.56
32152,35.56
32168,35.56
32184,35.56
32199,35.56
32216,35.56
32231,33.02
32246,35.56
-1,-1
33262,33.02
33278,33.02
33294,33.02
33310,33.02
33326,33.02
33341,33.02
33357,38.10
33373,38.10
33388,38.10
33404,35.56
33420,35.56
33436,35.56
33452,35.56
33467,35.56
33483,33.02
33499,35.56
33514,35.56
33530,35.56
33546,33.02
33562,35.56
33577,35.56
33593,35.56
33609,33.02
33625,33.02
33640,33.02
33656,35.56
33672,35.56
33688,35.56
33703,35.56
33719,33.02
33735,33.02
33751,35.56
33767,35.56
33782,33.02
33798,33.02
33814,35.56
33829,35.56
33845,35.56
33861,38.10
33876,38.10
33893,38.10
33908,96.52
33924,96.52
33940,96.52
33955,101.60
33971,96.52
33987,96.52
34002,104.14
34019,119.38
34034,119.38
34050,119.38
34066,119.38
34081,116.84
34098,119.38
34113,114.30
34129,114.30
34145,114.30
34160,111.76
34177,114.30
34192,111.76
34208,111.76
34224,111.76
34240,111.76
34255,111.76
34271,114.30
34287,114.30
34302,111.76
34319,111.76
34334,111.76
34350,111.76
34366,109.22
34381,109.22
34398,111.76
34413,109.22
34429,109.22
34445,109.22
34460,109.22
34477,109.22
34492,111.76
34508,109.22
34524,109.22
34540,88.90
34555,109.22
34571,109.22
34587,109.22
34603,109.22
34619,109.22
34634,109.22
34650,111.76
34666,109.22
34681,109.22
34698,109.22
34713,109.22
34729,109.22
34745,109.22
34760,109.22
34777,109.22
34792,109.22
34808,109.22
34824,109.22
34839,109.22
34855,109.22
34871,109.22
34887,109.22
34903,109.22
34919,109.22
34934,109.22
34950,109.22
34966,109.22
34981,109.22
34998,109.22
35013,109.22
35030,109.22
35045,109.22
35060,109.22
35077,109.22
35092,116.84
35108,111.76
35124,111.76
35139,111.76
35155,114.30
35171,111.76
35187,111.76
35203,116.84
35219,116.84
35234,116.84
35250,116.84
35266,116.84
35281,116.84
35298,116.84
35313,116.84
35330,116.84
35345,116.84
35360,116.84
35377,119.38
35392,121.92
35408,119.38
35424,119.38
35439,121.92
35456,162.56
35471,162.56
35487,160.02
35503,106.68
35519,106.68
35534,55.88
35550,38.10
35566,35.56
35581,35.56
35598,40.64
35613,40.64
35629,40.64
35645,35.56
35660,35.56
35676,38.10
35692,38.10
35707,35.56
35724,35.56
35739,35.56
35755,35.56
35771,35.56
35786,35.56
35802,33.02
35818,35.56
35833,35.56
35850,33.02
35865,35.56
35880,35.56
35897,33.02
35912,33.02
35928,33.02
35944,33.02
-1,-1
36960,33.02
36975,35.56
36992,33.02
37007,33.02
37022,33.02
37039,33.02
37054,33.02
37069,33.02
37086,33.02
37101,33.02
37117,33.02
37133,33.02
37148,35.56
37165,33.02
37180,33.02
37195,33.02
37212,33.02
37227,33.02
37243,33.02
37259,33.02
37274,33.02
37291,33.02
37306,33.02
37321,33.02
37338,33.02
37353,35.56
37369,33.02
37385,33.02
37400,33.02
37416,38.10
37432,38.10
37447,38.10
37464,38.10
37479,35.56
37495,35.56
37511,35.56
37526,35.56
37542,35.56
37558,35.56
37573,35.56
37590,38.10
37605,35.56
37621,121.92
37637,127.00
37652,127.00
37668,81.28
37684,96.52
37700,96.52
37715,99.06
37731,121.92
37747,119.38
37763,119.38
37779,119.38
37794,119.38
37810,119.38
37826,119.38
37841,119.38
37858,119.38
37873,116.84
37890,116.84
37905,116.84
37920,116.84
37937,116.84
37952,116.84
37968,114.30
37984,114.30
37999,114.30
38016,114.30
38031,111.76
38047,111.76
38063,111.76
38079,109.22
38094,109.22
38110,109.22
38126,109.22
38141,109.22
38158,109.22
38173,109.22
38190,109.22
38205,109.22
38220,109.22
38237,109.22
38252,109.22
38268,109.22
38284,109.22
38300,109.22
38316,109.22
38331,111.76
38347,111.76
38363,111.76
38379,109.22
38394,109.22
38410,109.22
38426,109.22
38441,109.22
38458,109.22
38473,109.22
38490,106.68
38505,109.22
38520,109.22
38537,109.22
38552,109.22
38568,109.22
38584,109.22
38600,109.22
38616,109.22
38631,109.22
38647,109.22
38663,109.22
38679,109.22
38694,109.22
38710,109.22
38726,109.22
38742,109.22
38758,109.22
38773,109.22
38790,111.76
38805,109.22
38820,111.76
38837,114.30
38852,111.76
38868,111.76
38884,111.76
38900,111.76
38916,111.76
38931,111.76
38947,111.76
38963,114.30
38979,114.30
38994,114.30
39010,121.92
39026,119.38
39042,119.38
39058,116.84
39073,116.84
39090,116.84
39105,116.84
39120,116.84
39137,116.84
39152,116.84
39169,116.84
39184,116.84
39200,116.84
39216,99.06
39231,101.60
39247,101.60
39263,160.02
39279,160.02
39294,160.02
39310,38.10
39326,38.10
39342,38.10
39358,35.56
39373,38.10
39389,35.56
39405,38.10
39420,38.10
39436,38.10
39452,35.56
39468,33.02
39484,33.02
39499,33.02
39515,33.02
39531,33.02
39546,35.56
39562,33.02
39578,35.56
39593,33.02
39610,33.02
39625,33.02
39641,33.02
-1,-1
40656,33.02
40673,33.02
40688,33.02
40704,33.02
40720,33.02
40735,35.56
40752,33.02
40767,33.02
40782,35.56
40799,35.56
40814,33.02
40829,35.56
40846,33.02
40861,33.02
40878,33.02
40893,33.02
40908,33.02
40925,33.02
40940,35.56
40955,35.56
40972,35.56
40987,35.56
41004,35.56
41019,35.56
41034,35.56
41051,33.02
41066,35.56
41081,33.02
41098,33.02
41113,33.02
41129,33.02
41145,38.10
41160,38.10
41177,35.56
41192,35.56
41207,35.56
41224,35.56
41239,38.10
41255,35.56
41271,38.10
41286,121.92
41303,121.92
41318,119.38
41334,119.38
41350,119.38
41365,116.84
41381,116.84
41397,116.84
41413,119.38
41428,116.84
41445,116.84
41460,116.84
41476,116.84
41492,116.84
41507,119.38
41524,119.38
41539,111.76
41555,114.30
41571,114.30
41586,109.22
41603,111.76
41618,111.76
41634,111.76
41650,111.76
41665,114.30
41681,111.76
41697,109.22
41713,111.76
41729,111.76
41745,109.22
41760,111.76
41776,111.76
41792,109.22
41807,109.22
41824,109.22
41839,109.22
41856,109.22
41871,109.22
41886,109.22
41903,109.22
41918,109.22
41934,106.68
41950,109.22
41965,109.22
41981,109.22
41997,109.22
42013,109.22
42029,104.14
42045,114.30
42060,114.30
42076,114.30
42092,111.76
42107,109.22
42124,111.76
42139,111.76
42156,109.22
42171,109.22
42186,109.22
42203,109.22
42218,109.22
42234,109.22
42250,109.22
42265,109.22
42281,109.22
42297,109.22
42313,111.76
42329,109.22
42345,109.22
42360,109.22
42376,73.66
42392,68.58
42407,68.58
42424,71.12
42439,109.22
42455,111.76
42471,109.22
42486,116.84
42503,116.84
42518,116.84
42533,111.76
42550,111.76
42565,114.30
42582,116.84
42597,116.84
42613,119.38
42629,116.84
42644,116.84
42660,116.84
42676,116.84
42692,116.84
42707,116.84
42723,116.84
42739,116.84
42755,116.84
42771,116.84
42786,121.92
42803,119.38
42818,119.38
42833,119.38
42850,119.38
42865,119.38
42882,134.62
42897,132.08
42913,132.08
42929,38.10
42944,38.10
42960,38.10
42976,38.10
42991,38.10
43008,38.10
43023,35.56
43039,38.10
43055,35.56
43070,35.56
43086,35.56
43102,33.02
43117,35.56
43133,33.02
43149,33.02
43165,33.02
43181,33.02
43196,33.02
43212,33.02
43228,33.02
43243,33.02
43259,33.02
43275,33.02
43291,33.02
43307,35.56
43322,33.02
43338,33.02
-1,-1
44354,33.02
44369,35.56
44385,35.56
44401,35.56
44417,33.02
44433,35.56
44448,33.02
44464,33.02
44480,33.02
44495,33.02
44511,33.02
44527,33.02
44542,33.02
44559,33.02
44574,33.02
44590,33.02
44606,35.56
44621,35.56
44637,33.02
44653,33.02
44668,33.02
44685,33.02
44700,33.02
44716,33.02
44732,33.02
44747,33.02
44763,33.02
44779,33.02
44794,33.02
44811,33.02
44826,33.02
44841,33.02
44858,40.64
44873,40.64
44889,40.64
44905,38.10
44920,38.10
44937,38.10
44952,35.56
44967,35.56
44984,35.56
44999,35.56
45015,129.54
45031,127.00
45046,129.54
45063,119.38
45078,119.38
45094,119.38
45110,116.84
45125,116.84
45142,116.84
45157,121.92
45173,121.92
45189,121.92
45204,116.84
45220,116.84
45236,116.84
45252,116.84
45267,116.84
45284,116.84
45299,116.84
45315,119.38
45331,116.84
45346,116.84
45363,111.76
45378,111.76
45393,111.76
45410,111.76
45425,111.76
45442,111.76
45457,73.66
45473,73.66
45489,73.66
45504,68.58
45520,71.12
45536,68.58
45551,111.76
45568,111.76
45583,111.76
45599,109.22
45615,109.22
45631,109.22
45646,109.22
45662,109.22
45678,109.22
45693,109.22
45710,109.22
45725,109.22
45741,109.22
45757,109.22
45772,109.22
45789,109.22
45804,109.22
45820,109.22
45836,109.22
45851,109.22
45868,109.22
45883,109.22
45899,109.22
45915,109.22
45931,109.22
45946,109.22
45962,109.22
45978,111.76
45993,109.22
46010,109.22
46025,109.22
46041,109.22
46057,111.76
46072,111.76
46089,109.22
46104,109.22
46120,109.22
46136,109.22
46151,111.76
46168,109.22
46183,109.22
46199,111.76
46215,111.76
46231,111.76
46246,111.76
46262,109.22
46278,111.76
46294,114.30
46310,111.76
46325,114.30
46341,111.76
46357,111.76
46372,111.76
46389,119.38
46404,114.30
46420,114.30
46436,114.30
46451,116.84
46468,116.84
46483,99.06
46499,58.42
46515,60.96
46530,60.96
46546,116.84
46562,116.84
46578,114.30
46594,116.84
46609,116.84
46625,116.84
46641,149.86
46657,162.56
46672,162.56
46689,38.10
46704,38.10
46720,40.64
46736,38.10
46751,35.56
46767,35.56
46783,35.56
46798,35.56
46815,33.02
46830,35.56
46845,40.64
46862,40.64
46877,40.64
46893,33.02
46909,33.02
46924,30.48
46941,35.56
46956,35.56
46971,35.56
46988,33.02
47003,33.02
47019,33.02
47035,33.02
-1,-1
48051,35.56
48066,35.56
48082,35.56
48098,35.56
48113,38.10
48130,35.56
48145,35.56
48160,35.56
48177,35.56
48192,33.02
48208,33.02
48224,33.02
48239,33.02
48256,33.02
48271,33.02
48286,33.02
48303,35.56
48318,33.02
48334,33.02
48350,33.02
48365,33.02
48381,33.02
48397,35.56
48412,35.56
48429,33.02
48444,33.02
48460,33.02
48476,38.10
48491,35.56
48507,35.56
48523,35.56
48539,35.56
48555,38.10
48570,38.10
48586,35.56
48602,35.56
48617,35.56
48633,35.56
48649,35.56
48665,35.56
48680,160.02
48696,160.02
48712,160.02
48728,116.84
48744,116.84
48759,116.84
48775,116.84
48791,116.84
48806,116.84
48823,119.38
48838,116.84
48855,116.84
48870,116.84
48885,116.84
48902,116.84
48917,114.30
48933,114.30
48949,116.84
48964,114.30
48980,111.76
48996,111.76
49012,111.76
49028,111.76
49044,111.76
49059,111.76
49075,111.76
49091,111.76
49106,111.76
49123,116.84
49138,114.30
49155,114.30
49170,111.76
49185,111.76
49202,114.30
49217,109.22
49233,109.22
49249,111.76
49264,109.22
49281,109.22
49296,109.22
49312,109.22
49328,109.22
49344,109.22
49359,109.22
49375,109.22
49391,109.22
49406,109.22
49423,109.22
49438,109.22
49455,109.22
49470,109.22
49485,111.76
49502,111.76
49517,106.68
49533,109.22
49549,109.22
49564,109.22
49581,109.22
49596,111.76
49612,109.22
49628,109.22
49644,111.76
49659,109.22
49675,109.22
49691,109.22
49707,109.22
49723,109.22
49738,109.22
49755,111.76
49770,111.76
49785,109.22
49802,111.76
49817,71.12
49833,73.66
49849,71.12
49864,114.30
49881,114.30
49896,114.30
49912,114.30
49928,114.30
49943,114.30
49959,114.30
49975,114.30
49991,114.30
50007,119.38
50023,116.84
50038,116.84
50054,116.84
50070,116.84
50085,116.84
50102,116.84
50117,116.84
50134,116.84
50149,116.84
50164,119.38
50181,119.38
50196,119.38
50212,119.38
50228,119.38
50243,119.38
50259,96.52
50275,99.06
50291,99.06
50307,38.10
50322,35.56
50338,38.10
50354,35.56
50370,38.10
50385,38.10
50401,35.56
50417,35.56
50433,35.56
50448,35.56
50464,35.56
50480,38.10
50496,38.10
50511,33.02
50527,35.56
50543,35.56
50558,35.56
50574,35.56
50590,35.56
50606,35.56
50622,33.02
50637,35.56
50653,35.56
50669,33.02
50684,33.02
50700,33.02
50716,33.02
50732,33.02
-1,-1
51747,33.02
51764,33.02
51779,33.02
51794,33.02
51811,33.02
51826,33.02
51842,33.02
51858,35.56
51873,33.02
51890,38.10
51905,35.56
51920,35.56
51937,35.56
51952,35.56
51968,35.56
51984,35.56
51999,33.02
52016,33.02
52031,33.02
52046,35.56
52063,33.02
52078,33.02
52093,33.02
52110,33.02
52125,33.02
52142,33.02
52157,33.02
52172,33.02
52189,35.56
52204,33.02
52219,33.02
52236,35.56
52251,33.02
52268,33.02
52283,40.64
52298,35.56
52315,35.56
52330,35.56
52345,35.56
52362,35.56
52377,35.56
52393,127.00
52409,127.00
52424,127.00
52441,162.56
52456,160.02
52472,157.48
52488,99.06
52503,99.06
52519,99.06
52535,121.92
52551,119.38
52567,119.38
52582,119.38
52598,119.38
52614,119.38
52630,119.38
52645,119.38
52662,119.38
52677,119.38
52692,116.84
52709,116.84
52724,116.84
52741,116.84
52756,116.84
52772,116.84
52788,111.76
52803,111.76
52819,111.76
52835,111.76
52851,111.76
52867,111.76
52882,109.22
52898,109.22
52914,109.22
52930,111.76
52945,109.22
52962,111.76
52977,109.22
52993,109.22
53009,109.22
53024,109.22
53041,109.22
53056,109.22
53072,109.22
53088,109.22
53103,109.22
53120,109.22
53135,109.22
53151,109.22
53167,109.22
53182,109.22
53198,109.22
53214,109.22
53230,109.22
53245,109.22
53262,109.22
53277,109.22
53293,109.22
53309,109.22
53324,109.22
53341,109.22
53356,109.22
53372,111.76
53388,109.22
53403,109.22
53420,109.22
53435,109.22
53451,109.22
53467,109.22
53483,109.22
53498,109.22
53514,109.22
53530,109.22
53545,109.22
53562,111.76
53577,109.22
53593,109.22
53609,109.22
53624,114.30
53641,111.76
53656,111.76
53672,111.76
53688,111.76
53703,111.76
53720,111.76
53735,111.76
53751,111.76
53767,111.76
53783,111.76
53798,111.76
53814,114.30
53830,116.84
53846,119.38
53862,116.84
53877,116.84
53893,116.84
53909,116.84
53924,116.84
53941,116.84
53956,116.84
53972,99.06
53988,99.06
54003,96.52
54020,116.84
54035,121.92
54051,121.92
54067,121.92
54082,162.56
54098,162.56
54114,43.18
54130,38.10
54146,38.10
54161,40.64
54177,40.64
54193,40.64
54209,40.64
54224,35.56
54240,35.56
54256,35.56
54272,35.56
54287,35.56
54303,35.56
54319,33.02
54335,35.56
54350,35.56
54366,33.02
54382,35.56
54397,35.56
54413,33.02
54429,35.56
-1,-1
55445,33.02
55460,33.02
55477,33.02
55492,33.02
55507,33.02
55524,33.02
55539,33.02
55555,33.02
55571,33.02
55586,33.02
55603,35.56
55618,33.02
55633,35.56
55650,33.02
55665,33.02
55681,33.02
55697,33.02
55712,33.02
55729,33.02
55744,35.56
55759,33.02
55776,33.02
55791,33.02
55806,33.02
55823,33.02
55838,33.02
55855,33.02
55870,33.02
55885,33.02
55902,40.64
55917,35.56
55932,35.56
55949,35.56
55964,35.56
55981,35.56
55996,35.56
56011,35.56
56028,35.56
56043,35.56
56058,38.10
56075,38.10
56090,40.64
56107,119.38
56122,119.38
56137,119.38
56154,119.38
56169,119.38
56185,119.38
56201,116.84
56217,116.84
56232,116.84
56248,116.84
56264,116.84
56280,116.84
56296,116.84
56311,114.30
56328,114.30
56343,114.30
56358,111.76
56375,111.76
56390,111.76
56407,111.76
56422,111.76
56437,111.76
56454,111.76
56469,111.76
56485,111.76
56501,111.76
56517,109.22
56532,109.22
56548,109.22
56564,109.22
56580,111.76
56596,109.22
56611,109.22
56628,109.22
56643,111.76
56658,109.22
56675,109.22
56690,109.22
56707,109.22
56722,109.22
56737,109.22
56754,111.76
56769,109.22
56785,111.76
56801,109.22
56817,109.22
56833,109.22
56848,109.22
56864,109.22
56880,109.22
56896,109.22
56911,109.22
56928,109.22
56943,111.76
56958,109.22
56975,109.22
56990,109.22
57007,109.22
57022,109.22
57037,106.68
57054,109.22
57069,109.22
57085,109.22
57101,109.22
57117,109.22
57133,109.22
57148,109.22
57164,109.22
57180,109.22
57196,111.76
57211,109.22
57228,109.22
57243,111.76
57259,111.76
57275,111.76
57290,111.76
57307,111.76
57322,111.76
57337,111.76
57354,111.76
57369,111.76
57385,111.76
57401,116.84
57417,116.84
57433,116.84
57448,116.84
57464,116.84
57480,116.84
57496,116.84
57511,116.84
57528,116.84
57543,119.38
57559,119.38
57575,119.38
57590,99.06
57607,96.52
57622,96.52
57637,91.44
57654,93.98
57669,93.98
57684,106.68
57701,129.54
57716,129.54
57733,43.18
57748,38.10
57764,35.56
57780,38.10
57795,38.10
57811,38.10
57827,38.10
57842,35.56
57859,38.10
57874,38.10
57890,35.56
57906,35.56
57921,35.56
57937,33.02
57953,33.02
57968,33.02
57985,33.02
58000,33.02
58016,33.02
58032,33.02
58047,33.02
58063,33.02
58079,33.02
58094,33.02
58110,33.02
58126,33.02
-1,-1
59142,33.02
59158,33.02
59173,33.02
59189,33.02
59205,35.56
59220,33.02
59236,33.02
59252,35.56
59268,33.02
59284,33.02
59299,33.02
59315,33.02
59331,33.02
59346,33.02
59362,33.02
59378,33.02
59394,33.02
59410,33.02
59425,33.02
59441,33.02
59457,33.02
59472,33.02
59488,33.02
59504,33.02
59520,33.02
59536,33.02
59551,33.02
59567,33.02
59583,33.02
59598,33.02
59614,38.10
59630,35.56
59645,35.56
59662,35.56
59677,35.56
59693,35.56
59709,35.56
59724,35.56
59740,35.56
59756,35.56
59771,162.56
59788,160.02
59803,157.48
59819,160.02
59835,160.02
59850,160.02
59867,119.38
59882,119.38
59898,119.38
59914,119.38
59929,121.92
59945,119.38
59961,121.92
59977,119.38
59993,116.84
60009,116.84
60024,116.84
60040,116.84
60056,116.84
60071,116.84
60088,116.84
60103,116.84
60119,116.84
60135,116.84
60150,116.84
60167,114.30
60182,111.76
60198,111.76
60214,111.76
60229,111.76
60246,111.76
60261,109.22
60277,109.22
60293,109.22
60309,109.22
60324,109.22
60340,109.22
60356,109.22
60371,109.22
60388,109.22
60403,109.22
60419,109.22
60435,111.76
60450,111.76
60467,109.22
60482,109.22
60498,109.22
60514,109.22
60529,109.22
60546,109.22
60561,109.22
60577,109.22
60593,109.22
60609,109.22
60624,109.22
60640,111.76
60656,109.22
60672,109.22
60688,109.22
60703,111.76
60719,111.76
60735,109.22
60750,111.76
60767,109.22
60782,109.22
60798,109.22
60814,109.22
60829,109.22
60846,109.22
60861,109.22
60877,109.22
60893,109.22
60909,109.22
60924,109.22
60940,109.22
60956,109.22
60972,109.22
60988,111.76
61003,109.22
61019,109.22
61035,109.22
61050,109.22
61067,111.76
61082,111.76
61099,111.76
61114,111.76
61129,111.76
61146,111.76
61161,111.76
61177,111.76
61193,111.76
61209,119.38
61224,121.92
61240,121.92
61256,119.38
61272,116.84
61288,119.38
61303,116.84
61319,116.84
61335,116.84
61350,116.84
61367,116.84
61382,116.84
61399,81.28
61414,101.60
61429,101.60
61446,99.06
61461,124.46
61477,124.46
61493,109.22
61508,35.56
61524,38.10
61540,38.10
61556,38.10
61572,38.10
61587,38.10
61603,38.10
61619,38.10
61635,38.10
61650,35.56
61666,35.56
61682,35.56
61698,35.56
61713,33.02
61729,35.56
61745,33.02
61761,33.02
61776,33.02
61792,35.56
61808,33.02
61824,35.56
-1,-1
62839,33.02
62855,33.02
62871,33.02
62886,33.02
62903,33.02
62918,33.02
62934,33.02
62950,33.02
62965,33.02
62981,33.02
62997,33.02
63012,33.02
63029,33.02
63044,33.02
63059,33.02
63076,33.02
63091,33.02
63107,33.02
63123,33.02
63138,38.10
63155,38.10
63170,38.10
63185,35.56
63202,33.02
63217,33.02
63233,33.02
63249,33.02
63264,33.02
63281,38.10
63296,35.56
63311,35.56
63328,35.56
63343,35.56
63358,35.56
63375,35.56
63390,38.10
63407,38.10
63422,35.56
63437,38.10
63454,38.10
63469,38.10
63484,119.38
63501,119.38
63516,119.38
63533,116.84
63548,116.84
63564,116.84
63580,116.84
63595,116.84
63611,116.84
63627,116.84
63643,116.84
63659,116.84
63675,116.84
63690,124.46
63706,124.46
63722,124.46
63737,111.76
63754,111.76
63769,111.76
63784,111.76
63801,111.76
63816,111.76
63833,111.76
63848,111.76
63864,111.76
63880,111.76
63895,111.76
63911,111.76
63927,109.22
63943,109.22
63959,109.22
63975,109.22
63990,109.22
64006,109.22
64022,109.22
64037,109.22
64054,109.22
64069,109.22
64084,111.76
64101,111.76
64116,111.76
64133,109.22
64148,109.22
64164,109.22
64180,109.22
64195,109.22
64211,109.22
64227,109.22
64243,109.22
64259,109.22
64275,109.22
64290,109.22
64306,109.22
64322,109.22
64337,109.22
64354,109.22
64369,109.22
64385,109.22
64401,109.22
64416,109.22
64433,109.22
64448,109.22
64464,109.22
64480,109.22
64495,109.22
64512,111.76
64527,109.22
64543,109.22
64559,109.22
64575,109.22
64590,109.22
64606,109.22
64622,114.30
64637,114.30
64654,114.30
64669,111.76
64685,111.76
64701,111.76
64716,114.30
64733,111.76
64748,111.76
64764,111.76
64780,119.38
64795,116.84
64812,116.84
64827,116.84
64843,116.84
64859,116.84
64875,116.84
64890,116.84
64906,116.84
64922,116.84
64937,116.84
64954,119.38
64969,124.46
64985,124.46
65001,124.46
65016,124.46
65033,162.56
65048,162.56
65064,162.56
65080,132.08
65095,132.08
65112,35.56
65127,38.10
65143,38.10
65159,38.10
65174,38.10
65190,38.10
65206,38.10
65221,35.56
65238,38.10
65253,38.10
65269,33.02
65285,33.02
65300,33.02
65316,33.02
65332,33.02
65347,33.02
65363,33.02
65379,33.02
65395,33.02
65411,33.02
65426,33.02
65442,33.02
65458,33.02
65473,33.02
65489,33.02
65505,33.02
65521,33.02
-1,-1
66537,33.02
66552,33.02
66568,33.02
66584,33.02
66599,33.02
66615,33.02
66631,33.02
66647,33.02
66663,33.02
66678,33.02
66694,33.02
66710,33.02
66725,33.02
66741,35.56
66757,33.02
66772,33.02
66789,33.02
66804,33.02
66820,35.56
66836,33.02
66851,33.02
66867,33.02
66883,33.02
66898,33.02
66915,33.02
66930,33.02
66946,33.02
66962,33.02
66977,33.02
66993,40.64
67009,35.56
67024,35.56
67041,35.56
67056,35.56
67072,35.56
67088,35.56
67103,35.56
67119,35.56
67135,35.56
67150,35.56
67167,35.56
67182,35.56
67197,99.06
67214,96.52
67229,96.52
67245,109.22
67261,121.92
67276,121.92
67293,119.38
67308,119.38
67324,119.38
67340,119.38
67355,119.38
67372,119.38
67387,119.38
67403,116.84
67419,116.84
67435,116.84
67450,116.84
67466,116.84
67482,116.84
67497,119.38
67514,119.38
67529,119.38
67545,114.30
67561,114.30
67576,114.30
67593,111.76
67608,114.30
67624,111.76
67640,111.76
67655,111.76
67672,109.22
67687,109.22
67703,109.22
67719,109.22
67734,109.22
67750,109.22
67766,109.22
67782,109.22
67798,109.22
67814,111.76
67829,109.22
67845,109.22
67861,111.76
67876,109.22
67893,111.76
67908,111.76
67924,111.76
67940,109.22
67955,109.22
67972,109.22
67987,109.22
68003,109.22
68019,111.76
68034,109.22
68050,109.22
68066,109.22
68082,109.22
68098,109.22
68114,109.22
68129,109.22
68145,109.22
68161,109.22
68176,109.22
68193,109.22
68208,109.22
68225,109.22
68240,109.22
68255,109.22
68272,109.22
68287,109.22
68303,109.22
68319,109.22
68334,109.22
68350,109.22
68366,109.22
68382,109.22
68398,111.76
68414,111.76
68429,111.76
68445,111.76
68461,111.76
68476,111.76
68493,114.30
68508,114.30
68525,114.30
68540,111.76
68555,111.76
68572,111.76
68587,114.30
68603,114.30
68619,114.30
68634,116.84
68651,116.84
68666,116.84
68682,116.84
68698,116.84
68714,116.84
68729,116.84
68745,116.84
68761,116.84
68776,116.84
68793,116.84
68808,116.84
68825,116.84
68840,162.56
68855,160.02
68872,160.02
68887,40.64
68903,43.18
68919,43.18
68934,38.10
68951,35.56
68966,38.10
68981,35.56
68998,35.56
69013,35.56
69029,35.56
69045,35.56
69060,35.56
69076,33.02
69092,35.56
69108,33.02
69124,33.02
69139,33.02
69155,33.02
69171,33.02
69186,33.02
69202,33.02
69218,33.02
-1,-1
70234,33.02
70249,33.02
70265,33.02
70281,33.02
70297,33.02
70312,33.02
70328,33.02
70344,33.02
70360,33.02
70376,33.02
70391,35.56
70407,33.02
70423,33.02
70438,33.02
70454,33.02
70470,33.02
70486,33.02
70502,33.02
70517,33.02
70533,33.02
70549,33.02
70564,33.02
70580,33.02
70596,33.02
70611,33.02
70627,33.02
70643,33.02
70659,33.02
70675,33.02
70690,33.02
70706,33.02
70722,40.64
70737,40.64
70754,40.64
70769,35.56
70785,35.56
70801,38.10
70816,35.56
70832,35.56
70848,35.56
70863,99.06
70880,96.52
70895,96.52
70910,111.76
70927,116.84
70942,116.84
70959,116.84
70974,116.84
70989,116.84
71006,116.84
71021,116.84
71037,116.84
71053,116.84
71068,114.30
71085,114.30
71100,114.30
71116,111.76
71132,111.76
71148,111.76
71163,111.76
71179,111.76
71195,111.76
71211,111.76
71227,111.76
71242,111.76
71259,111.76
71274,111.76
71289,111.76
71306,111.76
71321,109.22
71337,109.22
71353,109.22
71368,109.22
71385,111.76
71400,109.22
71416,109.22
71432,109.22
71448,109.22
71463,109.22
71479,109.22
71495,109.22
71511,109.22
71527,109.22
71542,109.22
71559,109.22
71574,109.22
71589,109.22
71606,109.22
71621,109.22
71638,109.22
71653,109.22
71669,109.22
71685,109.22
71700,109.22
71716,109.22
71732,109.22
71748,109.22
71763,109.22
71779,109.22
71795,109.22
71811,109.22
71827,109.22
71842,111.76
71859,109.22
71874,109.22
71889,109.22
71906,109.22
71921,109.22
71938,109.22
71953,109.22
71969,109.22
71985,109.22
72000,73.66
72016,68.58
72032,68.58
72047,68.58
72064,111.76
72079,111.76
72095,111.76
72111,111.76
72127,111.76
72142,111.76
72158,116.84
72174,116.84
72189,116.84
72206,116.84
72221,116.84
72237,116.84
72253,116.84
72268,116.84
72285,116.84
72300,116.84
72316,116.84
72332,116.84
72347,121.92
72364,119.38
72379,119.38
72395,119.38
72411,119.38
72427,119.38
72442,119.38
72458,132.08
72474,132.08
72489,91.44
72506,38.10
72521,35.56
72537,38.10
72553,35.56
72568,35.56
72584,38.10
72600,35.56
72615,35.56
72632,35.56
72647,35.56
72663,35.56
72679,35.56
72694,35.56
72711,33.02
72726,35.56
72741,33.02
72758,33.02
72773,33.02
72788,33.02
72805,35.56
72820,35.56
72837,33.02
72852,33.02
72867,33.02
72884,35.56
72899,33.02
72914,33.02
-1,-1
73930,33.02
73947,33.02
73962,33.02
73978,33.02
73994,33.02
74009,33.02
74025,33.02
74041,33.02
74056,33.02
74073,33.02
74088,33.02
74103,33.02
74120,33.02
74135,33.02
74151,33.02
74167,33.02
74182,33.02
74199,33.02
74214,33.02
74229,33.02
74246,33.02
74261,33.02
74277,33.02
74293,33.02
74308,33.02
74324,33.02
74340,33.02
74355,33.02
74372,33.02
74387,35.56
74403,35.56
74419,35.56
74434,35.56
74450,38.10
74466,35.56
74482,35.56
74498,35.56
74513,35.56
74529,35.56
74545,35.56
74560,35.56
74576,119.38
74592,127.00
74608,127.00
74624,127.00
74639,119.38
74655,119.38
74671,119.38
74687,116.84
74702,116.84
74719,116.84
74734,116.84
74749,116.84
74766,116.84
74781,116.84
74798,116.84
74813,116.84
74829,116.84
74845,116.84
74860,116.84
74876,116.84
74892,116.84
74908,116.84
74924,114.30
74939,111.76
74955,111.76
74971,111.76
74987,111.76
75002,111.76
75019,111.76
75034,111.76
75049,111.76
75066,111.76
75081,109.22
75098,109.22
75113,109.22
75129,109.22
75145,109.22
75160,109.22
75176,109.22
75192,109.22
75208,109.22
75224,109.22
75240,109.22
75255,109.22
75271,109.22
75287,109.22
75302,109.22
75319,109.22
75334,109.22
75350,111.76
75366,109.22
75381,109.22
75398,109.22
75413,111.76
75429,109.22
75445,109.22
75460,109.22
75476,109.22
75492,109.22
75508,109.22
75524,109.22
75540,109.22
75555,109.22
75571,109.22
75587,109.22
75602,109.22
75619,109.22
75634,109.22
75650,109.22
75666,109.22
75681,109.22
75698,109.22
75713,109.22
75729,109.22
75745,109.22
75760,109.22
75777,111.76
75792,111.76
75808,111.76
75824,111.76
75840,111.76
75855,111.76
75871,111.76
75887,111.76
75902,111.76
75919,111.76
75934,111.76
75951,111.76
75966,114.30
75981,114.30
75998,114.30
76013,119.38
76029,116.84
76045,116.84
76060,116.84
76077,116.84
76092,116.84
76108,116.84
76124,116.84
76140,116.84
76155,116.84
76171,99.06
76187,101.60
76203,99.06
76219,96.52
76234,99.06
76250,99.06
76266,38.10
76281,38.10
76297,38.10
76313,35.56
76328,35.56
76345,35.56
76360,35.56
76376,35.56
76392,35.56
76407,38.10
76424,35.56
76439,35.56
76454,35.56
76471,35.56
76486,35.56
76502,35.56
76518,33.02
76533,35.56
76550,33.02
76565,33.02
76580,33.02
76597,33.02
76612,33.02
-1,-1
77628,33.02
77643,33.02
77660,33.02
77675,35.56
77691,33.02
77707,33.02
77722,33.02
77739,33.02
77754,33.02
77769,33.02
77786,33.02
77801,33.02
77817,33.02
77833,33.02
77848,33.02
77864,33.02
77880,33.02
77895,33.02
77912,33.02
77927,33.02
77943,33.02
77959,33.02
77974,33.02
77990,33.02
78006,33.02
78021,33.02
78038,33.02
78053,35.56
78069,35.56
78085,35.56
78100,35.56
78116,35.56
78132,35.56
78147,35.56
78163,35.56
78179,35.56
78195,35.56
78211,35.56
78226,35.56
78242,35.56
78258,160.02
78274,160.02
78289,160.02
78305,116.84
78321,119.38
78337,116.84
78353,116.84
78368,116.84
78384,116.84
78400,116.84
78415,116.84
78432,119.38
78447,116.84
78464,116.84
78479,116.84
78494,114.30
78511,114.30
78526,114.30
78542,111.76
78558,111.76
78574,114.30
78589,111.76
78605,111.76
78621,111.76
78637,111.76
78653,111.76
78668,111.76
78684,111.76
78700,109.22
78715,109.22
78732,109.22
78747,109.22
78764,109.22
78779,109.22
78794,109.22
78811,109.22
78826,109.22
78842,109.22
78858,109.22
78874,109.22
78889,109.22
78905,109.22
78921,111.76
78937,109.22
78953,109.22
78968,109.22
78984,109.22
79000,109.22
79015,109.22
79032,109.22
79047,109.22
79064,109.22
79079,109.22
79094,111.76
79111,109.22
79126,109.22
79142,109.22
79158,109.22
79174,114.30
79190,109.22
79205,109.22
79221,109.22
79237,109.22
79253,109.22
79268,109.22
79285,114.30
79300,111.76
79315,111.76
79332,109.22
79347,109.22
79364,109.22
79379,109.22
79394,109.22
79411,109.22
79426,109.22
79442,111.76
79458,111.76
79474,111.76
79490,111.76
79505,111.76
79521,111.76
79537,116.84
79553,116.84
79568,116.84
79585,116.84
79600,116.84
79616,116.84
79632,116.84
79647,116.84
79664,116.84
79679,116.84
79694,116.84
79711,116.84
79726,116.84
79742,119.38
79758,119.38
79774,119.38
79790,119.38
79805,119.38
79821,119.38
79837,160.02
79853,160.02
79868,160.02
79885,160.02
79900,160.02
79916,160.02
79932,38.10
79947,38.10
79964,40.64
79979,35.56
79994,35.56
80011,35.56
80026,35.56
80041,35.56
80058,38.10
80073,35.56
80090,35.56
80105,35.56
80120,35.56
80137,33.02
80152,33.02
80167,33.02
80184,33.02
80199,33.02
80216,33.02
80231,33.02
80246,33.02
80263,35.56
80278,33.02
80293,33.02
80310,33.02
-1,-1
81326,33.02
81341,33.02
81357,33.02
81373,33.02
81388,33.02
81404,33.02
81420,33.02
81435,33.02
81452,33.02
81467,38.10
81483,35.56
81499,35.56
81514,35.56
81530,35.56
81546,35.56
81561,35.56
81577,35.56
81593,35.56
81609,35.56
81625,33.02
81640,33.02
81656,33.02
81672,33.02
81687,33.02
81703,33.02
81719,33.02
81735,33.02
81751,33.02
81766,33.02
81782,33.02
81798,33.02
81813,38.10
81829,35.56
81845,35.56
81861,35.56
81876,35.56
81892,35.56
81908,35.56
81924,38.10
81939,35.56
81955,35.56
81971,35.56
81987,35.56
82002,35.56
82018,160.02
82034,160.02
82050,160.02
82066,124.46
82081,124.46
82097,121.92
82113,119.38
82128,119.38
82145,119.38
82160,116.84
82177,116.84
82192,116.84
82207,116.84
82224,116.84
82239,119.38
82255,116.84
82271,116.84
82287,116.84
82302,116.84
82318,114.30
82334,114.30
82350,114.30
82366,111.76
82381,111.76
82397,111.76
82413,111.76
82428,111.76
82445,111.76
82460,109.22
82477,109.22
82492,109.22
82507,109.22
82524,109.22
82539,109.22
82555,109.22
82571,109.22
82587,109.22
82603,109.22
82618,109.22
82634,109.22
82650,109.22
82666,109.22
82681,109.22
82697,109.22
82713,109.22
82728,111.76
82745,109.22
82760,109.22
82777,109.22
82792,109.22
82807,109.22
82824,109.22
82839,111.76
82855,109.22
82871,109.22
82887,109.22
82903,109.22
82918,109.22
82934,109.22
82950,109.22
82966,109.22
82981,109.22
82997,109.22
83013,109.22
83028,109.22
83045,109.22
83060,109.22
83077,109.22
83092,109.22
83107,111.76
83124,109.22
83139,109.22
83155,109.22
83171,109.22
83187,109.22
83203,111.76
83218,111.76
83234,111.76
83250,111.76
83266,111.76
83281,111.76
83297,111.76
83313,111.76
83329,111.76
83345,111.76
83360,111.76
83377,111.76
83392,116.84
83407,116.84
83424,116.84
83439,116.84
83456,116.84
83471,116.84
83487,116.84
83503,116.84
83518,116.84
83534,116.84
83550,116.84
83566,116.84
83581,116.84
83597,160.02
83613,162.56
83629,162.56
83645,160.02
83660,160.02
83677,160.02
83692,38.10
83707,38.10
83724,40.64
83739,38.10
83756,35.56
83771,35.56
83786,35.56
83803,35.56
83818,35.56
83833,35.56
83850,33.02
83865,33.02
83881,33.02
83897,33.02
83912,33.02
83929,33.02
83944,33.02
83959,33.02
83976,33.02
83991,33.02
84007,33.02
-1,-1
85023,33.02
85039,33.02
85054,33.02
85070,33.02
85086,33.02
85101,33.02
85117,33.02
85133,33.02
85149,33.02
85165,33.02
85180,33.02
85196,33.02
85212,33.02
85227,33.02
85243,33.02
85259,33.02
85275,33.02
85291,33.02
85306,33.02
85322,33.02
85338,33.02
85353,33.02
85369,33.02
85385,33.02
85400,33.02
85416,33.02
85432,33.02
85448,33.02
85464,33.02
85479,38.10
85495,35.56
85511,35.56
85526,35.56
85542,35.56
85558,35.56
85574,35.56
85590,35.56
85605,35.56
85621,35.56
85637,127.00
85653,127.00
85668,127.00
85684,96.52
85700,96.52
85715,96.52
85732,116.84
85747,116.84
85763,116.84
85779,116.84
85794,116.84
85811,116.84
85826,116.84
85841,116.84
85858,116.84
85873,114.30
85890,114.30
85905,114.30
85921,111.76
85937,111.76
85952,111.76
85968,111.76
85984,111.76
86000,111.76
86016,111.76
86032,111.76
86047,111.76
86063,111.76
86079,111.76
86094,111.76
86111,111.76
86126,109.22
86141,109.22
86158,109.22
86173,109.22
86190,111.76
86205,111.76
86221,109.22
86237,109.22
86252,109.22
86268,109.22
86284,109.22
86300,109.22
86316,109.22
86332,109.22
86347,109.22
86363,109.22
86379,109.22
86394,109.22
86411,109.22
86426,109.22
86443,109.22
86458,109.22
86473,109.22
86490,109.22
86505,111.76
86521,109.22
86537,109.22
86552,109.22
86568,109.22
86584,109.22
86600,109.22
86616,109.22
86632,109.22
86647,109.22
86663,109.22
86679,109.22
86694,109.22
86711,109.22
86726,109.22
86743,109.22
86758,109.22
86773,109.22
86790,109.22
86805,109.22
86821,109.22
86837,109.22
86852,109.22
86868,111.76
86884,111.76
86900,111.76
86916,111.76
86932,111.76
86947,111.76
86963,119.38
86979,116.84
86994,116.84
87011,121.92
87026,116.84
87043,116.84
87058,116.84
87073,116.84
87090,116.84
87105,116.84
87121,116.84
87137,116.84
87152,116.84
87169,116.84
87184,116.84
87200,116.84
87216,129.54
87232,129.54
87247,129.54
87263,127.00
87279,127.00
87294,129.54
87311,40.64
87326,35.56
87342,35.56
87358,35.56
87373,35.56
87390,35.56
87405,35.56
87420,35.56
87437,35.56
87452,35.56
87468,35.56
87484,35.56
87499,35.56
87516,33.02
87531,33.02
87546,33.02
87563,33.02
87578,33.02
87593,33.02
87610,33.02
87625,33.02
87642,33.02
87657,33.02
87672,33.02
87689,33.02
87704,33.02
-1,-1