999,12,0,93.98
1000,12,0,93.98
1001,12,0,93.98
1002,12,0,93.98
1003,12,0,93.98
1019,12,1,93.98
1037,12,2,93.98
1055,12,3,93.98
1073,12,4,93.98
1090,12,5,93.98
1107,12,6,93.98
1126,12,7,93.98
1143,12,8,93.98
1161,12,9,91.44
1178,12,10,93.98
1198,12,11,93.98
1216,12,12,93.98
1234,12,13,93.98
1254,12,14,93.98
1272,12,15,93.98
1291,12,16,93.98
1309,12,17,93.98
1329,12,18,93.98
1347,12,19,91.44
1366,12,20,93.98
1385,12,21,93.98
1403,12,22,93.98
1422,12,23,93.98
1440,12,24,93.98
1460,12,25,93.98
1478,12,26,93.98
1497,12,27,96.52
1515,12,28,96.52
1534,12,29,96.52
1553,12,30,96.52
1571,12,31,96.52
1591,12,32,96.52
1609,12,33,96.52
1628,12,34,96.52
1646,12,35,96.52
1666,12,36,96.52
1684,12,37,96.52
1702,12,38,96.52
1722,12,39,96.52
1740,12,40,96.52
1759,12,41,96.52
1777,12,42,96.52
1797,12,43,96.52
1815,12,44,96.52
1833,12,45,96.52
1853,12,46,96.52
1871,12,47,96.52
1890,12,48,96.52
1908,12,49,99.06
1928,12,50,99.06
1946,12,51,121.92
1966,12,52,129.54
1986,12,53,129.54
2006,12,54,134.62
2025,12,55,134.62
2044,12,56,132.08
2065,12,57,132.08
2084,12,58,129.54
2104,12,59,93.98
2123,12,60,96.52
2142,12,61,93.98
2160,12,62,93.98
2179,12,63,96.52
2198,12,64,96.52
2216,12,65,96.52
2235,12,66,93.98
2254,12,67,93.98
2273,12,68,99.06
2291,12,69,93.98
2310,12,70,93.98
2329,12,71,93.98
2348,12,72,93.98
2366,12,73,99.06
2385,12,74,99.06
2404,12,75,99.06
2422,12,76,99.06
2441,12,77,93.98
2460,12,78,93.98
2479,12,79,99.06
2497,12,80,96.52
2516,12,81,96.52
2535,12,82,93.98
2553,12,83,93.98
2572,12,84,111.76
2592,12,85,93.98
2611,12,86,119.38
2630,12,87,142.24
2651,12,88,182.88
2670,12,89,124.46
-1,-1
2697,12,90,116.84
2717,12,89,104.14
2737,12,88,111.76
2756,12,87,124.46
2776,12,86,111.76
2796,12,85,109.22
2816,12,84,149.86
2835,12,83,182.88
2855,12,82,142.24
2875,12,81,101.60
2894,12,80,162.56
2915,12,79,104.14
2934,12,78,124.46
2954,12,77,93.98
2972,12,76,93.98
2992,12,75,96.52
3010,12,74,99.06
3028,12,73,111.76
3049,12,72,101.60
3068,12,71,99.06
3087,12,70,96.52
3105,12,69,101.60
3126,12,68,99.06
3144,12,67,99.06
3163,12,66,99.06
3182,12,65,93.98
3201,12,64,99.06
3219,12,63,96.52
3237,12,62,99.06
3257,12,61,96.52
3275,12,60,96.52
3294,12,59,96.52
3312,12,58,96.52
3332,12,57,96.52
3350,12,56,96.52
3368,12,55,96.52
3388,12,54,99.06
3406,12,53,96.52
3425,12,52,96.52
3443,12,51,96.52
3463,12,50,96.52
3481,12,49,93.98
3500,12,48,96.52
3519,12,47,96.52
3537,12,46,101.60
3557,12,45,96.52
3575,12,44,96.52
3595,12,43,96.52
3613,12,42,93.98
3632,12,41,96.52
3651,12,40,96.52
3670,12,39,96.52
3688,12,38,134.62
3707,12,37,137.16
3728,12,36,142.24
3747,12,35,137.16
3767,12,34,137.16
3787,12,33,134.62
3807,12,32,134.62
3826,12,31,119.38
3847,12,30,106.68
3866,12,29,106.68
3886,12,28,99.06
3904,12,27,99.06
3923,12,26,99.06
3942,12,25,101.60
3961,12,24,106.68
3982,12,23,101.60
4001,12,22,96.52
4020,12,21,96.52
4038,12,20,96.52
4058,12,19,96.52
4076,12,18,96.52
4094,12,17,99.06
4114,12,16,99.06
4132,12,15,96.52
4151,12,14,99.06
4169,12,13,96.52
4189,12,12,96.52
4207,12,11,96.52
4226,12,10,96.52
4244,12,9,96.52
4262,12,8,99.06
4280,12,7,99.06
4297,12,6,99.06
4316,12,5,96.52
4333,12,4,96.52
4350,12,3,96.52
4368,12,2,96.52
4386,12,1,93.98
-1,-1
4411,11,0,93.98
4428,11,1,93.98
4447,11,2,93.98
4464,11,3,93.98
4482,11,4,96.52
4499,11,5,96.52
4517,11,6,96.52
4535,11,7,96.52
4552,11,8,96.52
4570,11,9,96.52
4588,11,10,96.52
4606,11,11,96.52
4625,11,12,96.52
4643,11,13,96.52
4663,11,14,96.52
4681,11,15,96.52
4700,11,16,96.52
4719,11,17,96.52
4738,11,18,96.52
4756,11,19,96.52
4774,11,20,96.52
4794,11,21,96.52
4812,11,22,96.52
4831,11,23,93.98
4850,11,24,93.98
4869,11,25,96.52
4887,11,26,96.52
4905,11,27,96.52
4925,11,28,96.52
4943,11,29,96.52
4962,11,30,96.52
4981,11,31,96.52
5000,11,32,96.52
5018,11,33,96.52
5037,11,34,96.52
5056,11,35,96.52
5074,11,36,96.52
5093,11,37,96.52
5112,11,38,96.52
5131,11,39,96.52
5149,11,40,96.52
5168,11,41,96.52
5187,11,42,96.52
5206,11,43,96.52
5224,11,44,96.52
5242,11,45,99.06
5262,11,46,99.06
5280,11,47,99.06
5299,11,48,99.06
5318,11,49,101.60
5338,11,50,101.60
5357,11,51,101.60
5378,11,52,129.54
5397,11,53,129.54
5416,11,54,132.08
5436,11,55,134.62
5456,11,56,132.08
5476,11,57,134.62
5495,11,58,132.08
5516,11,59,106.68
5535,11,60,96.52
5554,11,61,96.52
5572,11,62,93.98
5592,11,63,96.52
5610,11,64,99.06
5628,11,65,93.98
5648,11,66,93.98
5666,11,67,93.98
5685,11,68,93.98
5703,11,69,93.98
5723,11,70,93.98
5741,11,71,96.52
5760,11,72,96.52
5779,11,73,93.98
5797,11,74,96.52
5816,11,75,99.06
5834,11,76,93.98
5854,11,77,96.52
5872,11,78,93.98
5891,11,79,101.60
5911,11,80,93.98
5929,11,81,96.52
5948,11,82,93.98
5966,11,83,91.44
5986,11,84,91.44
6004,11,85,101.60
6024,11,86,111.76
6044,11,87,104.14
6064,11,88,96.52
6082,11,89,101.60
-1,-1
6110,11,90,99.06
6128,11,89,96.52
6147,11,88,101.60
6166,11,87,96.52
6185,11,86,101.60
6205,11,85,104.14
6224,11,84,101.60
6245,11,83,101.60
6264,11,82,101.60
6284,11,81,99.06
6302,11,80,104.14
6323,11,79,101.60
6342,11,78,96.52
6361,11,77,96.52
6380,11,76,96.52
6398,11,75,96.52
6417,11,74,99.06
6435,11,73,96.52
6455,11,72,96.52
6473,11,71,99.06
6492,11,70,96.52
6511,11,69,96.52
6530,11,68,96.52
6548,11,67,104.14
6567,11,66,111.76
6588,11,65,99.06
6606,11,64,104.14
6626,11,63,101.60
6646,11,62,99.06
6665,11,61,93.98
6683,11,60,93.98
6702,11,59,96.52
6721,11,58,96.52
6739,11,57,99.06
6758,11,56,101.60
6778,11,55,104.14
6798,11,54,101.60
6817,11,53,99.06
6836,11,52,99.06
6855,11,51,99.06
6874,11,50,96.52
6892,11,49,96.52
6912,11,48,99.06
6930,11,47,106.68
6949,11,46,101.60
6969,11,45,101.60
6989,11,44,104.14
7009,11,43,99.06
7027,11,42,104.14
7048,11,41,96.52
7066,11,40,104.14
7086,11,39,101.60
7105,11,38,119.38
7126,11,37,137.16
7145,11,36,137.16
7164,11,35,139.70
7185,11,34,137.16
7204,11,33,139.70
7224,11,32,142.24
7244,11,31,139.70
7264,11,30,109.22
7283,11,29,109.22
7303,11,28,104.14
7323,11,27,104.14
7343,11,26,106.68
7362,11,25,99.06
7382,11,24,99.06
7400,11,23,101.60
7419,11,22,101.60
7439,11,21,99.06
7458,11,20,101.60
7478,11,19,99.06
7496,11,18,99.06
7516,11,17,99.06
7534,11,16,99.06
7553,11,15,99.06
7571,11,14,99.06
7590,11,13,96.52
7609,11,12,99.06
7627,11,11,99.06
7647,11,10,99.06
7665,11,9,99.06
7683,11,8,96.52
7700,11,7,96.52
7718,11,6,96.52
7736,11,5,96.52
7753,11,4,96.52
7771,11,3,96.52
7789,11,2,99.06
7806,11,1,93.98
-1,-1
7831,10,0,93.98
7849,10,1,96.52
7867,10,2,99.06
7884,10,3,99.06
7902,10,4,96.52
7920,10,5,99.06
7938,10,6,99.06
7955,10,7,96.52
7973,10,8,96.52
7991,10,9,96.52
8008,10,10,99.06
8027,10,11,99.06
8046,10,12,99.06
8065,10,13,99.06
8083,10,14,99.06
8101,10,15,99.06
8121,10,16,99.06
8139,10,17,99.06
8158,10,18,99.06
8177,10,19,99.06
8196,10,20,96.52
8214,10,21,96.52
8232,10,22,96.52
8252,10,23,96.52
8270,10,24,96.52
8289,10,25,96.52
8308,10,26,99.06
8327,10,27,96.52
8345,10,28,96.52
8364,10,29,96.52
8383,10,30,96.52
8401,10,31,96.52
8420,10,32,96.52
8439,10,33,96.52
8458,10,34,96.52
8476,10,35,96.52
8495,10,36,96.52
8514,10,37,96.52
8532,10,38,96.52
8551,10,39,96.52
8569,10,40,96.52
8589,10,41,96.52
8607,10,42,96.52
8626,10,43,96.52
8645,10,44,96.52
8664,10,45,96.52
8682,10,46,96.52
8700,10,47,99.06
8720,10,48,99.06
8738,10,49,101.60
8758,10,50,129.54
8778,10,51,134.62
8798,10,52,132.08
8817,10,53,132.08
8837,10,54,132.08
8857,10,55,132.08
8877,10,56,132.08
8896,10,57,132.08
8916,10,58,132.08
8936,10,59,116.84
8955,10,60,93.98
8975,10,61,93.98
8993,10,62,91.44
9012,10,63,91.44
9030,10,64,91.44
9050,10,65,91.44
9068,10,66,91.44
9086,10,67,91.44
9106,10,68,91.44
9124,10,69,91.44
9143,10,70,91.44
9161,10,71,93.98
9181,10,72,96.52
9199,10,73,93.98
9218,10,74,91.44
9236,10,75,93.98
9255,10,76,93.98
9274,10,77,93.98
9292,10,78,91.44
9312,10,79,93.98
9330,10,80,93.98
9349,10,81,93.98
9367,10,82,93.98
9387,10,83,93.98
9405,10,84,93.98
9423,10,85,101.60
9444,10,86,99.06
9462,10,87,99.06
9481,10,88,101.60
9500,10,89,96.52
-1,-1
9527,10,90,99.06
9545,10,89,93.98
9564,10,88,99.06
9583,10,87,96.52
9602,10,86,99.06
9620,10,85,99.06
9639,10,84,101.60
9659,10,83,101.60
9678,10,82,99.06
9697,10,81,96.52
9716,10,80,99.06
9735,10,79,96.52
9753,10,78,96.52
9773,10,77,96.52
9791,10,76,96.52
9809,10,75,99.06
9828,10,74,99.06
9847,10,73,96.52
9866,10,72,96.52
9884,10,71,96.52
9904,10,70,101.60
9923,10,69,106.68
9943,10,68,104.14
9962,10,67,132.08
9982,10,66,106.68
10002,10,65,106.68
10022,10,64,99.06
10043,10,63,99.06
10062,10,62,96.52
10082,10,61,99.06
10101,10,60,96.52
10122,10,59,96.52
10141,10,58,93.98
10161,10,57,93.98
10181,10,56,93.98
10201,10,55,93.98
10220,10,54,93.98
10241,10,53,93.98
10260,10,52,93.98
10279,10,51,93.98
10299,10,50,93.98
10319,10,49,93.98
10339,10,48,93.98
10358,10,47,93.98
10379,10,46,93.98
10398,10,45,93.98
10418,10,44,93.98
10438,10,43,93.98
10458,10,42,93.98
10477,10,41,93.98
10497,10,40,93.98
10517,10,39,93.98
10536,10,38,129.54
10557,10,37,134.62
10578,10,36,134.62
10599,10,35,134.62
10619,10,34,132.08
10641,10,33,134.62
10661,10,32,134.62
10682,10,31,134.62
10703,10,30,132.08
10724,10,29,116.84
10744,10,28,99.06
10764,10,27,99.06
10784,10,26,99.06
10804,10,25,99.06
10823,10,24,99.06
10844,10,23,96.52
10863,10,22,96.52
10883,10,21,96.52
10903,10,20,96.52
10923,10,19,96.52
10942,10,18,96.52
10961,10,17,101.60
10983,10,16,96.52
11002,10,15,96.52
11022,10,14,96.52
11042,10,13,96.52
11062,10,12,96.52
11081,10,11,99.06
11102,10,10,96.52
11121,10,9,99.06
11140,10,8,99.06
11158,10,7,96.52
11177,10,6,96.52
11196,10,5,99.06
11214,10,4,96.52
11233,10,3,99.06
11252,10,2,99.06
11271,10,1,99.06
-1,-1
11296,9,0,99.06
11315,9,1,99.06
11332,9,2,96.52
11350,9,3,96.52
11368,9,4,99.06
11385,9,5,96.52
11403,9,6,99.06
11420,9,7,96.52
11439,9,8,96.52
11456,9,9,96.52
11473,9,10,96.52
11492,9,11,96.52
11511,9,12,96.52
11530,9,13,96.52
11548,9,14,96.52
11568,9,15,96.52
11586,9,16,93.98
11604,9,17,93.98
11623,9,18,93.98
11642,9,19,93.98
11661,9,20,93.98
11679,9,21,96.52
11698,9,22,99.06
11717,9,23,99.06
11736,9,24,99.06
11754,9,25,99.06
11773,9,26,99.06
11792,9,27,99.06
11810,9,28,99.06
11829,9,29,99.06
11848,9,30,99.06
11867,9,31,99.06
11885,9,32,99.06
11905,9,33,99.06
11923,9,34,99.06
11941,9,35,99.06
11960,9,36,99.06
11979,9,37,99.06
11998,9,38,99.06
12016,9,39,99.06
12036,9,40,99.06
12054,9,41,106.68
12073,9,42,99.06
12092,9,43,99.06
12111,9,44,99.06
12130,9,45,99.06
12148,9,46,99.06
12168,9,47,101.60
12187,9,48,104.14
12207,9,49,104.14
12226,9,50,132.08
12247,9,51,134.62
12266,9,52,134.62
12285,9,53,137.16
12306,9,54,134.62
12325,9,55,134.62
12345,9,56,134.62
12364,9,57,134.62
12385,9,58,134.62
12404,9,59,132.08
12424,9,60,93.98
12443,9,61,93.98
12462,9,62,93.98
12480,9,63,93.98
12499,9,64,93.98
12518,9,65,93.98
12536,9,66,93.98
12555,9,67,93.98
12574,9,68,93.98
12593,9,69,93.98
12611,9,70,93.98
12630,9,71,93.98
12649,9,72,93.98
12667,9,73,91.44
12686,9,74,93.98
12705,9,75,96.52
12724,9,76,93.98
12742,9,77,91.44
12761,9,78,91.44
12780,9,79,93.98
12798,9,80,109.22
12818,9,81,93.98
12837,9,82,91.44
12856,9,83,91.44
12874,9,84,91.44
12893,9,85,91.44
12912,9,86,91.44
12931,9,87,96.52
12949,9,88,109.22
12969,9,89,111.76
-1,-1
12996,9,90,109.22
13016,9,89,104.14
13036,9,88,127.00
13056,9,87,111.76
13075,9,86,114.30
13094,9,85,106.68
13115,9,84,104.14
13134,9,83,104.14
13154,9,82,101.60
13174,9,81,101.60
13194,9,80,101.60
13213,9,79,101.60
13234,9,78,101.60
13253,9,77,101.60
13273,9,76,101.60
13292,9,75,101.60
13313,9,74,101.60
13332,9,73,99.06
13350,9,72,101.60
13371,9,71,99.06
13389,9,70,101.60
13409,9,69,104.14
13428,9,68,101.60
13449,9,67,93.98
13467,9,66,99.06
13486,9,65,96.52
13505,9,64,96.52
13523,9,63,96.52
13542,9,62,96.52
13560,9,61,96.52
13580,9,60,96.52
13598,9,59,96.52
13617,9,58,99.06
13636,9,57,99.06
13655,9,56,101.60
13674,9,55,101.60
13693,9,54,101.60
13714,9,53,99.06
13732,9,52,99.06
13751,9,51,99.06
13770,9,50,99.06
13789,9,49,96.52
13807,9,48,96.52
13826,9,47,96.52
13845,9,46,96.52
13863,9,45,96.52
13882,9,44,93.98
13901,9,43,96.52
13920,9,42,93.98
13938,9,41,96.52
13957,9,40,99.06
13976,9,39,99.06
13995,9,38,96.52
14013,9,37,132.08
14033,9,36,132.08
14053,9,35,134.62
14072,9,34,137.16
14092,9,33,134.62
14112,9,32,134.62
14132,9,31,134.62
14151,9,30,116.84
14172,9,29,106.68
14191,9,28,104.14
14211,9,27,101.60
14231,9,26,99.06
14249,9,25,101.60
14269,9,24,104.14
14288,9,23,101.60
14309,9,22,99.06
14327,9,21,101.60
14347,9,20,101.60
14367,9,19,99.06
14386,9,18,99.06
14404,9,17,101.60
14424,9,16,101.60
14444,9,15,99.06
14462,9,14,99.06
14481,9,13,99.06
14500,9,12,99.06
14519,9,11,99.06
14537,9,10,99.06
14556,9,9,99.06
14574,9,8,101.60
14593,9,7,99.06
14610,9,6,99.06
14627,9,5,99.06
14646,9,4,99.06
14663,9,3,99.06
14681,9,2,99.06
14699,9,1,99.06
-1,-1
14724,8,0,99.06
14741,8,1,99.06
14758,8,2,99.06
14777,8,3,99.06
14794,8,4,99.06
14812,8,5,96.52
14830,8,6,96.52
14848,8,7,96.52
14865,8,8,96.52
14882,8,9,96.52
14901,8,10,96.52
14919,8,11,96.52
14938,8,12,96.52
14956,8,13,99.06
14976,8,14,99.06
14994,8,15,99.06
15012,8,16,99.06
15032,8,17,99.06
15050,8,18,99.06
15069,8,19,99.06
15087,8,20,99.06
15107,8,21,99.06
15125,8,22,99.06
15143,8,23,99.06
15163,8,24,99.06
15181,8,25,99.06
15200,8,26,99.06
15218,8,27,99.06
15238,8,28,96.52
15256,8,29,96.52
15275,8,30,99.06
15293,8,31,99.06
15312,8,32,99.06
15331,8,33,99.06
15349,8,34,99.06
15369,8,35,99.06
15387,8,36,99.06
15406,8,37,96.52
15424,8,38,99.06
15443,8,39,96.52
15462,8,40,96.52
15480,8,41,99.06
15500,8,42,96.52
15518,8,43,99.06
15537,8,44,96.52
15555,8,45,96.52
15575,8,46,99.06
15593,8,47,99.06
15611,8,48,96.52
15631,8,49,99.06
15649,8,50,101.60
15669,8,51,101.60
15688,8,52,106.68
15709,8,53,132.08
15728,8,54,134.62
15748,8,55,134.62
15768,8,56,137.16
15788,8,57,134.62
15807,8,58,134.62
15827,8,59,137.16
15847,8,60,96.52
15865,8,61,101.60
15885,8,62,99.06
15904,8,63,96.52
15923,8,64,93.98
15941,8,65,96.52
15961,8,66,96.52
15979,8,67,96.52
15997,8,68,93.98
16016,8,69,91.44
16035,8,70,93.98
16054,8,71,93.98
16072,8,72,93.98
16091,8,73,96.52
16110,8,74,93.98
16129,8,75,91.44
16147,8,76,91.44
16166,8,77,91.44
16185,8,78,91.44
16203,8,79,91.44
16222,8,80,91.44
16241,8,81,91.44
16260,8,82,91.44
16278,8,83,96.52
16297,8,84,96.52
16316,8,85,93.98
16334,8,86,93.98
16353,8,87,93.98
16372,8,88,106.68
16392,8,89,96.52
-1,-1
16417,8,90,96.52
16437,8,89,93.98
16455,8,88,96.52
16474,8,87,99.06
16493,8,86,99.06
16512,8,85,99.06
16530,8,84,99.06
16548,8,83,99.06
16568,8,82,101.60
16587,8,81,101.60
16607,8,80,101.60
16627,8,79,101.60
16647,8,78,99.06
16665,8,77,99.06
16684,8,76,99.06
16703,8,75,99.06
16721,8,74,101.60
16741,8,73,96.52
16760,8,72,93.98
16779,8,71,101.60
16798,8,70,96.52
16817,8,69,93.98
16836,8,68,93.98
16855,8,67,93.98
16873,8,66,93.98
16892,8,65,96.52
16911,8,64,96.52
16929,8,63,96.52
16948,8,62,96.52
16967,8,61,96.52
16986,8,60,93.98
17004,8,59,93.98
17022,8,58,93.98
17042,8,57,96.52
17060,8,56,96.52
17079,8,55,96.52
17098,8,54,96.52
17117,8,53,114.30
17136,8,52,96.52
17155,8,51,96.52
17174,8,50,96.52
17192,8,49,93.98
17211,8,48,96.52
17230,8,47,96.52
17249,8,46,93.98
17267,8,45,93.98
17286,8,44,93.98
17305,8,43,96.52
17324,8,42,96.52
17342,8,41,99.06
17361,8,40,96.52
17380,8,39,99.06
17398,8,38,99.06
17417,8,37,99.06
17436,8,36,132.08
17456,8,35,134.62
17475,8,34,116.84
17496,8,33,109.22
17515,8,32,109.22
17534,8,31,132.08
17554,8,30,137.16
17574,8,29,116.84
17594,8,28,106.68
17613,8,27,106.68
17634,8,26,101.60
17653,8,25,99.06
17672,8,24,101.60
17692,8,23,104.14
17712,8,22,101.60
17731,8,21,104.14
17751,8,20,101.60
17771,8,19,101.60
17790,8,18,104.14
17810,8,17,101.60
17830,8,16,101.60
17850,8,15,101.60
17869,8,14,99.06
17888,8,13,101.60
17908,8,12,101.60
17928,8,11,101.60
17947,8,10,101.60
17968,8,9,101.60
17986,8,8,99.06
18003,8,7,99.06
18021,8,6,99.06
18039,8,5,96.52
18057,8,4,96.52
18074,8,3,96.52
18093,8,2,99.06
18110,8,1,99.06
-1,-1
18135,7,0,99.06
18152,7,1,101.60
18171,7,2,101.60
18190,7,3,101.60
18208,7,4,111.76
18228,7,5,99.06
18245,7,6,99.06
18263,7,7,99.06
18280,7,8,99.06
18298,7,9,99.06
18316,7,10,99.06
18334,7,11,99.06
18353,7,12,99.06
18372,7,13,99.06
18391,7,14,99.06
18409,7,15,99.06
18428,7,16,99.06
18447,7,17,99.06
18465,7,18,99.06
18484,7,19,99.06
18503,7,20,99.06
18522,7,21,99.06
18540,7,22,99.06
18560,7,23,99.06
18578,7,24,99.06
18596,7,25,99.06
18615,7,26,99.06
18634,7,27,99.06
18653,7,28,99.06
18671,7,29,99.06
18691,7,30,99.06
18709,7,31,99.06
18727,7,32,99.06
18746,7,33,99.06
18765,7,34,99.06
18784,7,35,99.06
18802,7,36,99.06
18821,7,37,99.06
18840,7,38,99.06
18859,7,39,99.06
18877,7,40,99.06
18896,7,41,99.06
18915,7,42,99.06
18933,7,43,99.06
18952,7,44,99.06
18971,7,45,99.06
18990,7,46,99.06
19008,7,47,99.06
19027,7,48,101.60
19047,7,49,99.06
19065,7,50,109.22
19085,7,51,132.08
19105,7,52,132.08
19125,7,53,132.08
19144,7,54,132.08
19165,7,55,132.08
19184,7,56,132.08
19204,7,57,132.08
19224,7,58,99.06
19243,7,59,99.06
19261,7,60,99.06
19279,7,61,96.52
19299,7,62,99.06
19317,7,63,96.52
19336,7,64,99.06
19355,7,65,109.22
19375,7,66,101.60
19394,7,67,99.06
19412,7,68,96.52
19432,7,69,99.06
19450,7,70,96.52
19469,7,71,101.60
19489,7,72,104.14
19509,7,73,101.60
19528,7,74,99.06
19547,7,75,96.52
19566,7,76,96.52
19585,7,77,99.06
19603,7,78,99.06
19622,7,79,99.06
19641,7,80,91.44
19659,7,81,91.44
19678,7,82,101.60
19698,7,83,132.08
19718,7,84,109.22
19737,7,85,96.52
19757,7,86,106.68
19776,7,87,96.52
19794,7,88,93.98
19813,7,89,96.52
-1,-1
19840,7,90,99.06
19858,7,89,99.06
19876,7,88,99.06
19896,7,87,99.06
19914,7,86,99.06
19933,7,85,96.52
19951,7,84,93.98
19971,7,83,96.52
19989,7,82,96.52
20007,7,81,93.98
20027,7,80,96.52
20045,7,79,114.30
20065,7,78,96.52
20083,7,77,96.52
20103,7,76,96.52
20121,7,75,96.52
20140,7,74,96.52
20159,7,73,99.06
20177,7,72,96.52
20196,7,71,96.52
20214,7,70,104.14
20235,7,69,96.52
20253,7,68,99.06
20272,7,67,96.52
20291,7,66,93.98
20310,7,65,93.98
20328,7,64,96.52
20346,7,63,96.52
20366,7,62,96.52
20384,7,61,99.06
20403,7,60,101.60
20423,7,59,104.14
20443,7,58,104.14
20462,7,57,101.60
20482,7,56,101.60
20502,7,55,104.14
20521,7,54,106.68
20541,7,53,109.22
20561,7,52,101.60
20581,7,51,104.14
20600,7,50,101.60
20621,7,49,106.68
20640,7,48,106.68
20660,7,47,106.68
20679,7,46,104.14
20700,7,45,106.68
20719,7,44,104.14
20739,7,43,99.06
20758,7,42,96.52
20776,7,41,101.60
20796,7,40,99.06
20814,7,39,132.08
20835,7,38,137.16
20854,7,37,137.16
20874,7,36,137.16
20894,7,35,139.70
20914,7,34,137.16
20933,7,33,139.70
20954,7,32,142.24
20973,7,31,144.78
20993,7,30,142.24
21012,7,29,111.76
21032,7,28,106.68
21052,7,27,106.68
21071,7,26,104.14
21092,7,25,106.68
21111,7,24,106.68
21131,7,23,106.68
21150,7,22,101.60
21171,7,21,101.60
21190,7,20,104.14
21210,7,19,106.68
21230,7,18,104.14
21250,7,17,106.68
21269,7,16,106.68
21289,7,15,106.68
21309,7,14,109.22
21328,7,13,106.68
21348,7,12,106.68
21368,7,11,104.14
21388,7,10,101.60
21407,7,9,109.22
21427,7,8,104.14
21445,7,7,104.14
21464,7,6,109.22
21482,7,5,111.76
21501,7,4,104.14
21520,7,3,104.14
21538,7,2,101.60
21558,7,1,101.60
-1,-1
21583,6,0,109.22
21602,6,1,109.22
21621,6,2,104.14
21640,6,3,104.14
21658,6,4,104.14
21677,6,5,104.14
21696,6,6,104.14
21714,6,7,106.68
21733,6,8,104.14
21752,6,9,104.14
21771,6,10,106.68
21790,6,11,106.68
21810,6,12,106.68
21830,6,13,106.68
21850,6,14,104.14
21869,6,15,104.14
21890,6,16,104.14
21909,6,17,104.14
21928,6,18,104.14
21948,6,19,104.14
21968,6,20,104.14
21988,6,21,104.14
22007,6,22,106.68
22028,6,23,106.68
22047,6,24,104.14
22067,6,25,101.60
22087,6,26,101.60
22107,6,27,101.60
22126,6,28,101.60
22146,6,29,101.60
22166,6,30,99.06
22184,6,31,99.06
22203,6,32,99.06
22222,6,33,99.06
22241,6,34,99.06
22259,6,35,99.06
22278,6,36,99.06
22297,6,37,99.06
22316,6,38,99.06
22334,6,39,99.06
22353,6,40,99.06
22372,6,41,99.06
22390,6,42,99.06
22409,6,43,99.06
22428,6,44,109.22
22448,6,45,101.60
22467,6,46,104.14
22488,6,47,104.14
22507,6,48,101.60
22526,6,49,101.60
22546,6,50,127.00
22566,6,51,132.08
22586,6,52,134.62
22605,6,53,134.62
22626,6,54,134.62
22645,6,55,137.16
22665,6,56,139.70
22685,6,57,139.70
22705,6,58,134.62
22724,6,59,132.08
22744,6,60,101.60
22764,6,61,101.60
22784,6,62,101.60
22803,6,63,93.98
22822,6,64,99.06
22841,6,65,93.98
22859,6,66,96.52
22878,6,67,96.52
22897,6,68,99.06
22916,6,69,104.14
22935,6,70,104.14
22956,6,71,99.06
22974,6,72,106.68
22993,6,73,99.06
23012,6,74,99.06
23031,6,75,96.52
23050,6,76,96.52
23068,6,77,99.06
23088,6,78,96.52
23106,6,79,104.14
23126,6,80,106.68
23145,6,81,104.14
23165,6,82,106.68
23185,6,83,104.14
23204,6,84,109.22
23225,6,85,104.14
23244,6,86,99.06
23263,6,87,101.60
23283,6,88,104.14
23303,6,89,104.14
-1,-1
23329,6,90,96.52
23349,6,89,109.22
23368,6,88,104.14
23388,6,87,101.60
23407,6,86,111.76
23428,6,85,116.84
23447,6,84,119.38
23467,6,83,111.76
23487,6,82,111.76
23506,6,81,106.68
23526,6,80,106.68
23545,6,79,106.68
23566,6,78,106.68
23585,6,77,111.76
23605,6,76,111.76
23625,6,75,111.76
23645,6,74,111.76
23664,6,73,124.46
23685,6,72,114.30
23704,6,71,121.92
23724,6,70,111.76
23743,6,69,106.68
23763,6,68,104.14
23783,6,67,99.06
23801,6,66,99.06
23821,6,65,99.06
23839,6,64,101.60
23859,6,63,99.06
23877,6,62,99.06
23897,6,61,99.06
23915,6,60,101.60
23934,6,59,99.06
23954,6,58,99.06
23972,6,57,99.06
23991,6,56,99.06
24009,6,55,101.60
24030,6,54,101.60
24049,6,53,101.60
24069,6,52,104.14
24089,6,51,106.68
24109,6,50,106.68
24128,6,49,104.14
24148,6,48,109.22
24168,6,47,109.22
24187,6,46,109.22
24207,6,45,106.68
24227,6,44,106.68
24247,6,43,96.52
24265,6,42,96.52
24285,6,41,104.14
24304,6,40,114.30
24324,6,39,114.30
24343,6,38,139.70
24364,6,37,182.88
24383,6,36,147.32
24402,6,35,144.78
24423,6,34,147.32
24442,6,33,152.40
24462,6,32,152.40
24482,6,31,152.40
24502,6,30,154.94
24521,6,29,142.24
24541,6,28,124.46
24561,6,27,129.54
24581,6,26,119.38
24600,6,25,114.30
24621,6,24,124.46
24640,6,23,106.68
24659,6,22,137.16
24680,6,21,119.38
24699,6,20,114.30
24719,6,19,111.76
24738,6,18,114.30
24759,6,17,104.14
24778,6,16,104.14
24798,6,15,104.14
24818,6,14,101.60
24838,6,13,109.22
24857,6,12,104.14
24877,6,11,104.14
24897,6,10,104.14
24916,6,9,101.60
24935,6,8,109.22
24954,6,7,109.22
24973,6,6,106.68
24991,6,5,104.14
25010,6,4,109.22
25029,6,3,106.68
25048,6,2,101.60
25066,6,1,104.14
-1,-1
25093,5,0,109.22
25111,5,1,104.14
25129,5,2,106.68
25149,5,3,104.14
25167,5,4,104.14
25186,5,5,104.14
25204,5,6,104.14
25224,5,7,104.14
25242,5,8,104.14
25261,5,9,104.14
25280,5,10,104.14
25299,5,11,104.14
25319,5,12,104.14
25338,5,13,104.14
25359,5,14,104.14
25378,5,15,104.14
25398,5,16,104.14
25418,5,17,104.14
25438,5,18,104.14
25457,5,19,104.14
25477,5,20,104.14
25497,5,21,104.14
25517,5,22,104.14
25536,5,23,104.14
25556,5,24,101.60
25576,5,25,101.60
25595,5,26,101.60
25616,5,27,99.06
25634,5,28,99.06
25653,5,29,99.06
25671,5,30,99.06
25691,5,31,99.06
25709,5,32,99.06
25728,5,33,99.06
25747,5,34,99.06
25765,5,35,99.06
25784,5,36,99.06
25802,5,37,106.68
25823,5,38,99.06
25841,5,39,99.06
25860,5,40,99.06
25879,5,41,99.06
25897,5,42,99.06
25916,5,43,101.60
25935,5,44,101.60
25956,5,45,101.60
25975,5,46,101.60
25995,5,47,99.06
26014,5,48,101.60
26034,5,49,104.14
26053,5,50,101.60
26073,5,51,129.54
26093,5,52,134.62
26113,5,53,134.62
26132,5,54,134.62
26152,5,55,134.62
26172,5,56,137.16
26191,5,57,139.70
26212,5,58,114.30
26231,5,59,101.60
26251,5,60,101.60
26270,5,61,99.06
26290,5,62,101.60
26309,5,63,93.98
26328,5,64,96.52
26347,5,65,96.52
26365,5,66,96.52
26384,5,67,101.60
26403,5,68,99.06
26423,5,69,101.60
26442,5,70,101.60
26462,5,71,99.06
26481,5,72,101.60
26501,5,73,99.06
26519,5,74,104.14
26539,5,75,109.22
26559,5,76,111.76
26578,5,77,114.30
26598,5,78,106.68
26618,5,79,106.68
26638,5,80,111.76
26657,5,81,109.22
26678,5,82,101.60
26697,5,83,104.14
26717,5,84,99.06
26735,5,85,99.06
26755,5,86,101.60
26774,5,87,114.30
26793,5,88,119.38
26814,5,89,99.06
-1,-1
26840,5,90,106.68
26859,5,89,109.22
26880,5,88,116.84
26899,5,87,101.60
26918,5,86,111.76
26938,5,85,111.76
26958,5,84,109.22
26978,5,83,111.76
26997,5,82,114.30
27018,5,81,116.84
27037,5,80,116.84
27057,5,79,114.30
27077,5,78,116.84
27097,5,77,116.84
27116,5,76,119.38
27136,5,75,114.30
27156,5,74,116.84
27175,5,73,109.22
27195,5,72,119.38
27215,5,71,111.76
27235,5,70,127.00
27254,5,69,101.60
27274,5,68,116.84
27294,5,67,116.84
27314,5,66,114.30
27333,5,65,111.76
27354,5,64,116.84
27373,5,63,129.54
27393,5,62,127.00
27413,5,61,134.62
27432,5,60,144.78
27452,5,59,127.00
27471,5,58,127.00
27492,5,57,114.30
27511,5,56,114.30
27531,5,55,127.00
27551,5,54,111.76
27571,5,53,109.22
27590,5,52,104.14
27611,5,51,106.68
27630,5,50,106.68
27650,5,49,109.22
27669,5,48,109.22
27689,5,47,111.76
27709,5,46,111.76
27728,5,45,111.76
27749,5,44,116.84
27768,5,43,114.30
27788,5,42,106.68
27808,5,41,116.84
27828,5,40,114.30
27847,5,39,119.38
27867,5,38,152.40
27887,5,37,215.90
27907,5,36,167.64
27926,5,35,162.56
27947,5,34,157.48
27966,5,33,144.78
27985,5,32,144.78
28005,5,31,144.78
28025,5,30,142.24
28045,5,29,129.54
28064,5,28,119.38
28085,5,27,119.38
28104,5,26,114.30
28124,5,25,114.30
28144,5,24,114.30
28164,5,23,124.46
28183,5,22,111.76
28203,5,21,109.22
28223,5,20,104.14
28242,5,19,109.22
28262,5,18,101.60
28282,5,17,99.06
28301,5,16,99.06
28319,5,15,99.06
28338,5,14,104.14
28358,5,13,104.14
28378,5,12,101.60
28397,5,11,106.68
28418,5,10,109.22
28437,5,9,109.22
28455,5,8,101.60
28475,5,7,96.52
28492,5,6,96.52
28510,5,5,99.06
28527,5,4,96.52
28546,5,3,99.06
28563,5,2,96.52
28580,5,1,96.52
-1,-1
28605,4,0,96.52
28623,4,1,96.52
28641,4,2,96.52
28658,4,3,93.98
28677,4,4,93.98
28694,4,5,96.52
28711,4,6,96.52
28729,4,7,96.52
28747,4,8,93.98
28765,4,9,93.98
28782,4,10,93.98
28801,4,11,93.98
28820,4,12,93.98
28838,4,13,93.98
28857,4,14,93.98
28876,4,15,93.98
28895,4,16,96.52
28913,4,17,96.52
28932,4,18,96.52
28951,4,19,93.98
28969,4,20,93.98
28988,4,21,96.52
29007,4,22,96.52
29026,4,23,96.52
29044,4,24,96.52
29063,4,25,96.52
29082,4,26,96.52
29101,4,27,96.52
29119,4,28,96.52
29137,4,29,96.52
29157,4,30,96.52
29175,4,31,96.52
29194,4,32,96.52
29213,4,33,96.52
29232,4,34,96.52
29250,4,35,96.52
29268,4,36,96.52
29288,4,37,96.52
29306,4,38,96.52
29325,4,39,96.52
29344,4,40,96.52
29363,4,41,96.52
29381,4,42,96.52
29400,4,43,96.52
29419,4,44,96.52
29437,4,45,99.06
29456,4,46,99.06
29475,4,47,99.06
29494,4,48,99.06
29512,4,49,99.06
29531,4,50,99.06
29550,4,51,132.08
29570,4,52,134.62
29589,4,53,137.16
29609,4,54,134.62
29629,4,55,134.62
29648,4,56,134.62
29668,4,57,139.70
29688,4,58,106.68
29708,4,59,99.06
29726,4,60,96.52
29746,4,61,101.60
29765,4,62,96.52
29784,4,63,96.52
29802,4,64,99.06
29821,4,65,93.98
29840,4,66,96.52
29858,4,67,96.52
29878,4,68,96.52
29896,4,69,99.06
29915,4,70,99.06
29933,4,71,96.52
29953,4,72,93.98
29971,4,73,99.06
29989,4,74,93.98
30009,4,75,104.14
30028,4,76,101.60
30048,4,77,99.06
30066,4,78,119.38
30087,4,79,119.38
30106,4,80,101.60
30126,4,81,101.60
30146,4,82,109.22
30166,4,83,106.68
30185,4,84,99.06
30204,4,85,99.06
30223,4,86,101.60
30242,4,87,101.60
30262,4,88,116.84
30282,4,89,116.84
-1,-1
30309,4,90,104.14
30328,4,89,101.60
30349,4,88,111.76
30368,4,87,101.60
30388,4,86,109.22
30408,4,85,101.60
30428,4,84,101.60
30447,4,83,109.22
30467,4,82,106.68
30487,4,81,101.60
30507,4,80,101.60
30526,4,79,101.60
30546,4,78,104.14
30566,4,77,104.14
30585,4,76,101.60
30606,4,75,101.60
30625,4,74,99.06
30644,4,73,99.06
30662,4,72,99.06
30682,4,71,96.52
30700,4,70,93.98
30718,4,69,101.60
30739,4,68,99.06
30757,4,67,96.52
30776,4,66,96.52
30794,4,65,101.60
30815,4,64,104.14
30834,4,63,109.22
30854,4,62,114.30
30874,4,61,111.76
30894,4,60,121.92
30913,4,59,114.30
30932,4,58,116.84
30953,4,57,114.30
30972,4,56,114.30
30992,4,55,116.84
31012,4,54,114.30
31032,4,53,109.22
31051,4,52,109.22
31072,4,51,106.68
31091,4,50,104.14
31111,4,49,104.14
31130,4,48,106.68
31151,4,47,104.14
31170,4,46,109.22
31190,4,45,109.22
31210,4,44,114.30
31229,4,43,111.76
31249,4,42,109.22
31269,4,41,111.76
31289,4,40,116.84
31308,4,39,119.38
31328,4,38,142.24
31348,4,37,154.94
31368,4,36,152.40
31387,4,35,152.40
31408,4,34,152.40
31427,4,33,152.40
31447,4,32,154.94
31466,4,31,152.40
31486,4,30,119.38
31506,4,29,119.38
31525,4,28,111.76
31546,4,27,119.38
31565,4,26,119.38
31585,4,25,111.76
31605,4,24,109.22
31625,4,23,116.84
31644,4,22,104.14
31664,4,21,111.76
31684,4,20,109.22
31704,4,19,106.68
31723,4,18,109.22
31744,4,17,104.14
31763,4,16,106.68
31782,4,15,106.68
31803,4,14,101.60
31822,4,13,104.14
31842,4,12,104.14
31861,4,11,106.68
31882,4,10,109.22
31901,4,9,104.14
31920,4,8,104.14
31939,4,7,101.60
31958,4,6,101.60
31976,4,5,106.68
31994,4,4,104.14
32014,4,3,99.06
32031,4,2,99.06
32049,4,1,101.60
-1,-1
32075,3,0,106.68
32094,3,1,104.14
32112,3,2,104.14
32131,3,3,104.14
32150,3,4,106.68
32168,3,5,104.14
32187,3,6,106.68
32206,3,7,106.68
32225,3,8,106.68
32243,3,9,106.68
32262,3,10,106.68
32282,3,11,106.68
32302,3,12,106.68
32321,3,13,106.68
32342,3,14,106.68
32361,3,15,106.68
32380,3,16,106.68
32401,3,17,106.68
32420,3,18,106.68
32440,3,19,106.68
32459,3,20,106.68
32480,3,21,106.68
32499,3,22,106.68
32519,3,23,106.68
32539,3,24,114.30
32559,3,25,114.30
32578,3,26,114.30
32598,3,27,106.68
32618,3,28,109.22
32637,3,29,111.76
32657,3,30,109.22
32677,3,31,111.76
32697,3,32,111.76
32716,3,33,111.76
32737,3,34,111.76
32756,3,35,109.22
32776,3,36,109.22
32795,3,37,109.22
32816,3,38,109.22
32835,3,39,109.22
32855,3,40,109.22
32875,3,41,109.22
32894,3,42,109.22
32914,3,43,109.22
32934,3,44,106.68
32954,3,45,106.68
32973,3,46,106.68
32993,3,47,109.22
33013,3,48,106.68
33033,3,49,109.22
33052,3,50,106.68
33073,3,51,137.16
33092,3,52,137.16
33112,3,53,144.78
33131,3,54,144.78
33152,3,55,139.70
33171,3,56,147.32
33190,3,57,142.24
33211,3,58,116.84
33230,3,59,101.60
33250,3,60,109.22
33270,3,61,96.52
33289,3,62,99.06
33307,3,63,93.98
33326,3,64,99.06
33345,3,65,111.76
33364,3,66,101.60
33384,3,67,116.84
33404,3,68,104.14
33424,3,69,104.14
33443,3,70,101.60
33463,3,71,101.60
33483,3,72,106.68
33503,3,73,101.60
33522,3,74,101.60
33543,3,75,119.38
33562,3,76,96.52
33581,3,77,99.06
33600,3,78,101.60
33619,3,79,109.22
33639,3,80,116.84
33658,3,81,106.68
33679,3,82,99.06
33697,3,83,93.98
33716,3,84,91.44
33735,3,85,93.98
33754,3,86,93.98
33772,3,87,96.52
33790,3,88,96.52
33810,3,89,99.06
-1,-1
33836,3,90,93.98
33854,3,89,101.60
33874,3,88,99.06
33893,3,87,96.52
33911,3,86,96.52
33930,3,85,104.14
33950,3,84,101.60
33970,3,83,104.14
33989,3,82,104.14
34010,3,81,104.14
34029,3,80,101.60
34049,3,79,101.60
34069,3,78,104.14
34088,3,77,104.14
34108,3,76,101.60
34127,3,75,101.60
34148,3,74,96.52
34166,3,73,104.14
34186,3,72,119.38
34206,3,71,99.06
34225,3,70,106.68
34244,3,69,111.76
34265,3,68,114.30
34284,3,67,99.06
34302,3,66,109.22
34322,3,65,104.14
34342,3,64,106.68
34362,3,63,104.14
34381,3,62,99.06
34401,3,61,96.52
34419,3,60,96.52
34438,3,59,96.52
34456,3,58,99.06
34476,3,57,99.06
34494,3,56,99.06
34512,3,55,99.06
34532,3,54,99.06
34550,3,53,106.68
34570,3,52,104.14
34589,3,51,104.14
34610,3,50,104.14
34629,3,49,101.60
34649,3,48,104.14
34669,3,47,101.60
34689,3,46,101.60
34708,3,45,99.06
34726,3,44,99.06
34746,3,43,99.06
34764,3,42,99.06
34783,3,41,99.06
34802,3,40,101.60
34822,3,39,101.60
34841,3,38,101.60
34861,3,37,137.16
34881,3,36,139.70
34900,3,35,139.70
34920,3,34,139.70
34940,3,33,137.16
34960,3,32,139.70
34979,3,31,137.16
35000,3,30,109.22
35019,3,29,106.68
35039,3,28,106.68
35058,3,27,104.14
35079,3,26,104.14
35098,3,25,104.14
35118,3,24,101.60
35138,3,23,101.60
35158,3,22,99.06
35176,3,21,99.06
35194,3,20,99.06
35214,3,19,101.60
35233,3,18,99.06
35252,3,17,101.60
35272,3,16,101.60
35292,3,15,101.60
35311,3,14,101.60
35332,3,13,101.60
35351,3,12,101.60
35371,3,11,101.60
35390,3,10,101.60
35410,3,9,101.60
35429,3,8,101.60
35447,3,7,99.06
35466,3,6,99.06
35483,3,5,101.60
35502,3,4,99.06
35519,3,3,101.60
35538,3,2,99.06
35556,3,1,99.06
-1,-1
35580,2,0,99.06
35599,2,1,99.06
35616,2,2,99.06
35634,2,3,99.06
35651,2,4,99.06
35670,2,5,99.06
35687,2,6,99.06
35704,2,7,99.06
35722,2,8,99.06
35740,2,9,99.06
35758,2,10,99.06
35776,2,11,99.06
35795,2,12,99.06
35814,2,13,99.06
35832,2,14,99.06
35851,2,15,99.06
35870,2,16,99.06
35889,2,17,99.06
35907,2,18,99.06
35926,2,19,99.06
35945,2,20,99.06
35963,2,21,99.06
35982,2,22,99.06
36001,2,23,96.52
36020,2,24,96.52
36038,2,25,99.06
36057,2,26,101.60
36077,2,27,101.60
36097,2,28,99.06
36115,2,29,99.06
36134,2,30,99.06
36153,2,31,99.06
36171,2,32,99.06
36190,2,33,99.06
36209,2,34,99.06
36228,2,35,99.06
36246,2,36,99.06
36265,2,37,99.06
36284,2,38,99.06
36302,2,39,99.06
36321,2,40,99.06
36340,2,41,99.06
36359,2,42,99.06
36377,2,43,99.06
36397,2,44,99.06
36415,2,45,99.06
36433,2,46,101.60
36453,2,47,101.60
36473,2,48,104.14
36493,2,49,104.14
36512,2,50,104.14
36533,2,51,104.14
36552,2,52,134.62
36572,2,53,134.62
36591,2,54,134.62
36612,2,55,134.62
36631,2,56,134.62
36651,2,57,134.62
36671,2,58,134.62
36690,2,59,99.06
36709,2,60,96.52
36728,2,61,96.52
36747,2,62,96.52
36765,2,63,93.98
36784,2,64,93.98
36803,2,65,93.98
36822,2,66,93.98
36840,2,67,93.98
36858,2,68,96.52
36878,2,69,96.52
36896,2,70,96.52
36915,2,71,99.06
36934,2,72,111.76
36954,2,73,104.14
36973,2,74,101.60
36994,2,75,99.06
37012,2,76,99.06
37030,2,77,111.76
37050,2,78,127.00
37070,2,79,101.60
37090,2,80,99.06
37108,2,81,93.98
37128,2,82,93.98
37146,2,83,106.68
37166,2,84,104.14
37185,2,85,114.30
37206,2,86,101.60
37225,2,87,101.60
37244,2,88,99.06
37264,2,89,101.60
-1,-1
37291,2,90,99.06
37309,2,89,96.52
37328,2,88,104.14
37348,2,87,101.60
37367,2,86,96.52
37386,2,85,93.98
37405,2,84,93.98
37424,2,83,93.98
37442,2,82,93.98
37462,2,81,93.98
37480,2,80,93.98
37498,2,79,93.98
37517,2,78,93.98
37536,2,77,93.98
37555,2,76,93.98
37573,2,75,93.98
37593,2,74,93.98
37611,2,73,96.52
37629,2,72,93.98
37648,2,71,96.52
37667,2,70,101.60
37687,2,69,93.98
37705,2,68,93.98
37724,2,67,93.98
37743,2,66,93.98
37762,2,65,93.98
37780,2,64,93.98
37799,2,63,96.52
37818,2,62,99.06
37836,2,61,99.06
37855,2,60,106.68
37875,2,59,106.68
37895,2,58,106.68
37914,2,57,104.14
37935,2,56,109.22
37954,2,55,106.68
37974,2,54,99.06
37993,2,53,99.06
38011,2,52,99.06
38030,2,51,101.60
38049,2,50,99.06
38069,2,49,99.06
38087,2,48,99.06
38106,2,47,99.06
38125,2,46,99.06
38144,2,45,96.52
38162,2,44,96.52
38180,2,43,96.52
38200,2,42,96.52
38218,2,41,96.52
38237,2,40,99.06
38255,2,39,99.06
38275,2,38,111.76
38294,2,37,137.16
38313,2,36,137.16
38334,2,35,137.16
38353,2,34,137.16
38373,2,33,137.16
38393,2,32,137.16
38413,2,31,137.16
38432,2,30,106.68
38452,2,29,109.22
38472,2,28,106.68
38492,2,27,101.60
38511,2,26,101.60
38532,2,25,101.60
38551,2,24,104.14
38571,2,23,101.60
38591,2,22,104.14
38610,2,21,101.60
38630,2,20,101.60
38649,2,19,101.60
38670,2,18,101.60
38689,2,17,104.14
38709,2,16,101.60
38729,2,15,104.14
38749,2,14,101.60
38768,2,13,104.14
38788,2,12,104.14
38808,2,11,104.14
38828,2,10,101.60
38847,2,9,104.14
38866,2,8,104.14
38885,2,7,104.14
38903,2,6,104.14
38922,2,5,106.68
38941,2,4,106.68
38960,2,3,106.68
38978,2,2,106.68
38998,2,1,106.68
-1,-1
39023,1,0,104.14
39042,1,1,106.68
39061,1,2,106.68
39079,1,3,106.68
39098,1,4,104.14
39116,1,5,104.14
39136,1,6,104.14
39154,1,7,104.14
39173,1,8,104.14
39192,1,9,106.68
39211,1,10,104.14
39230,1,11,106.68
39249,1,12,106.68
39270,1,13,104.14
39289,1,14,104.14
39309,1,15,106.68
39329,1,16,104.14
39349,1,17,104.14
39368,1,18,104.14
39388,1,19,104.14
39408,1,20,104.14
39428,1,21,104.14
39447,1,22,106.68
39468,1,23,104.14
39487,1,24,106.68
39506,1,25,111.76
39527,1,26,114.30
39546,1,27,116.84
39566,1,28,116.84
39585,1,29,111.76
39606,1,30,109.22
39625,1,31,109.22
39645,1,32,106.68
39665,1,33,106.68
39685,1,34,106.68
39704,1,35,104.14
39725,1,36,106.68
39744,1,37,106.68
39763,1,38,104.14
39783,1,39,104.14
39803,1,40,104.14
39823,1,41,104.14
39842,1,42,104.14
39863,1,43,106.68
39882,1,44,106.68
39902,1,45,109.22
39922,1,46,109.22
39942,1,47,109.22
39961,1,48,111.76
39981,1,49,111.76
40001,1,50,109.22
40020,1,51,139.70
40040,1,52,139.70
40060,1,53,144.78
40080,1,54,139.70
40099,1,55,139.70
40119,1,56,137.16
40139,1,57,137.16
40159,1,58,111.76
40178,1,59,99.06
40198,1,60,99.06
40216,1,61,96.52
40235,1,62,96.52
40253,1,63,96.52
40272,1,64,96.52
40291,1,65,96.52
40309,1,66,96.52
40329,1,67,96.52
40347,1,68,99.06
40366,1,69,99.06
40384,1,70,99.06
40403,1,71,104.14
40423,1,72,101.60
40442,1,73,101.60
40463,1,74,104.14
40482,1,75,99.06
40501,1,76,93.98
40519,1,77,91.44
40539,1,78,91.44
40557,1,79,91.44
40576,1,80,91.44
40595,1,81,91.44
40613,1,82,91.44
40632,1,83,91.44
40650,1,84,91.44
40670,1,85,88.90
40688,1,86,88.90
40707,1,87,88.90
40726,1,88,88.90
40744,1,89,88.90
-1,-1
40770,1,90,88.90
40790,1,89,91.44
40808,1,88,88.90
40826,1,87,88.90
40845,1,86,88.90
40864,1,85,88.90
40883,1,84,88.90
40901,1,83,88.90
40921,1,82,88.90
40939,1,81,88.90
40957,1,80,88.90
40976,1,79,88.90
40995,1,78,88.90
41014,1,77,88.90
41032,1,76,88.90
41051,1,75,88.90
41070,1,74,88.90
41089,1,73,91.44
41107,1,72,91.44
41126,1,71,91.44
41145,1,70,93.98
41163,1,69,93.98
41182,1,68,91.44
41201,1,67,93.98
41220,1,66,91.44
41238,1,65,101.60
41259,1,64,93.98
41277,1,63,93.98
41295,1,62,93.98
41314,1,61,91.44
41333,1,60,91.44
41352,1,59,91.44
41370,1,58,91.44
41390,1,57,91.44
41408,1,56,91.44
41426,1,55,91.44
41445,1,54,91.44
41464,1,53,93.98
41483,1,52,91.44
41501,1,51,93.98
41521,1,50,91.44
41539,1,49,91.44
41558,1,48,93.98
41576,1,47,93.98
41595,1,46,93.98
41614,1,45,91.44
41632,1,44,93.98
41651,1,43,93.98
41670,1,42,93.98
41689,1,41,93.98
41707,1,40,96.52
41726,1,39,96.52
41745,1,38,96.52
41763,1,37,132.08
41783,1,36,134.62
41803,1,35,134.62
41823,1,34,134.62
41842,1,33,134.62
41863,1,32,134.62
41882,1,31,134.62
41902,1,30,106.68
41922,1,29,104.14
41942,1,28,104.14
41961,1,27,99.06
41979,1,26,99.06
41999,1,25,99.06
42017,1,24,99.06
42036,1,23,99.06
42055,1,22,99.06
42074,1,21,99.06
42092,1,20,99.06
42110,1,19,99.06
42130,1,18,99.06
42148,1,17,99.06
42167,1,16,99.06
42186,1,15,99.06
42205,1,14,99.06
42223,1,13,99.06
42242,1,12,99.06
42261,1,11,99.06
42279,1,10,99.06
42298,1,9,96.52
42315,1,8,99.06
42334,1,7,96.52
42351,1,6,96.52
42369,1,5,96.52
42387,1,4,96.52
42404,1,3,99.06
42422,1,2,96.52
42439,1,1,96.52
-1,-1
