14,127.00
30,129.54
46,129.54
61,129.54
77,129.54
93,127.00
108,127.00
123,127.00
140,127.00
155,127.00
171,127.00
187,114.30
202,111.76
218,111.76
234,114.30
249,111.76
265,111.76
281,114.30
296,111.76
312,111.76
328,111.76
344,111.76
359,111.76
375,111.76
391,111.76
406,111.76
422,111.76
438,147.32
453,157.48
470,157.48
485,137.16
500,129.54
517,132.08
532,121.92
547,114.30
564,114.30
579,116.84
594,114.30
611,114.30
626,114.30
642,114.30
658,114.30
673,114.30
689,116.84
705,116.84
720,116.84
736,116.84
752,116.84
768,116.84
783,129.54
799,157.48
815,157.48
830,160.02
846,160.02
862,160.02
877,160.02
893,160.02
909,160.02
924,160.02
941,160.02
956,160.02
971,160.02
988,160.02
1003,160.02
1018,157.48
1035,160.02
1050,160.02
1067,160.02
1082,160.02
1097,160.02
1114,160.02
1129,127.00
1144,114.30
1161,114.30
1176,114.30
1192,111.76
1208,111.76
1223,114.30
1240,111.76
1255,111.76
1270,111.76
1287,111.76
1302,111.76
1318,111.76
1334,111.76
1349,111.76
1366,114.30
1381,114.30
1396,111.76
1413,111.76
1428,111.76
1444,111.76
1460,111.76
1475,111.76
1491,111.76
1507,109.22
1522,111.76
1539,109.22
1554,109.22
1570,109.22
1586,109.22
1601,111.76
1617,109.22
1633,111.76
1648,111.76
1665,111.76
1680,111.76
1696,111.76
1712,111.76
1727,111.76
1743,111.76
1759,111.76
1774,111.76
1790,111.76
1806,111.76
1822,111.76
1838,111.76
1853,111.76
1869,114.30
1885,114.30
1900,111.76
1916,114.30
1932,114.30
1948,111.76
1964,114.30
1979,111.76
1995,111.76
2011,111.76
2026,111.76
2042,111.76
2058,111.76
2074,114.30
2089,114.30
2105,114.30
2121,119.38
2137,127.00
2152,127.00
2168,127.00
2184,127.00
2200,127.00
2215,127.00
2231,127.00
2247,127.00
2263,127.00
2278,127.00
2294,127.00
2310,127.00
2326,127.00
2341,127.00
2357,127.00
2373,114.30
2388,111.76
2404,114.30
2420,111.76
2436,111.76
2452,111.76
2467,111.76
2483,111.76
2499,111.76
2514,111.76
2530,109.22
2546,109.22
2562,111.76
2578,111.76
2593,111.76
2609,111.76
2625,109.22
2640,109.22
2656,109.22
2672,111.76
2688,111.76
-1,-1
3703,104.14
3720,104.14
3735,104.14
3750,104.14
3767,104.14
3782,104.14
3799,104.14
3814,104.14
3829,104.14
3846,104.14
3861,104.14
3876,104.14
3893,104.14
3908,109.22
3924,109.22
3940,109.22
3955,109.22
3972,109.22
3987,109.22
4002,109.22
4019,109.22
4034,109.22
4050,109.22
4066,109.22
4081,109.22
4098,109.22
4113,111.76
4128,111.76
4145,111.76
4160,111.76
4176,111.76
4192,111.76
4207,111.76
4224,111.76
4239,111.76
4254,114.30
4271,114.30
4286,114.30
4302,114.30
4318,124.46
4333,124.46
4349,124.46
4365,127.00
4380,127.00
4397,129.54
4412,127.00
4428,127.00
4444,127.00
4459,124.46
4475,124.46
4491,124.46
4506,50.80
4523,40.64
4538,40.64
4553,71.12
4570,111.76
4585,114.30
4601,114.30
4617,111.76
4632,111.76
4648,111.76
4664,114.30
4679,111.76
4696,111.76
4711,111.76
4727,111.76
4743,111.76
4758,111.76
4774,111.76
4790,111.76
4805,111.76
4822,114.30
4837,114.30
4853,114.30
4869,111.76
4884,114.30
4900,111.76
4916,109.22
4931,109.22
4947,109.22
4963,109.22
4979,109.22
4995,111.76
5010,109.22
5026,111.76
5042,111.76
5058,111.76
5073,111.76
5089,111.76
5105,111.76
5121,111.76
5136,111.76
5152,111.76
5168,111.76
5184,111.76
5199,114.30
5215,111.76
5231,111.76
5246,111.76
5262,111.76
5278,111.76
5294,111.76
5310,114.30
5325,111.76
5341,111.76
5357,111.76
5372,111.76
5388,114.30
5404,114.30
5420,114.30
5436,114.30
5451,114.30
5467,111.76
5483,111.76
5498,114.30
5514,114.30
5530,116.84
5545,116.84
5562,154.94
5577,157.48
5593,157.48
5609,160.02
5624,160.02
5640,160.02
5656,160.02
5671,160.02
5688,160.02
5703,160.02
5719,160.02
5735,160.02
5750,160.02
5766,162.56
5782,162.56
5797,160.02
5814,160.02
5829,160.02
5844,160.02
5861,160.02
5876,160.02
5892,149.86
5908,116.84
5923,116.84
5940,116.84
5955,114.30
5970,116.84
5987,116.84
6002,114.30
6018,114.30
6034,116.84
6049,114.30
6065,114.30
6081,114.30
6096,114.30
6113,114.30
6128,114.30
6144,114.30
6160,114.30
6175,114.30
6192,60.96
6207,40.64
6222,38.10
6239,38.10
6254,40.64
6269,40.64
6286,38.10
6301,109.22
6317,114.30
6333,114.30
6348,116.84
6364,114.30
6380,116.84
-1,-1
7396,114.30
7411,116.84
7427,114.30
7443,114.30
7458,114.30
7475,114.30
7490,116.84
7505,114.30
7522,116.84
7537,114.30
7553,114.30
7569,114.30
7584,116.84
7601,114.30
7616,114.30
7631,114.30
7648,114.30
7663,114.30
7680,114.30
7695,114.30
7710,114.30
7727,114.30
7742,114.30
7757,114.30
7774,114.30
7789,119.38
7805,116.84
7821,116.84
7836,114.30
7853,114.30
7868,114.30
7883,114.30
7900,114.30
7915,116.84
7931,116.84
7947,114.30
7962,114.30
7979,114.30
7994,114.30
8009,116.84
8026,114.30
8041,116.84
8057,114.30
8073,116.84
8088,129.54
8104,129.54
8120,129.54
8135,129.54
8152,129.54
8167,129.54
8183,137.16
8199,157.48
8214,160.02
8230,160.02
8246,160.02
8261,160.02
8278,160.02
8293,160.02
8309,160.02
8325,160.02
8340,160.02
8356,160.02
8372,160.02
8387,160.02
8403,160.02
8419,160.02
8435,121.92
8451,116.84
8466,114.30
8482,114.30
8498,111.76
8513,111.76
8529,114.30
8545,111.76
8561,111.76
8577,111.76
8592,111.76
8608,111.76
8624,111.76
8639,111.76
8655,114.30
8671,111.76
8687,111.76
8702,111.76
8718,111.76
8734,111.76
8750,111.76
8765,114.30
8781,111.76
8797,111.76
8813,111.76
8828,111.76
8844,111.76
8860,111.76
8876,111.76
8891,111.76
8907,111.76
8923,111.76
8939,111.76
8954,111.76
8970,111.76
8986,111.76
9001,111.76
9017,111.76
9033,111.76
9049,114.30
9065,114.30
9080,111.76
9096,111.76
9112,114.30
9127,111.76
9143,111.76
9159,111.76
9175,111.76
9191,114.30
9206,111.76
9222,111.76
9238,111.76
9253,111.76
9269,111.76
9285,111.76
9300,111.76
9317,111.76
9332,114.30
9348,111.76
9364,111.76
9379,114.30
9395,111.76
9411,114.30
9426,114.30
9443,114.30
9458,114.30
9474,124.46
9490,124.46
9505,127.00
9522,127.00
9537,127.00
9552,127.00
9569,127.00
9584,127.00
9600,127.00
9616,129.54
9631,127.00
9647,127.00
9663,127.00
9678,127.00
9695,129.54
9710,127.00
9725,124.46
9742,124.46
9757,124.46
9773,127.00
9789,124.46
9804,124.46
9821,114.30
9836,114.30
9851,114.30
9868,111.76
9883,111.76
9900,111.76
9915,111.76
9930,111.76
9947,111.76
9962,111.76
9977,111.76
9994,111.76
10009,111.76
10025,109.22
10041,109.22
10056,109.22
10073,106.68
-1,-1
11088,93.98
11104,93.98
11120,93.98
11136,93.98
11151,93.98
11167,93.98
11183,93.98
11199,93.98
11214,106.68
11230,106.68
11246,106.68
11261,96.52
11278,96.52
11293,93.98
11309,104.14
11325,106.68
11340,109.22
11357,109.22
11372,109.22
11387,109.22
11404,109.22
11419,111.76
11436,111.76
11451,111.76
11467,111.76
11483,111.76
11498,114.30
11514,114.30
11530,111.76
11546,111.76
11561,111.76
11577,114.30
11593,114.30
11609,114.30
11625,114.30
11640,114.30
11657,119.38
11672,121.92
11687,121.92
11704,124.46
11719,124.46
11736,124.46
11751,127.00
11766,124.46
11783,124.46
11798,124.46
11814,124.46
11830,124.46
11846,124.46
11862,127.00
11877,127.00
11893,127.00
11909,142.24
11925,157.48
11940,157.48
11957,58.42
11972,43.18
11987,40.64
12004,58.42
12019,152.40
12035,157.48
12051,142.24
12066,114.30
12083,111.76
12098,111.76
12114,111.76
12130,111.76
12145,111.76
12162,111.76
12177,111.76
12193,111.76
12209,111.76
12224,111.76
12240,111.76
12256,111.76
12272,111.76
12288,111.76
12304,111.76
12319,111.76
12335,111.76
12351,111.76
12366,111.76
12383,111.76
12398,111.76
12414,111.76
12430,111.76
12445,111.76
12462,109.22
12477,109.22
12493,109.22
12509,109.22
12524,109.22
12540,109.22
12556,111.76
12572,111.76
12588,114.30
12604,111.76
12619,111.76
12635,114.30
12651,111.76
12666,114.30
12683,114.30
12698,114.30
12715,111.76
12730,111.76
12745,111.76
12762,111.76
12777,111.76
12793,111.76
12809,111.76
12825,111.76
12840,111.76
12856,154.94
12872,162.56
12888,162.56
12904,119.38
12919,116.84
12935,116.84
12951,127.00
12966,157.48
12983,160.02
12998,160.02
13015,160.02
13030,160.02
13045,160.02
13062,160.02
13077,160.02
13093,160.02
13109,160.02
13124,160.02
13140,160.02
13156,160.02
13172,160.02
13188,160.02
13203,160.02
13219,160.02
13235,160.02
13251,124.46
13266,116.84
13283,116.84
13298,129.54
13314,129.54
13330,129.54
13345,121.92
13362,119.38
13377,119.38
13393,116.84
13409,114.30
13424,114.30
13441,114.30
13456,114.30
13472,114.30
13488,114.30
13503,114.30
13519,116.84
13535,114.30
13551,114.30
13566,114.30
13583,114.30
13598,114.30
13614,114.30
13630,114.30
13645,111.76
13662,111.76
13677,114.30
13693,111.76
13709,111.76
13724,111.76
13741,111.76
13756,111.76
13772,111.76
-1,-1
14788,114.30
14803,114.30
14819,116.84
14835,114.30
14851,114.30
14867,114.30
14882,114.30
14899,114.30
14914,114.30
14929,114.30
14946,114.30
14961,114.30
14978,114.30
14993,114.30
15009,114.30
15025,114.30
15040,114.30
15056,114.30
15072,114.30
15088,114.30
15104,114.30
15119,114.30
15135,114.30
15151,114.30
15167,114.30
15182,114.30
15199,111.76
15214,111.76
15229,114.30
15246,111.76
15261,114.30
15278,114.30
15293,114.30
15309,114.30
15325,114.30
15340,114.30
15356,114.30
15372,114.30
15388,114.30
15404,114.30
15419,114.30
15435,114.30
15451,114.30
15467,114.30
15482,116.84
15499,116.84
15514,116.84
15529,121.92
15546,132.08
15561,132.08
15578,132.08
15593,157.48
15609,157.48
15625,160.02
15640,162.56
15656,160.02
15672,162.56
15688,160.02
15704,160.02
15719,160.02
15735,160.02
15751,160.02
15767,160.02
15782,160.02
15799,160.02
15814,160.02
15830,160.02
15846,160.02
15861,160.02
15878,132.08
15893,114.30
15908,114.30
15925,114.30
15940,111.76
15956,111.76
15972,114.30
15988,111.76
16004,114.30
16019,114.30
16035,111.76
16051,111.76
16067,114.30
16082,111.76
16098,111.76
16114,111.76
16130,111.76
16146,111.76
16161,111.76
16178,111.76
16193,111.76
16208,111.76
16225,111.76
16240,111.76
16257,111.76
16272,111.76
16288,111.76
16304,111.76
16319,111.76
16335,111.76
16351,111.76
16367,114.30
16382,114.30
16398,114.30
16414,111.76
16430,111.76
16446,111.76
16461,111.76
16478,111.76
16493,111.76
16508,111.76
16525,111.76
16540,114.30
16557,114.30
16572,114.30
16588,111.76
16604,111.76
16619,111.76
16635,111.76
16651,111.76
16667,114.30
16683,111.76
16698,111.76
16714,111.76
16730,111.76
16746,111.76
16761,114.30
16778,114.30
16793,114.30
16808,114.30
16825,114.30
16840,114.30
16857,114.30
16872,129.54
16888,157.48
16904,160.02
16919,144.78
16935,127.00
16951,127.00
16967,127.00
16983,127.00
16998,127.00
17014,129.54
17030,129.54
17046,129.54
17061,129.54
17078,127.00
17093,127.00
17108,127.00
17125,124.46
17140,124.46
17157,127.00
17172,114.30
17187,111.76
17204,111.76
17219,111.76
17235,111.76
17251,111.76
17267,111.76
17283,111.76
17298,111.76
17314,111.76
17330,109.22
17346,109.22
17361,111.76
17377,109.22
17393,109.22
17409,109.22
17425,109.22
17440,109.22
17457,109.22
17472,109.22
-1,-1
18488,93.98
18503,96.52
18520,93.98
18535,93.98
18551,93.98
18567,96.52
18582,96.52
18598,96.52
18614,109.22
18629,109.22
18646,109.22
18661,99.06
18677,99.06
18693,96.52
18708,104.14
18724,109.22
18740,109.22
18756,109.22
18771,109.22
18788,111.76
18803,111.76
18819,111.76
18835,111.76
18850,111.76
18867,111.76
18882,111.76
18898,111.76
18914,111.76
18929,114.30
18946,111.76
18961,111.76
18977,111.76
18993,111.76
19008,114.30
19024,111.76
19040,111.76
19056,119.38
19072,124.46
19088,124.46
19103,124.46
19119,127.00
19135,127.00
19150,127.00
19167,127.00
19182,127.00
19197,127.00
19214,129.54
19229,129.54
19246,129.54
19261,149.86
19277,157.48
19293,157.48
19308,157.48
19324,157.48
19340,157.48
19356,121.92
19372,114.30
19388,114.30
19403,114.30
19419,111.76
19435,114.30
19450,111.76
19467,111.76
19482,111.76
19497,111.76
19514,111.76
19529,111.76
19546,114.30
19561,111.76
19577,111.76
19593,111.76
19608,111.76
19624,111.76
19640,111.76
19656,111.76
19672,111.76
19688,111.76
19703,114.30
19719,111.76
19735,111.76
19750,111.76
19767,111.76
19782,111.76
19798,111.76
19814,111.76
19829,111.76
19846,111.76
19861,111.76
19877,111.76
19893,111.76
19908,111.76
19924,111.76
19940,111.76
19956,111.76
19972,111.76
19988,111.76
20003,114.30
20019,111.76
20035,111.76
20050,114.30
20067,111.76
20082,111.76
20098,111.76
20114,111.76
20129,114.30
20146,114.30
20161,111.76
20177,111.76
20193,111.76
20208,114.30
20225,114.30
20240,116.84
20256,111.76
20272,111.76
20288,111.76
20303,114.30
20319,114.30
20335,114.30
20350,142.24
20367,160.02
20382,160.02
20398,160.02
20414,160.02
20429,160.02
20446,160.02
20461,160.02
20477,160.02
20493,160.02
20508,160.02
20525,160.02
20540,160.02
20556,134.62
20572,134.62
20587,134.62
20603,132.08
20619,132.08
20635,132.08
20651,132.08
20667,132.08
20682,132.08
20698,132.08
20714,134.62
20729,132.08
20746,121.92
20761,116.84
20776,116.84
20793,116.84
20808,114.30
20825,114.30
20840,114.30
20856,114.30
20872,114.30
20887,114.30
20903,114.30
20919,114.30
20935,114.30
20951,114.30
20967,114.30
20982,116.84
20998,114.30
21014,114.30
21029,114.30
21046,114.30
21061,116.84
21076,114.30
21093,50.80
21108,40.64
21125,40.64
21140,66.04
21155,111.76
21172,114.30
-1,-1
22188,114.30
22203,114.30
22219,114.30
22235,116.84
22251,116.84
22266,116.84
22282,119.38
22298,116.84
22313,116.84
22330,73.66
22345,43.18
22361,40.64
22377,40.64
22392,111.76
22409,116.84
22424,114.30
22439,43.18
22456,38.10
22471,38.10
22488,99.06
22503,114.30
22518,114.30
22535,114.30
22550,114.30
22566,114.30
22582,111.76
22597,111.76
22614,111.76
22629,114.30
22645,111.76
22661,114.30
22677,111.76
22692,114.30
22708,114.30
22724,114.30
22739,114.30
22756,114.30
22771,114.30
22788,114.30
22803,114.30
22818,114.30
22835,116.84
22850,116.84
22866,116.84
22882,127.00
22897,129.54
22914,129.54
22929,129.54
22945,129.54
22961,132.08
22977,132.08
22992,160.02
23008,160.02
23024,160.02
23040,160.02
23056,160.02
23071,160.02
23087,160.02
23103,160.02
23118,160.02
23135,162.56
23150,162.56
23166,160.02
23182,160.02
23197,160.02
23214,160.02
23229,160.02
23245,160.02
23261,160.02
23276,132.08
23292,116.84
23308,114.30
23324,114.30
23340,114.30
23356,116.84
23371,116.84
23387,114.30
23403,114.30
23418,114.30
23435,116.84
23450,116.84
23467,116.84
23482,111.76
23497,111.76
23514,111.76
23529,111.76
23545,111.76
23561,111.76
23576,111.76
23592,111.76
23608,111.76
23624,111.76
23640,111.76
23656,111.76
23671,114.30
23687,111.76
23703,111.76
23718,111.76
23735,114.30
23750,111.76
23767,111.76
23782,109.22
23797,109.22
23814,109.22
23829,111.76
23845,111.76
23861,111.76
23876,111.76
23892,111.76
23908,111.76
23924,111.76
23940,111.76
23956,111.76
23971,114.30
23987,111.76
24003,114.30
24018,111.76
24035,114.30
24050,114.30
24067,114.30
24082,111.76
24097,111.76
24114,111.76
24129,111.76
24145,111.76
24161,111.76
24176,114.30
24193,114.30
24208,114.30
24224,139.70
24240,160.02
24256,160.02
24271,129.54
24287,116.84
24303,116.84
24318,119.38
24335,127.00
24350,127.00
24366,127.00
24382,127.00
24397,127.00
24414,127.00
24429,127.00
24445,127.00
24461,127.00
24476,129.54
24493,127.00
24508,129.54
24524,124.46
24540,124.46
24555,124.46
24571,116.84
24587,114.30
24603,111.76
24619,111.76
24635,111.76
24650,111.76
24666,111.76
24682,111.76
24697,111.76
24714,111.76
24729,111.76
24745,111.76
24761,111.76
24776,114.30
24793,111.76
24808,109.22
24824,43.18
24840,40.64
24855,40.64
24871,99.06
-1,-1
25887,96.52
25903,96.52
25919,96.52
25934,96.52
25950,96.52
25966,96.52
25981,96.52
25997,96.52
26013,109.22
26029,109.22
26045,109.22
26060,104.14
26076,101.60
26092,104.14
26107,106.68
26124,109.22
26139,109.22
26156,109.22
26171,109.22
26186,109.22
26203,109.22
26218,111.76
26234,111.76
26250,114.30
26266,111.76
26281,111.76
26297,111.76
26313,45.72
26329,40.64
26345,40.64
26360,38.10
26376,40.64
26392,40.64
26407,86.36
26423,111.76
26439,111.76
26455,114.30
26471,114.30
26486,114.30
26503,114.30
26518,124.46
26533,124.46
26550,124.46
26565,127.00
26582,127.00
26597,127.00
26612,127.00
26629,127.00
26644,127.00
26660,129.54
26676,129.54
26692,129.54
26707,142.24
26723,157.48
26739,160.02
26755,160.02
26771,160.02
26786,160.02
26802,132.08
26818,114.30
26833,114.30
26850,111.76
26865,111.76
26882,111.76
26897,114.30
26912,111.76
26929,111.76
26944,111.76
26960,111.76
26976,111.76
26991,111.76
27008,111.76
27023,111.76
27039,114.30
27055,111.76
27071,111.76
27086,111.76
27102,111.76
27118,111.76
27133,111.76
27150,111.76
27165,111.76
27182,114.30
27197,114.30
27212,111.76
27229,111.76
27244,111.76
27260,111.76
27276,111.76
27291,114.30
27308,114.30
27323,111.76
27339,114.30
27355,111.76
27371,111.76
27386,111.76
27402,111.76
27418,114.30
27433,111.76
27450,111.76
27465,111.76
27481,114.30
27497,114.30
27512,111.76
27529,114.30
27544,111.76
27560,114.30
27576,114.30
27591,111.76
27608,111.76
27623,111.76
27639,114.30
27655,114.30
27671,114.30
27686,116.84
27702,147.32
27718,160.02
27734,160.02
27750,160.02
27765,160.02
27781,160.02
27797,160.02
27812,160.02
27829,160.02
27844,160.02
27860,160.02
27876,160.02
27891,160.02
27908,160.02
27923,160.02
27939,160.02
27955,160.02
27970,160.02
27986,160.02
28002,160.02
28018,160.02
28034,160.02
28050,124.46
28065,119.38
28081,116.84
28097,127.00
28112,157.48
28129,157.48
28144,132.08
28161,119.38
28176,119.38
28191,116.84
28208,116.84
28223,116.84
28239,116.84
28255,116.84
28270,116.84
28286,116.84
28302,114.30
28318,114.30
28334,116.84
28350,114.30
28365,114.30
28381,116.84
28397,114.30
28412,114.30
28429,114.30
28444,114.30
28461,114.30
28476,114.30
28491,114.30
28508,114.30
28523,114.30
28539,114.30
28555,116.84
28570,116.84
-1,-1
29587,111.76
29602,114.30
29618,114.30
29634,116.84
29649,116.84
29666,116.84
29681,116.84
29697,116.84
29713,116.84
29728,116.84
29745,116.84
29760,114.30
29776,116.84
29792,114.30
29807,114.30
29824,116.84
29839,114.30
29855,114.30
29871,114.30
29887,114.30
29902,114.30
29918,114.30
29934,114.30
29949,111.76
29966,111.76
29981,114.30
29997,114.30
30013,114.30
30028,114.30
30045,114.30
30060,114.30
30076,114.30
30092,114.30
30107,114.30
30124,114.30
30139,114.30
30155,114.30
30171,114.30
30187,114.30
30202,114.30
30218,114.30
30234,114.30
30249,116.84
30266,116.84
30281,114.30
30297,114.30
30313,114.30
30328,116.84
30345,157.48
30360,160.02
30376,160.02
30392,160.02
30407,160.02
30424,160.02
30439,162.56
30455,160.02
30471,160.02
30486,160.02
30502,160.02
30518,160.02
30534,160.02
30550,160.02
30566,160.02
30581,160.02
30597,160.02
30613,160.02
30628,160.02
30645,160.02
30660,160.02
30675,134.62
30692,116.84
30707,116.84
30724,116.84
30739,114.30
30755,114.30
30771,114.30
30786,114.30
30802,116.84
30818,114.30
30834,111.76
30850,111.76
30866,111.76
30881,111.76
30897,111.76
30913,111.76
30928,111.76
30945,111.76
30960,114.30
30976,111.76
30992,111.76
31007,111.76
31024,111.76
31039,111.76
31055,111.76
31071,111.76
31086,111.76
31102,111.76
31118,111.76
31134,111.76
31150,111.76
31166,111.76
31181,111.76
31197,111.76
31213,111.76
31228,111.76
31245,114.30
31260,114.30
31276,114.30
31292,111.76
31307,111.76
31324,111.76
31339,111.76
31355,111.76
31371,111.76
31386,111.76
31403,111.76
31418,111.76
31434,111.76
31450,111.76
31466,114.30
31481,114.30
31497,111.76
31513,111.76
31528,114.30
31545,114.30
31560,114.30
31576,114.30
31592,111.76
31607,111.76
31624,116.84
31639,114.30
31655,114.30
31671,119.38
31686,157.48
31703,160.02
31718,144.78
31734,124.46
31750,124.46
31765,124.46
31781,127.00
31797,127.00
31813,127.00
31828,127.00
31845,127.00
31860,127.00
31876,127.00
31892,127.00
31907,127.00
31924,129.54
31939,127.00
31954,127.00
31971,124.46
31986,124.46
32003,124.46
32018,116.84
32034,111.76
32050,111.76
32065,111.76
32081,111.76
32097,111.76
32113,111.76
32129,111.76
32145,111.76
32160,109.22
32176,109.22
32192,109.22
32207,109.22
32224,109.22
32239,109.22
32254,109.22
32271,109.22
-1,-1
33287,109.22
33302,109.22
33318,109.22
33334,109.22
33350,109.22
33366,109.22
33381,111.76
33397,109.22
33413,109.22
33429,109.22
33444,109.22
33461,109.22
33476,109.22
33491,109.22
33508,111.76
33523,109.22
33540,109.22
33555,109.22
33571,109.22
33587,111.76
33602,109.22
33618,109.22
33634,109.22
33650,109.22
33666,111.76
33681,111.76
33697,111.76
33713,111.76
33729,111.76
33744,111.76
33761,111.76
33776,111.76
33792,111.76
33808,111.76
33823,114.30
33840,111.76
33855,111.76
33871,111.76
33887,111.76
33902,114.30
33918,124.46
33934,124.46
33950,127.00
33966,127.00
33981,129.54
33997,127.00
34013,137.16
34029,137.16
34044,137.16
34061,154.94
34076,160.02
34092,157.48
34108,160.02
34123,160.02
34140,160.02
34155,160.02
34171,160.02
34187,160.02
34202,129.54
34219,114.30
34234,114.30
34250,114.30
34266,114.30
34281,111.76
34297,111.76
34313,111.76
34329,111.76
34344,114.30
34361,111.76
34376,111.76
34392,111.76
34408,111.76
34423,111.76
34440,111.76
34455,111.76
34470,111.76
34487,111.76
34502,111.76
34519,111.76
34534,111.76
34550,111.76
34566,111.76
34581,111.76
34597,111.76
34613,111.76
34629,114.30
34644,111.76
34661,114.30
34676,111.76
34692,111.76
34708,111.76
34723,111.76
34740,111.76
34755,111.76
34770,114.30
34787,114.30
34802,111.76
34819,111.76
34834,111.76
34850,114.30
34866,114.30
34881,111.76
34897,111.76
34913,111.76
34929,111.76
34945,114.30
34961,116.84
34976,116.84
34992,116.84
35008,116.84
35023,116.84
35040,116.84
35055,114.30
35072,114.30
35087,116.84
35102,114.30
35119,114.30
35134,114.30
35150,142.24
35166,160.02
35181,157.48
35197,160.02
35213,160.02
35229,160.02
35245,160.02
35261,160.02
35276,160.02
35292,160.02
35308,160.02
35323,160.02
35340,160.02
35355,160.02
35372,160.02
35387,160.02
35402,160.02
35419,160.02
35434,160.02
35450,121.92
35466,116.84
35481,119.38
35497,116.84
35513,116.84
35529,116.84
35545,116.84
35561,114.30
35576,114.30
35592,114.30
35608,114.30
35623,114.30
35640,114.30
35655,114.30
35671,116.84
35687,116.84
35702,114.30
35719,114.30
35734,114.30
35750,114.30
35766,114.30
35781,114.30
35798,114.30
35813,114.30
35829,116.84
35845,114.30
35861,114.30
35876,114.30
35892,114.30
35908,114.30
35923,114.30
35940,114.30
35955,114.30
35972,114.30
-1,-1
36987,111.76
37003,111.76
37018,111.76
37035,114.30
37050,114.30
37066,114.30
37082,114.30
37097,114.30
37113,114.30
37129,114.30
37145,114.30
37160,114.30
37177,114.30
37192,114.30
37208,111.76
37224,114.30
37239,111.76
37256,111.76
37271,114.30
37287,114.30
37303,114.30
37318,114.30
37335,114.30
37350,114.30
37366,114.30
37382,114.30
37397,114.30
37413,114.30
37429,114.30
37445,111.76
37460,111.76
37477,111.76
37492,114.30
37508,114.30
37524,114.30
37539,114.30
37556,116.84
37571,114.30
37587,116.84
37603,114.30
37618,114.30
37635,114.30
37650,114.30
37666,114.30
37682,114.30
37697,116.84
37713,114.30
37729,116.84
37745,116.84
37761,116.84
37777,119.38
37792,132.08
37808,129.54
37824,129.54
37839,157.48
37856,160.02
37871,160.02
37888,157.48
37903,160.02
37918,160.02
37935,160.02
37950,160.02
37966,160.02
37982,160.02
37997,162.56
38013,160.02
38029,160.02
38045,160.02
38061,160.02
38077,134.62
38092,119.38
38108,116.84
38124,116.84
38139,116.84
38156,116.84
38171,119.38
38188,116.84
38203,114.30
38218,114.30
38235,114.30
38250,116.84
38266,114.30
38282,111.76
38297,114.30
38313,111.76
38329,111.76
38345,111.76
38361,111.76
38377,111.76
38392,111.76
38408,111.76
38424,111.76
38439,111.76
38456,111.76
38471,111.76
38488,111.76
38503,114.30
38518,111.76
38535,111.76
38550,114.30
38566,111.76
38582,109.22
38597,109.22
38614,109.22
38629,111.76
38645,111.76
38661,111.76
38677,114.30
38692,114.30
38708,114.30
38724,111.76
38739,114.30
38756,111.76
38771,111.76
38788,111.76
38803,111.76
38818,114.30
38835,111.76
38850,111.76
38866,111.76
38882,111.76
38897,111.76
38914,111.76
38929,116.84
38945,114.30
38961,114.30
38977,116.84
38992,119.38
39008,116.84
39024,132.08
39040,157.48
39056,157.48
39071,157.48
39088,157.48
39103,157.48
39118,157.48
39135,157.48
39150,157.48
39166,152.40
39182,124.46
39197,124.46
39214,124.46
39229,127.00
39245,127.00
39261,127.00
39277,127.00
39292,127.00
39308,129.54
39324,114.30
39340,111.76
39356,114.30
39371,111.76
39388,111.76
39403,111.76
39418,111.76
39435,111.76
39450,111.76
39467,111.76
39482,111.76
39497,111.76
39514,111.76
39529,109.22
39545,109.22
39561,109.22
39577,111.76
39592,109.22
39608,109.22
39624,109.22
39640,109.22
39656,111.76
39671,109.22
-1,-1
40687,111.76
40704,109.22
40719,111.76
40734,109.22
40751,109.22
40766,109.22
40782,109.22
40798,109.22
40814,109.22
40829,109.22
40845,109.22
40861,111.76
40877,111.76
40893,111.76
40908,109.22
40924,111.76
40940,109.22
40955,111.76
40972,109.22
40987,109.22
41004,111.76
41019,109.22
41034,109.22
41051,109.22
41066,109.22
41082,109.22
41098,109.22
41114,111.76
41129,114.30
41145,114.30
41161,111.76
41177,111.76
41193,111.76
41208,114.30
41224,114.30
41240,114.30
41255,121.92
41272,124.46
41287,124.46
41304,124.46
41319,124.46
41334,124.46
41351,127.00
41366,127.00
41382,127.00
41398,127.00
41414,127.00
41430,127.00
41445,127.00
41461,129.54
41477,132.08
41493,129.54
41508,147.32
41524,157.48
41540,157.48
41555,124.46
41572,114.30
41587,114.30
41604,114.30
41619,114.30
41634,114.30
41651,111.76
41666,111.76
41682,114.30
41698,111.76
41713,111.76
41730,111.76
41745,111.76
41761,111.76
41777,111.76
41793,111.76
41808,111.76
41824,111.76
41840,111.76
41856,111.76
41872,111.76
41887,111.76
41904,111.76
41919,111.76
41934,111.76
41951,111.76
41966,111.76
41982,111.76
41998,111.76
42013,109.22
42030,109.22
42045,109.22
42061,111.76
42077,114.30
42093,111.76
42108,111.76
42124,114.30
42140,114.30
42156,114.30
42172,111.76
42187,111.76
42204,114.30
42219,114.30
42234,111.76
42251,111.76
42266,114.30
42283,114.30
42298,114.30
42313,114.30
42330,111.76
42345,111.76
42361,111.76
42377,114.30
42393,111.76
42408,111.76
42424,111.76
42440,111.76
42456,119.38
42472,116.84
42487,116.84
42503,142.24
42519,160.02
42534,160.02
42551,160.02
42566,160.02
42583,160.02
42598,160.02
42613,160.02
42630,160.02
42645,160.02
42661,162.56
42677,162.56
42692,160.02
42708,160.02
42724,160.02
42740,162.56
42756,132.08
42772,132.08
42787,132.08
42803,132.08
42819,132.08
42834,132.08
42851,129.54
42866,129.54
42882,129.54
42898,129.54
42913,129.54
42930,127.00
42945,119.38
42961,116.84
42977,116.84
42992,116.84
43009,116.84
43024,116.84
43040,116.84
43056,114.30
43071,114.30
43087,114.30
43103,114.30
43119,116.84
43134,114.30
43151,114.30
43166,114.30
43182,114.30
43198,114.30
43213,114.30
43230,114.30
43245,116.84
43261,116.84
43277,116.84
43292,114.30
43309,116.84
43324,114.30
43340,116.84
43356,114.30
43372,114.30
-1,-1
44388,114.30
44403,114.30
44419,116.84
44435,114.30
44450,114.30
44467,114.30
44482,116.84
44498,116.84
44514,116.84
44529,116.84
44546,116.84
44561,116.84
44577,116.84
44593,114.30
44608,114.30
44624,109.22
44640,43.18
44656,38.10
44672,38.10
44687,99.06
44703,116.84
44719,116.84
44735,116.84
44750,114.30
44767,116.84
44782,114.30
44797,114.30
44814,114.30
44829,114.30
44846,114.30
44861,114.30
44876,114.30
44893,114.30
44908,114.30
44924,114.30
44940,119.38
44956,116.84
44972,116.84
44987,114.30
45003,114.30
45019,116.84
45035,116.84
45050,116.84
45067,116.84
45082,127.00
45097,157.48
45114,160.02
45129,139.70
45146,132.08
45161,132.08
45176,132.08
45193,157.48
45208,157.48
45224,160.02
45240,160.02
45256,162.56
45272,160.02
45287,160.02
45303,160.02
45319,160.02
45335,160.02
45350,160.02
45366,160.02
45382,160.02
45398,160.02
45414,160.02
45429,160.02
45446,160.02
45461,160.02
45476,160.02
45493,160.02
45508,160.02
45524,160.02
45540,162.56
45555,162.56
45572,162.56
45587,162.56
45603,162.56
45619,162.56
45635,114.30
45650,114.30
45666,114.30
45682,114.30
45698,114.30
45714,111.76
45729,111.76
45746,111.76
45761,111.76
45776,109.22
45793,111.76
45808,109.22
45825,111.76
45840,111.76
45855,111.76
45872,111.76
45887,111.76
45903,111.76
45919,111.76
45935,109.22
45950,109.22
45966,111.76
45982,109.22
45998,111.76
46014,109.22
46029,111.76
46046,111.76
46061,111.76
46076,111.76
46093,111.76
46108,111.76
46125,111.76
46140,111.76
46155,111.76
46172,111.76
46187,111.76
46203,114.30
46219,111.76
46235,111.76
46251,111.76
46266,111.76
46282,111.76
46298,111.76
46314,111.76
46329,111.76
46346,114.30
46361,114.30
46376,111.76
46393,111.76
46408,111.76
46425,111.76
46440,111.76
46455,111.76
46472,124.46
46487,129.54
46503,129.54
46519,132.08
46535,157.48
46551,157.48
46566,154.94
46582,139.70
46598,137.16
46614,139.70
46629,129.54
46646,129.54
46661,129.54
46676,127.00
46693,127.00
46708,127.00
46725,114.30
46740,114.30
46755,114.30
46772,114.30
46787,114.30
46803,114.30
46819,114.30
46835,111.76
46851,111.76
46866,114.30
46882,114.30
46898,111.76
46914,111.76
46929,109.22
46946,111.76
46961,111.76
46977,109.22
46993,109.22
47008,109.22
47025,109.22
47040,109.22
47055,109.22
47072,109.22
-1,-1
48088,104.14
48103,104.14
48119,106.68
48135,106.68
48151,106.68
48166,109.22
48182,109.22
48198,109.22
48214,111.76
48230,109.22
48245,109.22
48262,109.22
48277,109.22
48292,109.22
48309,111.76
48324,109.22
48340,109.22
48356,109.22
48372,109.22
48388,109.22
48403,109.22
48419,109.22
48435,109.22
48451,109.22
48466,109.22
48482,109.22
48498,109.22
48514,111.76
48530,114.30
48545,111.76
48562,111.76
48577,111.76
48592,111.76
48609,111.76
48624,111.76
48641,111.76
48656,111.76
48672,111.76
48688,111.76
48703,116.84
48719,127.00
48735,127.00
48751,127.00
48766,127.00
48782,127.00
48798,127.00
48814,124.46
48830,124.46
48845,124.46
48862,127.00
48877,127.00
48892,127.00
48909,116.84
48924,116.84
48941,114.30
48956,114.30
48971,114.30
48988,116.84
49003,114.30
49019,111.76
49035,111.76
49051,111.76
49067,111.76
49082,111.76
49098,111.76
49114,111.76
49130,111.76
49145,111.76
49162,111.76
49177,111.76
49192,111.76
49209,111.76
49224,111.76
49241,111.76
49256,111.76
49271,111.76
49288,111.76
49303,111.76
49319,109.22
49335,111.76
49351,109.22
49367,111.76
49382,109.22
49398,109.22
49414,109.22
49430,111.76
49445,111.76
49462,109.22
49477,109.22
49492,111.76
49509,111.76
49524,109.22
49541,111.76
49556,111.76
49571,111.76
49588,114.30
49603,111.76
49619,111.76
49635,111.76
49651,114.30
49667,111.76
49682,111.76
49698,111.76
49714,111.76
49730,114.30
49745,111.76
49762,111.76
49777,111.76
49793,114.30
49809,111.76
49824,111.76
49841,111.76
49856,154.94
49871,162.56
49888,162.56
49903,160.02
49920,160.02
49935,160.02
49951,160.02
49967,160.02
49982,160.02
49998,160.02
50014,160.02
50030,160.02
50045,160.02
50061,160.02
50077,160.02
50093,160.02
50109,160.02
50124,160.02
50141,160.02
50156,160.02
50171,160.02
50188,160.02
50203,134.62
50220,134.62
50235,134.62
50251,134.62
50267,134.62
50282,132.08
50298,134.62
50314,132.08
50330,132.08
50345,121.92
50361,114.30
50377,114.30
50393,114.30
50409,114.30
50424,114.30
50441,114.30
50456,114.30
50471,114.30
50488,114.30
50503,114.30
50520,114.30
50535,114.30
50550,114.30
50567,114.30
50582,114.30
50598,111.76
50614,111.76
50630,111.76
50646,114.30
50661,114.30
50677,114.30
50693,116.84
50709,114.30
50724,114.30
50741,114.30
50756,114.30
50771,114.30
-1,-1
51787,114.30
51804,114.30
51819,116.84
51835,114.30
51851,114.30
51867,114.30
51883,114.30
51898,114.30
51914,116.84
51930,116.84
51946,114.30
51961,114.30
51977,116.84
51993,114.30
52008,116.84
52025,116.84
52040,116.84
52057,116.84
52072,116.84
52087,114.30
52104,114.30
52119,114.30
52135,111.76
52151,111.76
52166,111.76
52183,111.76
52198,111.76
52214,111.76
52230,114.30
52246,114.30
52261,114.30
52277,116.84
52293,114.30
52308,114.30
52325,114.30
52340,114.30
52357,114.30
52372,114.30
52387,116.84
52404,116.84
52419,116.84
52435,114.30
52451,114.30
52466,114.30
52483,114.30
52498,114.30
52514,114.30
52530,132.08
52546,157.48
52561,157.48
52577,144.78
52593,129.54
52609,132.08
52625,132.08
52640,157.48
52657,160.02
52672,160.02
52687,160.02
52704,160.02
52719,160.02
52736,160.02
52751,160.02
52766,160.02
52783,160.02
52798,160.02
52814,162.56
52830,160.02
52845,160.02
52861,160.02
52877,132.08
52893,116.84
52909,116.84
52925,116.84
52940,111.76
52956,111.76
52972,111.76
52987,111.76
53004,114.30
53019,114.30
53036,111.76
53051,114.30
53066,111.76
53083,111.76
53098,111.76
53114,111.76
53130,111.76
53145,111.76
53161,111.76
53177,111.76
53193,111.76
53209,111.76
53225,111.76
53240,109.22
53256,109.22
53272,111.76
53287,111.76
53304,111.76
53319,111.76
53336,111.76
53351,111.76
53366,111.76
53383,111.76
53398,111.76
53414,111.76
53430,111.76
53445,111.76
53462,111.76
53477,111.76
53493,111.76
53509,111.76
53525,111.76
53540,111.76
53556,114.30
53572,114.30
53587,111.76
53604,111.76
53619,111.76
53636,114.30
53651,111.76
53666,111.76
53683,111.76
53698,111.76
53714,111.76
53730,111.76
53745,111.76
53762,111.76
53777,111.76
53793,111.76
53809,111.76
53825,114.30
53840,114.30
53856,114.30
53872,124.46
53888,127.00
53904,127.00
53919,127.00
53936,127.00
53951,127.00
53966,127.00
53983,127.00
53998,129.54
54014,129.54
54030,127.00
54045,127.00
54062,127.00
54077,127.00
54093,127.00
54109,124.46
54125,111.76
54140,111.76
54156,111.76
54172,111.76
54188,111.76
54204,111.76
54219,111.76
54235,111.76
54251,111.76
54266,111.76
54283,111.76
54298,111.76
54315,111.76
54330,109.22
54345,109.22
54362,109.22
54377,111.76
54393,109.22
54409,109.22
54425,109.22
54440,109.22
54456,111.76
54472,111.76
-1,-1
55488,109.22
55503,109.22
55520,109.22
55535,109.22
55552,109.22
55567,109.22
55582,109.22
55599,109.22
55614,106.68
55630,104.14
55646,104.14
55662,104.14
55677,104.14
55693,104.14
55709,109.22
55725,109.22
55741,109.22
55756,109.22
55772,109.22
55788,109.22
55803,109.22
55820,109.22
55835,109.22
55852,109.22
55867,109.22
55882,109.22
55899,109.22
55914,111.76
55930,109.22
55946,109.22
55962,111.76
55977,111.76
55993,114.30
56009,111.76
56025,111.76
56041,111.76
56056,111.76
56072,111.76
56088,111.76
56103,119.38
56120,124.46
56135,124.46
56152,124.46
56167,124.46
56182,124.46
56199,127.00
56214,127.00
56230,127.00
56246,127.00
56262,119.38
56278,116.84
56293,116.84
56309,139.70
56325,160.02
56341,160.02
56356,116.84
56372,111.76
56388,111.76
56403,111.76
56420,111.76
56435,111.76
56452,111.76
56467,111.76
56482,111.76
56499,111.76
56514,111.76
56530,111.76
56546,81.28
56561,43.18
56578,40.64
56593,40.64
56609,106.68
56625,111.76
56640,111.76
56656,111.76
56672,111.76
56688,111.76
56704,111.76
56720,111.76
56735,111.76
56751,111.76
56767,111.76
56782,111.76
56799,111.76
56814,111.76
56829,111.76
56846,111.76
56861,109.22
56878,109.22
56893,109.22
56909,111.76
56925,111.76
56940,111.76
56956,111.76
56972,111.76
56988,111.76
57004,111.76
57020,111.76
57035,111.76
57051,111.76
57067,111.76
57082,111.76
57099,111.76
57114,111.76
57129,111.76
57146,111.76
57161,114.30
57178,111.76
57193,111.76
57209,111.76
57225,111.76
57240,111.76
57256,114.30
57272,114.30
57288,114.30
57304,114.30
57320,114.30
57335,114.30
57351,114.30
57367,114.30
57382,114.30
57399,137.16
57414,157.48
57430,160.02
57446,160.02
57461,160.02
57478,160.02
57493,160.02
57509,160.02
57525,160.02
57540,160.02
57556,160.02
57572,160.02
57588,160.02
57604,132.08
57619,129.54
57635,129.54
57651,116.84
57667,114.30
57682,116.84
57699,116.84
57714,114.30
57730,114.30
57746,114.30
57761,114.30
57778,114.30
57793,114.30
57809,114.30
57825,114.30
57840,116.84
57857,114.30
57872,114.30
57888,114.30
57904,114.30
57919,114.30
57935,114.30
57951,114.30
57967,114.30
57982,114.30
57999,111.76
58014,111.76
58030,114.30
58046,111.76
58061,111.76
58078,111.76
58093,114.30
58109,114.30
58125,114.30
58140,114.30
58157,114.30
58172,114.30
-1,-1
59188,114.30
59204,114.30
59219,114.30
59236,116.84
59251,116.84
59267,114.30
59283,114.30
59298,114.30
59315,114.30
59330,114.30
59345,114.30
59362,116.84
59377,116.84
59394,114.30
59409,114.30
59425,114.30
59441,114.30
59456,116.84
59472,114.30
59488,114.30
59504,114.30
59520,114.30
59536,114.30
59551,114.30
59567,114.30
59583,114.30
59598,114.30
59615,114.30
59630,114.30
59645,111.76
59662,111.76
59677,111.76
59694,111.76
59709,111.76
59725,111.76
59741,114.30
59756,114.30
59772,114.30
59788,114.30
59804,114.30
59820,114.30
59836,114.30
59851,114.30
59867,114.30
59883,116.84
59898,116.84
59915,116.84
59930,116.84
59945,116.84
59962,116.84
59977,121.92
59994,129.54
60009,129.54
60025,129.54
60041,157.48
60056,160.02
60072,157.48
60088,160.02
60104,160.02
60120,162.56
60135,160.02
60151,160.02
60167,160.02
60183,160.02
60198,160.02
60215,160.02
60230,160.02
60246,160.02
60262,160.02
60277,129.54
60294,116.84
60309,114.30
60324,114.30
60341,114.30
60356,114.30
60372,114.30
60388,111.76
60404,111.76
60420,114.30
60435,111.76
60451,111.76
60467,111.76
60483,114.30
60498,111.76
60515,111.76
60530,111.76
60546,111.76
60562,114.30
60577,111.76
60594,111.76
60609,111.76
60625,111.76
60641,111.76
60656,111.76
60673,111.76
60688,111.76
60704,111.76
60720,111.76
60735,111.76
60751,111.76
60767,111.76
60783,111.76
60798,111.76
60815,111.76
60830,111.76
60846,111.76
60862,111.76
60877,111.76
60894,111.76
60909,114.30
60925,111.76
60941,111.76
60956,111.76
60973,111.76
60988,114.30
61004,114.30
61020,111.76
61035,111.76
61051,111.76
61067,111.76
61083,111.76
61099,111.76
61115,114.30
61130,111.76
61146,111.76
61162,114.30
61177,111.76
61194,111.76
61209,111.76
61225,114.30
61241,116.84
61256,114.30
61273,127.00
61288,157.48
61304,157.48
61320,139.70
61335,127.00
61351,127.00
61367,127.00
61383,127.00
61399,124.46
61415,124.46
61430,127.00
61446,127.00
61462,129.54
61477,124.46
61494,124.46
61509,124.46
61524,116.84
61541,114.30
61556,116.84
61573,111.76
61588,111.76
61604,114.30
61620,111.76
61635,111.76
61651,111.76
61667,111.76
61683,111.76
61699,111.76
61715,111.76
61730,114.30
61746,111.76
61762,111.76
61777,111.76
61794,111.76
61809,111.76
61825,111.76
61841,109.22
61856,109.22
61873,109.22
-1,-1
62888,106.68
62904,109.22
62920,109.22
62936,109.22
62951,109.22
62967,109.22
62983,109.22
62999,109.22
63014,106.68
63031,104.14
63046,104.14
63062,104.14
63078,104.14
63093,104.14
63110,109.22
63125,109.22
63141,109.22
63157,109.22
63172,109.22
63188,109.22
63204,109.22
63220,109.22
63236,109.22
63252,109.22
63267,111.76
63283,111.76
63299,111.76
63314,111.76
63331,111.76
63346,111.76
63362,111.76
63378,111.76
63393,111.76
63410,114.30
63425,114.30
63441,111.76
63457,111.76
63472,111.76
63489,111.76
63504,119.38
63520,124.46
63536,124.46
63552,124.46
63567,127.00
63583,127.00
63599,127.00
63614,127.00
63631,127.00
63646,127.00
63662,127.00
63678,127.00
63693,127.00
63710,149.86
63725,157.48
63741,154.94
63757,121.92
63772,114.30
63789,116.84
63804,114.30
63820,111.76
63836,111.76
63851,111.76
63867,114.30
63883,111.76
63899,111.76
63915,111.76
63931,111.76
63946,111.76
63962,111.76
63978,111.76
63993,111.76
64010,111.76
64025,111.76
64041,111.76
64057,111.76
64072,111.76
64089,111.76
64104,111.76
64120,111.76
64136,111.76
64151,114.30
64167,114.30
64183,114.30
64199,111.76
64215,111.76
64231,109.22
64246,109.22
64262,111.76
64278,109.22
64293,109.22
64310,111.76
64325,114.30
64342,111.76
64357,114.30
64372,114.30
64389,111.76
64404,111.76
64420,111.76
64436,111.76
64451,111.76
64467,111.76
64483,114.30
64499,111.76
64515,114.30
64531,111.76
64546,114.30
64562,111.76
64578,111.76
64593,111.76
64610,111.76
64625,111.76
64642,111.76
64657,157.48
64672,160.02
64689,160.02
64704,160.02
64720,160.02
64736,160.02
64751,160.02
64768,160.02
64783,160.02
64799,160.02
64815,160.02
64831,160.02
64846,160.02
64862,160.02
64878,160.02
64893,160.02
64910,160.02
64925,160.02
64941,160.02
64957,160.02
64972,160.02
64989,160.02
65004,160.02
65020,160.02
65036,160.02
65051,119.38
65068,119.38
65083,116.84
65099,116.84
65115,116.84
65130,119.38
65146,116.84
65162,114.30
65178,114.30
65193,114.30
65210,114.30
65225,114.30
65241,114.30
65257,116.84
65272,116.84
65289,116.84
65304,114.30
65319,114.30
65336,114.30
65351,114.30
65368,114.30
65383,114.30
65399,114.30
65415,114.30
65430,114.30
65446,114.30
65462,114.30
65478,114.30
65494,114.30
65510,116.84
65525,114.30
65541,114.30
65557,114.30
65572,114.30
-1,-1
66588,114.30
66605,114.30
66620,114.30
66636,116.84
66652,116.84
66667,114.30
66683,114.30
66699,114.30
66715,116.84
66731,114.30
66746,114.30
66762,114.30
66778,114.30
66794,114.30
66809,114.30
66826,114.30
66841,114.30
66856,114.30
66873,114.30
66888,114.30
66905,114.30
66920,114.30
66936,114.30
66952,116.84
66967,116.84
66983,114.30
66999,114.30
67015,116.84
67031,114.30
67046,114.30
67062,114.30
67078,114.30
67094,114.30
67109,114.30
67126,114.30
67141,114.30
67156,114.30
67173,114.30
67188,114.30
67205,114.30
67220,114.30
67236,114.30
67252,114.30
67267,114.30
67283,114.30
67299,114.30
67315,114.30
67331,137.16
67346,157.48
67362,157.48
67378,157.48
67394,160.02
67409,160.02
67426,160.02
67441,160.02
67457,160.02
67473,160.02
67488,160.02
67505,160.02
67520,160.02
67535,160.02
67552,160.02
67567,160.02
67584,160.02
67599,160.02
67615,160.02
67631,160.02
67646,160.02
67662,160.02
67678,160.02
67694,160.02
67709,160.02
67726,134.62
67741,114.30
67757,114.30
67773,114.30
67788,111.76
67805,111.76
67820,114.30
67835,114.30
67852,114.30
67867,111.76
67884,111.76
67899,111.76
67915,111.76
67931,114.30
67946,111.76
67962,111.76
67978,114.30
67994,114.30
68009,114.30
68026,111.76
68041,111.76
68057,111.76
68073,111.76
68088,111.76
68105,111.76
68120,111.76
68135,111.76
68152,114.30
68167,111.76
68184,111.76
68199,111.76
68215,111.76
68231,114.30
68246,111.76
68262,111.76
68278,111.76
68294,111.76
68310,111.76
68326,111.76
68341,111.76
68357,111.76
68373,111.76
68388,111.76
68405,111.76
68420,114.30
68435,111.76
68452,114.30
68467,111.76
68484,114.30
68499,111.76
68515,111.76
68531,111.76
68546,111.76
68562,111.76
68578,152.40
68594,157.48
68610,157.48
68626,119.38
68641,116.84
68657,116.84
68673,124.46
68688,127.00
68705,127.00
68720,134.62
68736,160.02
68752,160.02
68767,144.78
68784,129.54
68799,129.54
68815,127.00
68831,127.00
68846,127.00
68862,127.00
68878,127.00
68894,127.00
68910,127.00
68925,124.46
68941,124.46
68957,124.46
68973,114.30
68988,114.30
69005,114.30
69020,114.30
69036,111.76
69052,111.76
69067,114.30
69084,111.76
69099,111.76
69115,111.76
69131,111.76
69146,111.76
69163,111.76
69178,111.76
69194,111.76
69210,114.30
69225,111.76
69241,111.76
69257,111.76
69273,111.76
-1,-1
70289,111.76
70304,111.76
70321,114.30
70336,114.30
70351,111.76
70368,109.22
70383,109.22
70400,109.22
70415,111.76
70431,111.76
70447,109.22
70462,111.76
70478,111.76
70494,111.76
70510,111.76
70525,111.76
70542,111.76
70557,111.76
70573,111.76
70589,111.76
70604,111.76
70621,111.76
70636,114.30
70651,71.12
70668,43.18
70683,40.64
70700,40.64
70715,106.68
70730,111.76
70747,111.76
70762,111.76
70778,111.76
70794,111.76
70810,114.30
70825,114.30
70841,114.30
70857,121.92
70873,124.46
70889,124.46
70904,124.46
70920,124.46
70936,124.46
70951,124.46
70968,127.00
70983,127.00
71000,127.00
71015,124.46
71030,124.46
71047,124.46
71062,124.46
71078,124.46
71094,124.46
71109,127.00
71126,127.00
71141,127.00
71157,116.84
71173,114.30
71189,114.30
71204,114.30
71220,111.76
71236,111.76
71251,111.76
71268,114.30
71283,111.76
71300,114.30
71315,111.76
71330,111.76
71347,111.76
71362,111.76
71378,111.76
71394,111.76
71409,111.76
71426,111.76
71441,114.30
71457,111.76
71473,111.76
71489,111.76
71504,114.30
71520,111.76
71536,111.76
71552,111.76
71568,111.76
71583,111.76
71600,114.30
71615,111.76
71630,111.76
71647,114.30
71662,111.76
71678,114.30
71694,111.76
71709,111.76
71726,111.76
71741,114.30
71757,114.30
71773,114.30
71789,114.30
71804,111.76
71820,114.30
71836,111.76
71852,111.76
71868,111.76
71883,111.76
71900,114.30
71915,111.76
71930,111.76
71947,111.76
71962,111.76
71979,111.76
71994,114.30
72009,114.30
72026,114.30
72041,116.84
72057,116.84
72073,114.30
72089,114.30
72104,152.40
72120,160.02
72136,160.02
72152,160.02
72168,160.02
72183,160.02
72200,160.02
72215,160.02
72230,160.02
72247,162.56
72262,160.02
72279,160.02
72294,160.02
72309,160.02
72326,160.02
72341,157.48
72357,132.08
72373,129.54
72389,132.08
72404,129.54
72420,129.54
72436,132.08
72452,129.54
72468,132.08
72483,129.54
72500,149.86
72515,160.02
72530,157.48
72547,124.46
72562,114.30
72579,116.84
72594,114.30
72609,114.30
72626,114.30
72641,116.84
72657,116.84
72673,114.30
72689,114.30
72705,114.30
72720,114.30
72736,114.30
72752,114.30
72768,116.84
72783,116.84
72799,116.84
72815,114.30
72830,114.30
72847,116.84
72862,116.84
72879,116.84
72894,114.30
72909,114.30
72926,114.30
72941,114.30
72957,114.30
72973,114.30
-1,-1
73989,111.76
74005,111.76
74020,111.76
74036,111.76
74052,111.76
74067,111.76
74084,48.26
74099,35.56
74115,33.02
74131,53.34
74146,109.22
74163,111.76
74178,68.58
74193,35.56
74210,33.02
74225,33.02
74242,30.48
74257,30.48
74272,33.02
74289,99.06
74304,111.76
74319,111.76
74336,111.76
74351,111.76
74368,111.76
74383,114.30
74399,114.30
74415,114.30
74430,114.30
74446,114.30
74462,114.30
74478,114.30
74493,114.30
74509,114.30
74525,114.30
74541,114.30
74557,114.30
74572,114.30
74589,114.30
74604,114.30
74619,114.30
74636,114.30
74651,114.30
74668,114.30
74683,127.00
74699,129.54
74715,129.54
74730,121.92
74746,119.38
74762,119.38
74778,119.38
74793,154.94
74809,157.48
74825,157.48
74841,160.02
74857,160.02
74872,160.02
74889,160.02
74904,160.02
74919,160.02
74936,160.02
74951,160.02
74968,160.02
74983,160.02
74998,160.02
75015,160.02
75030,127.00
75046,116.84
75062,116.84
75078,114.30
75094,111.76
75109,111.76
75125,114.30
75141,111.76
75157,111.76
75172,111.76
75189,111.76
75204,114.30
75219,111.76
75236,111.76
75251,111.76
75268,109.22
75283,111.76
75298,111.76
75315,111.76
75330,111.76
75346,111.76
75362,111.76
75378,111.76
75394,111.76
75409,111.76
75425,111.76
75441,111.76
75457,111.76
75472,114.30
75489,111.76
75504,114.30
75520,111.76
75536,111.76
75551,111.76
75568,111.76
75583,111.76
75598,111.76
75615,111.76
75630,111.76
75646,114.30
75662,114.30
75678,111.76
75694,111.76
75709,111.76
75725,114.30
75741,114.30
75757,111.76
75772,111.76
75789,111.76
75804,114.30
75820,111.76
75836,111.76
75851,111.76
75868,111.76
75883,114.30
75898,114.30
75915,111.76
75930,111.76
75947,111.76
75962,114.30
75978,111.76
75994,114.30
76009,111.76
76025,114.30
76041,114.30
76057,114.30
76072,124.46
76089,127.00
76104,127.00
76120,129.54
76136,129.54
76151,129.54
76168,129.54
76183,129.54
76198,127.00
76215,127.00
76230,127.00
76247,127.00
76262,127.00
76278,124.46
76294,124.46
76309,124.46
76325,114.30
76341,114.30
76357,114.30
76372,114.30
76388,111.76
76404,111.76
76420,111.76
76436,111.76
76451,111.76
76468,111.76
76483,111.76
76498,111.76
76515,114.30
76530,111.76
76547,111.76
76562,111.76
76578,109.22
76594,111.76
76609,109.22
76625,109.22
76641,109.22
76657,109.22
76673,109.22
-1,-1
77688,106.68
77705,106.68
77720,109.22
77735,109.22
77752,109.22
77767,109.22
77784,109.22
77799,109.22
77815,109.22
77831,109.22
77846,109.22
77862,111.76
77878,111.76
77894,111.76
77910,111.76
77926,111.76
77941,111.76
77957,55.88
77973,43.18
77988,40.64
78005,38.10
78020,38.10
78035,38.10
78052,38.10
78067,40.64
78083,40.64
78099,40.64
78114,104.14
78131,109.22
78146,111.76
78161,111.76
78178,111.76
78193,111.76
78210,114.30
78225,114.30
78241,114.30
78257,114.30
78272,111.76
78288,111.76
78304,111.76
78320,111.76
78336,111.76
78352,114.30
78367,127.00
78383,127.00
78399,127.00
78414,127.00
78431,127.00
78446,127.00
78461,129.54
78478,129.54
78493,129.54
78510,116.84
78525,114.30
78541,114.30
78557,114.30
78572,114.30
78588,114.30
78604,114.30
78620,114.30
78636,114.30
78651,114.30
78667,111.76
78683,111.76
78699,111.76
78714,111.76
78731,111.76
78746,111.76
78761,114.30
78778,111.76
78793,111.76
78810,111.76
78825,111.76
78841,111.76
78857,111.76
78872,111.76
78888,111.76
78904,111.76
78920,111.76
78936,111.76
78952,114.30
78967,111.76
78983,111.76
78999,111.76
79014,111.76
79031,111.76
79046,111.76
79062,111.76
79078,111.76
79093,111.76
79110,111.76
79125,111.76
79141,111.76
79157,111.76
79172,111.76
79188,114.30
79204,111.76
79220,111.76
79236,111.76
79252,111.76
79267,114.30
79283,111.76
79299,111.76
79314,111.76
79331,111.76
79346,114.30
79362,111.76
79378,111.76
79393,111.76
79410,111.76
79425,111.76
79441,111.76
79457,111.76
79472,111.76
79489,114.30
79504,116.84
79520,114.30
79536,114.30
79552,147.32
79567,157.48
79583,157.48
79599,160.02
79614,160.02
79631,160.02
79646,160.02
79662,160.02
79678,160.02
79693,160.02
79710,160.02
79725,160.02
79741,160.02
79757,160.02
79772,160.02
79789,162.56
79804,132.08
79820,132.08
79836,132.08
79852,119.38
79867,119.38
79883,119.38
79899,116.84
79915,114.30
79931,116.84
79946,116.84
79962,114.30
79978,116.84
79993,116.84
80010,114.30
80025,114.30
80041,116.84
80057,114.30
80072,116.84
80089,116.84
80104,114.30
80120,114.30
80136,114.30
80152,114.30
80167,114.30
80183,114.30
80199,114.30
80215,114.30
80231,114.30
80246,114.30
80262,114.30
80278,114.30
80293,114.30
80310,111.76
80325,111.76
80342,114.30
80357,114.30
80372,114.30
-1,-1
81388,114.30
81404,114.30
81420,116.84
81436,114.30
81452,114.30
81468,114.30
81483,114.30
81499,114.30
81515,114.30
81530,114.30
81547,114.30
81562,114.30
81579,114.30
81594,116.84
81609,116.84
81626,116.84
81641,114.30
81657,114.30
81673,114.30
81688,116.84
81704,114.30
81720,114.30
81736,114.30
81752,114.30
81768,114.30
81783,114.30
81799,114.30
81815,114.30
81830,116.84
81847,114.30
81862,114.30
81879,114.30
81894,114.30
81909,116.84
81926,114.30
81941,114.30
81957,114.30
81973,116.84
81988,114.30
82004,114.30
82020,114.30
82036,114.30
82052,114.30
82068,114.30
82083,127.00
82099,129.54
82115,129.54
82130,137.16
82147,157.48
82162,160.02
82179,160.02
82194,160.02
82209,160.02
82226,160.02
82241,160.02
82257,160.02
82273,160.02
82288,160.02
82305,160.02
82320,160.02
82336,160.02
82352,160.02
82367,160.02
82383,160.02
82399,160.02
82415,160.02
82430,160.02
82447,160.02
82462,160.02
82478,160.02
82494,160.02
82509,160.02
82526,139.70
82541,116.84
82556,114.30
82573,116.84
82588,111.76
82605,111.76
82620,111.76
82636,111.76
82652,114.30
82667,111.76
82683,111.76
82699,111.76
82715,111.76
82731,111.76
82747,111.76
82762,111.76
82778,111.76
82794,111.76
82809,111.76
82826,111.76
82841,111.76
82856,111.76
82873,114.30
82888,111.76
82905,111.76
82920,111.76
82936,114.30
82952,114.30
82967,114.30
82983,111.76
82999,111.76
83015,111.76
83031,111.76
83047,111.76
83062,111.76
83078,111.76
83094,111.76
83109,111.76
83126,111.76
83141,111.76
83156,111.76
83173,114.30
83188,111.76
83205,111.76
83220,111.76
83236,111.76
83252,111.76
83267,111.76
83283,111.76
83299,111.76
83315,111.76
83331,111.76
83347,111.76
83362,111.76
83378,111.76
83394,114.30
83409,111.76
83426,114.30
83441,114.30
83457,114.30
83473,124.46
83488,127.00
83505,127.00
83520,127.00
83536,127.00
83552,127.00
83567,127.00
83584,127.00
83599,127.00
83615,127.00
83631,127.00
83646,127.00
83662,127.00
83678,127.00
83694,127.00
83709,127.00
83726,124.46
83741,124.46
83757,124.46
83773,124.46
83788,124.46
83805,124.46
83820,124.46
83835,124.46
83852,124.46
83867,116.84
83884,114.30
83899,114.30
83915,114.30
83931,111.76
83946,111.76
83962,111.76
83978,109.22
83994,109.22
84009,109.22
84026,109.22
84041,109.22
84057,109.22
84073,109.22
-1,-1
85089,109.22
85104,109.22
85121,109.22
85136,109.22
85152,109.22
85168,109.22
85183,109.22
85199,109.22
85215,104.14
85231,104.14
85246,104.14
85262,109.22
85278,109.22
85294,109.22
85310,109.22
85325,109.22
85342,109.22
85357,109.22
85372,109.22
85389,109.22
85404,111.76
85421,111.76
85436,111.76
85452,111.76
85468,111.76
85483,111.76
85499,111.76
85515,111.76
85531,111.76
85547,111.76
85562,111.76
85578,111.76
85594,111.76
85610,111.76
85625,111.76
85642,111.76
85657,114.30
85672,111.76
85689,111.76
85704,119.38
85721,127.00
85736,127.00
85752,127.00
85768,127.00
85783,127.00
85799,127.00
85815,129.54
85831,129.54
85847,129.54
85862,129.54
85878,129.54
85894,129.54
85910,149.86
85925,160.02
85942,160.02
85957,160.02
85972,157.48
85989,160.02
86004,160.02
86021,160.02
86036,160.02
86052,132.08
86068,114.30
86083,114.30
86099,114.30
86115,111.76
86131,111.76
86147,111.76
86162,111.76
86178,114.30
86194,114.30
86210,111.76
86225,111.76
86242,111.76
86257,111.76
86273,111.76
86289,111.76
86304,111.76
86321,111.76
86336,111.76
86351,111.76
86368,111.76
86383,111.76
86400,111.76
86415,111.76
86431,111.76
86447,111.76
86462,111.76
86478,111.76
86494,111.76
86510,111.76
86525,111.76
86542,111.76
86557,111.76
86573,111.76
86589,111.76
86604,111.76
86621,114.30
86636,114.30
86652,111.76
86668,111.76
86683,111.76
86700,111.76
86715,111.76
86731,111.76
86747,111.76
86762,111.76
86778,114.30
86794,111.76
86810,111.76
86825,111.76
86842,111.76
86857,157.48
86873,162.56
86889,162.56
86904,160.02
86921,160.02
86936,160.02
86952,160.02
86968,160.02
86983,157.48
87000,160.02
87015,160.02
87031,160.02
87047,160.02
87062,160.02
87078,160.02
87094,147.32
87110,129.54
87126,129.54
87142,129.54
87157,129.54
87173,129.54
87189,129.54
87204,129.54
87221,132.08
87236,129.54
87251,119.38
87268,116.84
87283,116.84
87300,116.84
87315,116.84
87331,116.84
87347,116.84
87362,114.30
87378,116.84
87394,114.30
87410,116.84
87426,116.84
87442,116.84
87457,114.30
87473,114.30
87489,114.30
87504,114.30
87521,114.30
87536,114.30
87552,111.76
87568,111.76
87583,111.76
87600,111.76
87615,114.30
87631,111.76
87647,111.76
87662,111.76
87678,111.76
87694,111.76
87710,111.76
87726,111.76
87742,111.76
87757,114.30
87773,111.76
-1,-1
