14,25.40
30,22.86
46,22.86
61,22.86
76,22.86
93,30.48
108,35.56
123,35.56
140,35.56
155,35.56
171,38.10
186,35.56
202,25.40
218,25.40
233,22.86
249,22.86
265,22.86
280,20.32
295,35.56
312,35.56
327,35.56
343,38.10
359,38.10
374,38.10
390,38.10
405,38.10
421,38.10
437,38.10
452,38.10
468,35.56
484,35.56
499,38.10
515,38.10
531,38.10
546,38.10
562,35.56
578,38.10
593,35.56
609,35.56
624,38.10
641,43.18
656,76.20
671,78.74
688,78.74
703,76.20
718,76.20
734,76.20
750,76.20
765,76.20
781,76.20
797,76.20
813,76.20
828,76.20
843,76.20
860,76.20
875,76.20
890,78.74
907,78.74
922,81.28
937,81.28
953,81.28
969,86.36
985,78.74
1000,48.26
1016,45.72
1032,45.72
1047,76.20
1063,81.28
1079,81.28
1094,81.28
1111,81.28
1126,81.28
1141,81.28
1158,81.28
1173,81.28
1188,81.28
1205,81.28
1220,81.28
1235,55.88
1252,43.18
1267,40.64
1283,38.10
1299,38.10
1314,38.10
1330,38.10
1346,38.10
1361,38.10
1377,38.10
1393,38.10
1409,38.10
1424,38.10
1440,38.10
1456,38.10
1471,38.10
1487,38.10
1503,38.10
1518,38.10
1534,38.10
1550,40.64
1565,38.10
1582,38.10
1597,104.14
1612,106.68
1629,106.68
1644,109.22
1660,109.22
1676,109.22
1691,109.22
1708,109.22
1723,109.22
1738,109.22
1755,109.22
1770,109.22
1786,109.22
1802,109.22
1817,109.22
1833,109.22
1849,109.22
1864,111.76
1881,111.76
1896,111.76
1912,109.22
1928,111.76
1943,114.30
1959,111.76
1975,111.76
1990,45.72
2007,38.10
2022,38.10
2037,83.82
2054,109.22
2069,109.22
2085,55.88
2101,40.64
2116,38.10
2132,38.10
2148,38.10
2163,38.10
2180,38.10
2195,38.10
2210,38.10
2227,38.10
2242,101.60
2257,114.30
2274,114.30
2289,45.72
2305,38.10
2321,38.10
2336,81.28
2352,109.22
2368,111.76
2383,111.76
2399,111.76
2415,111.76
2430,111.76
2447,111.76
2462,111.76
2478,109.22
2494,111.76
2509,109.22
2526,111.76
2541,109.22
2556,109.22
2573,109.22
2588,111.76
2604,109.22
2620,109.22
2635,109.22
2652,111.76
2667,109.22
2682,109.22
-1,-1
3698,38.10
3715,40.64
3730,38.10
3745,38.10
3762,35.56
3777,35.56
3792,38.10
3809,38.10
3824,55.88
3840,106.68
3856,109.22
3871,78.74
3887,43.18
3903,40.64
3918,40.64
3934,104.14
3950,109.22
3965,109.22
3982,45.72
3997,38.10
4013,38.10
4029,91.44
4044,109.22
4060,109.22
4076,109.22
4091,109.22
4107,109.22
4123,109.22
4139,109.22
4155,109.22
4170,109.22
4186,109.22
4202,109.22
4217,109.22
4233,109.22
4249,109.22
4264,109.22
4281,109.22
4296,109.22
4312,109.22
4328,111.76
4343,111.76
4359,111.76
4375,50.80
4390,38.10
4407,38.10
4422,35.56
4438,38.10
4454,38.10
4469,38.10
4485,35.56
4501,35.56
4516,35.56
4532,104.14
4548,111.76
4563,109.22
4579,40.64
4595,38.10
4611,38.10
4626,93.98
4642,111.76
4658,111.76
4673,109.22
4689,109.22
4705,109.22
4721,111.76
4737,111.76
4752,111.76
4768,66.04
4784,40.64
4799,38.10
4815,38.10
4831,104.14
4846,109.22
4862,109.22
4878,111.76
4894,109.22
4910,109.22
4925,109.22
4941,109.22
4957,109.22
4972,109.22
4988,109.22
5004,109.22
5020,50.80
5036,38.10
5051,38.10
5067,38.10
5083,38.10
5098,38.10
5114,38.10
5130,104.14
5145,109.22
5161,101.60
5177,43.18
5192,38.10
5209,38.10
5224,35.56
5239,35.56
5256,35.56
5271,38.10
5286,38.10
5303,38.10
5318,38.10
5334,38.10
5350,38.10
5365,43.18
5381,76.20
5397,78.74
5412,78.74
5428,78.74
5444,78.74
5459,78.74
5475,78.74
5491,78.74
5507,78.74
5522,78.74
5538,81.28
5554,81.28
5569,81.28
5585,78.74
5601,81.28
5616,81.28
5633,81.28
5648,81.28
5663,55.88
5680,45.72
5695,48.26
5710,45.72
5727,45.72
5742,45.72
5757,45.72
5774,78.74
5789,81.28
5805,81.28
5821,81.28
5836,81.28
5852,81.28
5868,81.28
5883,81.28
5899,81.28
5915,81.28
5931,81.28
5946,81.28
5962,81.28
5978,83.82
5993,83.82
6009,81.28
6025,78.74
6040,78.74
6056,76.20
6072,43.18
6087,40.64
6104,40.64
6119,40.64
6134,40.64
6151,38.10
6166,40.64
6181,40.64
6198,40.64
6213,40.64
6228,38.10
6245,38.10
6260,38.10
6276,38.10
6292,38.10
6307,38.10
6323,38.10
6339,38.10
6354,38.10
6370,38.10
-1,-1
7386,25.40
7402,27.94
7417,38.10
7433,35.56
7449,35.56
7464,38.10
7480,38.10
7496,38.10
7512,27.94
7527,25.40
7543,22.86
7559,35.56
7574,38.10
7590,38.10
7606,27.94
7621,25.40
7638,25.40
7653,22.86
7668,22.86
7685,22.86
7700,25.40
7715,35.56
7732,35.56
7747,35.56
7762,38.10
7779,38.10
7794,38.10
7810,38.10
7826,38.10
7841,38.10
7857,40.64
7873,40.64
7888,40.64
7904,38.10
7920,38.10
7936,38.10
7951,40.64
7967,40.64
7983,40.64
7998,40.64
8014,38.10
8030,38.10
8045,38.10
8061,73.66
8077,78.74
8092,78.74
8109,78.74
8124,76.20
8140,78.74
8156,78.74
8171,76.20
8187,76.20
8203,53.34
8218,43.18
8235,40.64
8250,40.64
8265,40.64
8282,40.64
8297,40.64
8312,40.64
8329,40.64
8344,40.64
8359,73.66
8376,78.74
8391,78.74
8407,43.18
8423,40.64
8438,40.64
8454,60.96
8470,78.74
8485,78.74
8501,78.74
8517,78.74
8532,76.20
8548,78.74
8564,78.74
8580,78.74
8595,68.58
8611,43.18
8627,38.10
8642,38.10
8658,101.60
8674,111.76
8689,111.76
8706,43.18
8721,38.10
8736,35.56
8753,78.74
8768,106.68
8783,109.22
8800,58.42
8815,38.10
8830,38.10
8847,38.10
8862,38.10
8878,38.10
8894,35.56
8909,35.56
8925,38.10
8941,38.10
8956,40.64
8972,38.10
8988,38.10
9004,38.10
9019,35.56
9035,35.56
9051,78.74
9066,106.68
9082,109.22
9098,109.22
9114,109.22
9129,109.22
9145,109.22
9161,109.22
9177,109.22
9192,91.44
9208,43.18
9224,38.10
9239,40.64
9255,101.60
9271,106.68
9287,106.68
9303,109.22
9318,111.76
9334,109.22
9350,50.80
9365,40.64
9381,40.64
9397,68.58
9412,109.22
9428,111.76
9444,111.76
9459,114.30
9476,111.76
9491,111.76
9507,111.76
9523,111.76
9538,111.76
9554,114.30
9570,114.30
9586,114.30
9602,114.30
9617,116.84
9633,114.30
9649,48.26
9664,40.64
9680,40.64
9696,71.12
9711,109.22
9728,111.76
9743,111.76
9758,114.30
9775,111.76
9790,111.76
9806,111.76
9822,111.76
9837,111.76
9853,109.22
9869,109.22
9885,111.76
9901,109.22
9916,111.76
9932,109.22
9948,109.22
9963,109.22
9979,111.76
9995,109.22
10011,109.22
10027,109.22
10042,109.22
10058,111.76
-1,-1
11074,109.22
11089,50.80
11106,40.64
11121,38.10
11137,38.10
11153,38.10
11168,38.10
11185,45.72
11200,106.68
11215,109.22
11232,91.44
11247,43.18
11264,38.10
11279,38.10
11294,99.06
11311,109.22
11326,109.22
11341,48.26
11358,40.64
11373,40.64
11389,83.82
11405,109.22
11420,109.22
11437,109.22
11452,109.22
11468,109.22
11484,109.22
11500,109.22
11515,109.22
11531,109.22
11547,109.22
11563,109.22
11579,109.22
11594,109.22
11610,109.22
11626,111.76
11641,111.76
11658,111.76
11673,114.30
11689,111.76
11705,111.76
11720,111.76
11737,111.76
11752,111.76
11768,111.76
11784,60.96
11799,43.18
11815,40.64
11831,38.10
11847,40.64
11863,38.10
11878,38.10
11894,106.68
11910,111.76
11926,111.76
11941,111.76
11957,111.76
11973,111.76
11988,111.76
12005,114.30
12020,111.76
12037,109.22
12052,109.22
12067,109.22
12084,111.76
12099,111.76
12115,111.76
12131,66.04
12146,43.18
12163,40.64
12178,38.10
12194,106.68
12210,106.68
12225,106.68
12241,109.22
12257,109.22
12273,109.22
12289,109.22
12305,109.22
12320,109.22
12336,109.22
12352,109.22
12367,109.22
12384,53.34
12399,40.64
12414,38.10
12431,38.10
12446,38.10
12463,40.64
12478,38.10
12493,38.10
12510,35.56
12525,35.56
12540,35.56
12557,35.56
12572,35.56
12589,99.06
12604,106.68
12619,106.68
12636,45.72
12651,40.64
12667,38.10
12683,35.56
12698,35.56
12715,35.56
12730,38.10
12745,38.10
12762,38.10
12777,43.18
12793,76.20
12809,78.74
12824,78.74
12840,78.74
12856,78.74
12871,78.74
12888,78.74
12903,78.74
12919,78.74
12935,76.20
12950,76.20
12966,76.20
12982,76.20
12997,76.20
13014,76.20
13029,76.20
13045,76.20
13061,78.74
13076,78.74
13092,78.74
13108,78.74
13123,78.74
13139,78.74
13155,78.74
13171,78.74
13187,78.74
13202,78.74
13218,78.74
13234,81.28
13249,86.36
13265,86.36
13281,81.28
13297,81.28
13313,81.28
13328,83.82
13344,83.82
13360,81.28
13375,50.80
13391,43.18
13407,40.64
13423,40.64
13438,38.10
13454,38.10
13470,38.10
13486,40.64
13501,40.64
13517,40.64
13533,38.10
13549,38.10
13564,38.10
13580,40.64
13596,40.64
13612,40.64
13627,83.82
13643,111.76
13659,111.76
13675,53.34
13690,38.10
13706,38.10
13722,30.48
13737,27.94
13754,25.40
-1,-1
14770,58.42
14785,43.18
14800,40.64
14817,30.48
14832,25.40
14848,25.40
14864,22.86
14879,96.52
14896,101.60
14911,101.60
14926,40.64
14943,38.10
14958,38.10
14974,38.10
14990,38.10
15005,38.10
15022,38.10
15037,40.64
15052,38.10
15069,27.94
15084,25.40
15100,22.86
15116,33.02
15131,35.56
15148,38.10
15163,38.10
15178,38.10
15195,38.10
15210,38.10
15226,104.14
15242,111.76
15257,109.22
15273,43.18
15289,38.10
15305,38.10
15321,63.50
15336,78.74
15352,78.74
15368,78.74
15384,81.28
15399,78.74
15415,78.74
15431,78.74
15447,78.74
15462,78.74
15478,76.20
15494,78.74
15510,76.20
15525,78.74
15541,78.74
15557,78.74
15572,43.18
15588,40.64
15604,40.64
15620,38.10
15636,38.10
15651,38.10
15667,40.64
15683,38.10
15698,40.64
15714,40.64
15730,40.64
15746,40.64
15762,48.26
15777,78.74
15793,78.74
15809,78.74
15824,81.28
15840,78.74
15856,78.74
15872,81.28
15888,81.28
15903,78.74
15919,81.28
15935,78.74
15950,81.28
15966,81.28
15982,78.74
15997,81.28
16014,81.28
16029,83.82
16045,81.28
16061,53.34
16076,38.10
16092,38.10
16108,38.10
16123,38.10
16140,38.10
16155,38.10
16171,38.10
16187,38.10
16202,38.10
16218,35.56
16234,35.56
16249,38.10
16266,38.10
16281,35.56
16296,35.56
16313,35.56
16328,38.10
16345,38.10
16360,63.50
16375,106.68
16392,109.22
16407,109.22
16423,109.22
16439,109.22
16454,109.22
16471,109.22
16486,109.22
16502,109.22
16518,109.22
16533,109.22
16549,109.22
16565,109.22
16581,109.22
16596,109.22
16613,45.72
16628,38.10
16644,35.56
16660,73.66
16675,109.22
16692,109.22
16707,109.22
16722,114.30
16739,111.76
16754,111.76
16771,111.76
16786,111.76
16801,111.76
16818,111.76
16833,111.76
16849,111.76
16865,43.18
16881,38.10
16897,38.10
16912,38.10
16928,38.10
16944,38.10
16959,38.10
16975,38.10
16991,38.10
17007,66.04
17022,121.92
17038,124.46
17054,121.92
17070,111.76
17086,114.30
17101,111.76
17117,114.30
17133,114.30
17148,111.76
17165,43.18
17180,38.10
17196,38.10
17212,96.52
17227,109.22
17244,109.22
17259,109.22
17275,109.22
17291,109.22
17306,109.22
17323,109.22
17338,109.22
17354,109.22
17370,109.22
17385,109.22
17401,109.22
17417,109.22
17433,109.22
17448,109.22
-1,-1
18464,35.56
18481,38.10
18496,48.26
18511,106.68
18528,109.22
18543,86.36
18560,43.18
18575,38.10
18590,38.10
18607,35.56
18622,35.56
18637,38.10
18654,93.98
18669,109.22
18685,109.22
18701,48.26
18716,40.64
18733,40.64
18748,71.12
18764,109.22
18780,109.22
18795,66.04
18811,40.64
18827,38.10
18843,38.10
18859,104.14
18874,109.22
18890,109.22
18906,109.22
18922,109.22
18937,109.22
18953,111.76
18969,111.76
18984,111.76
19001,109.22
19016,109.22
19033,109.22
19048,111.76
19063,111.76
19080,111.76
19095,111.76
19111,111.76
19127,111.76
19143,111.76
19159,114.30
19174,114.30
19190,91.44
19206,40.64
19222,38.10
19237,38.10
19253,104.14
19269,114.30
19284,111.76
19301,45.72
19316,38.10
19332,35.56
19348,83.82
19363,109.22
19379,111.76
19395,111.76
19410,111.76
19427,111.76
19442,111.76
19459,111.76
19474,111.76
19489,111.76
19506,109.22
19521,109.22
19537,109.22
19553,109.22
19569,109.22
19585,109.22
19600,109.22
19616,109.22
19632,109.22
19648,109.22
19663,109.22
19679,109.22
19695,109.22
19710,109.22
19727,109.22
19742,109.22
19759,109.22
19774,109.22
19789,63.50
19806,40.64
19821,35.56
19837,38.10
19853,38.10
19868,38.10
19885,38.10
19900,38.10
19915,35.56
19932,35.56
19947,35.56
19963,35.56
19979,35.56
19994,35.56
20011,35.56
20026,35.56
20042,38.10
20058,38.10
20073,38.10
20089,38.10
20105,35.56
20120,35.56
20136,38.10
20152,109.22
20168,111.76
20184,111.76
20199,83.82
20215,78.74
20231,78.74
20247,78.74
20262,81.28
20278,81.28
20294,81.28
20310,78.74
20325,78.74
20341,78.74
20357,76.20
20373,78.74
20388,76.20
20404,78.74
20420,78.74
20435,76.20
20451,76.20
20467,76.20
20483,78.74
20499,78.74
20514,78.74
20530,78.74
20546,78.74
20561,78.74
20577,78.74
20593,78.74
20609,78.74
20625,78.74
20640,78.74
20656,78.74
20672,78.74
20687,78.74
20703,76.20
20719,78.74
20734,53.34
20751,40.64
20766,38.10
20782,38.10
20798,73.66
20813,76.20
20829,71.12
20845,40.64
20860,38.10
20877,38.10
20892,35.56
20908,38.10
20924,38.10
20939,40.64
20955,40.64
20971,40.64
20986,38.10
21003,35.56
21018,38.10
21033,30.48
21050,27.94
21065,27.94
21081,33.02
21097,35.56
21112,35.56
21129,30.48
21144,25.40
-1,-1
22160,35.56
22175,30.48
22192,27.94
22207,22.86
22223,25.40
22239,35.56
22254,38.10
22270,38.10
22286,35.56
22301,35.56
22318,35.56
22333,38.10
22349,35.56
22365,35.56
22380,27.94
22396,25.40
22412,22.86
22427,33.02
22444,35.56
22459,38.10
22475,35.56
22491,38.10
22506,35.56
22522,35.56
22538,38.10
22553,35.56
22569,38.10
22585,30.48
22601,27.94
22617,27.94
22632,35.56
22648,38.10
22664,35.56
22679,38.10
22695,38.10
22711,35.56
22727,35.56
22743,35.56
22758,38.10
22774,35.56
22790,38.10
22805,38.10
22821,35.56
22837,73.66
22853,76.20
22868,76.20
22884,78.74
22900,78.74
22916,78.74
22931,76.20
22947,76.20
22963,78.74
22979,76.20
22994,78.74
23010,76.20
23026,76.20
23042,76.20
23057,76.20
23073,76.20
23089,76.20
23105,76.20
23120,78.74
23136,78.74
23152,78.74
23168,76.20
23183,45.72
23199,43.18
23215,40.64
23231,71.12
23246,81.28
23262,78.74
23278,81.28
23293,78.74
23310,78.74
23325,78.74
23341,78.74
23357,81.28
23372,78.74
23388,81.28
23404,78.74
23419,60.96
23436,38.10
23451,38.10
23467,35.56
23483,38.10
23498,38.10
23514,38.10
23530,35.56
23545,38.10
23562,38.10
23577,38.10
23592,38.10
23609,35.56
23624,40.64
23640,40.64
23656,38.10
23671,38.10
23688,35.56
23703,35.56
23718,35.56
23735,35.56
23750,35.56
23766,35.56
23782,104.14
23797,109.22
23814,109.22
23829,109.22
23845,109.22
23861,109.22
23876,109.22
23892,109.22
23908,109.22
23924,109.22
23940,109.22
23955,109.22
23971,109.22
23987,109.22
24003,109.22
24018,109.22
24035,109.22
24050,109.22
24066,81.28
24082,43.18
24097,40.64
24114,38.10
24129,101.60
24144,106.68
24161,109.22
24176,45.72
24193,40.64
24208,40.64
24223,91.44
24240,111.76
24255,111.76
24271,50.80
24287,38.10
24302,38.10
24318,38.10
24334,38.10
24349,38.10
24366,43.18
24381,111.76
24397,114.30
24413,93.98
24428,40.64
24444,38.10
24460,38.10
24476,101.60
24492,111.76
24507,111.76
24523,111.76
24539,111.76
24555,111.76
24570,109.22
24587,111.76
24602,111.76
24617,111.76
24634,109.22
24649,111.76
24666,109.22
24681,109.22
24696,111.76
24713,109.22
24728,109.22
24744,109.22
24760,109.22
24776,109.22
24792,109.22
24807,109.22
24823,109.22
24839,109.22
-1,-1
25854,96.52
25871,43.18
25886,38.10
25902,38.10
25918,38.10
25933,35.56
25950,35.56
25965,35.56
25980,38.10
25997,35.56
26012,78.74
26028,106.68
26044,106.68
26059,55.88
26076,40.64
26091,38.10
26106,38.10
26123,35.56
26138,38.10
26155,38.10
26170,104.14
26185,109.22
26202,109.22
26217,106.68
26233,106.68
26249,106.68
26264,109.22
26280,109.22
26296,109.22
26312,111.76
26328,109.22
26344,109.22
26359,109.22
26375,109.22
26391,109.22
26406,111.76
26423,111.76
26438,111.76
26455,111.76
26470,111.76
26485,111.76
26502,111.76
26517,121.92
26533,124.46
26549,124.46
26564,48.26
26580,43.18
26596,40.64
26612,93.98
26628,114.30
26643,114.30
26659,111.76
26675,111.76
26691,111.76
26706,111.76
26722,111.76
26738,111.76
26754,111.76
26770,111.76
26785,111.76
26802,111.76
26817,109.22
26832,109.22
26849,106.68
26864,45.72
26881,40.64
26896,38.10
26911,99.06
26928,109.22
26943,109.22
26959,109.22
26975,109.22
26990,109.22
27006,109.22
27022,109.22
27038,109.22
27054,109.22
27070,109.22
27085,109.22
27101,71.12
27117,38.10
27132,35.56
27149,38.10
27164,104.14
27180,109.22
27196,106.68
27211,43.18
27228,40.64
27243,38.10
27258,35.56
27275,35.56
27290,38.10
27305,35.56
27322,38.10
27337,35.56
27354,68.58
27369,106.68
27384,109.22
27401,63.50
27416,40.64
27432,38.10
27448,38.10
27463,35.56
27480,38.10
27495,35.56
27510,35.56
27527,35.56
27542,38.10
27558,71.12
27574,76.20
27589,76.20
27606,78.74
27621,81.28
27637,78.74
27653,78.74
27668,78.74
27684,78.74
27700,78.74
27715,78.74
27731,78.74
27747,81.28
27763,81.28
27779,78.74
27794,78.74
27810,78.74
27826,78.74
27841,76.20
27857,76.20
27873,76.20
27889,83.82
27905,45.72
27920,40.64
27936,38.10
27952,60.96
27967,78.74
27983,78.74
27999,78.74
28015,78.74
28030,78.74
28046,78.74
28062,78.74
28078,76.20
28093,76.20
28109,78.74
28125,81.28
28141,78.74
28156,78.74
28172,78.74
28188,78.74
28204,40.64
28219,38.10
28235,35.56
28251,58.42
28267,78.74
28282,78.74
28298,48.26
28314,40.64
28329,38.10
28345,38.10
28361,38.10
28377,38.10
28393,38.10
28408,38.10
28424,35.56
28440,35.56
28455,27.94
28471,27.94
28487,27.94
28503,35.56
28519,35.56
28534,35.56
-1,-1
29550,25.40
29565,22.86
29582,22.86
29597,38.10
29613,38.10
29629,38.10
29644,38.10
29661,38.10
29676,35.56
29691,38.10
29708,38.10
29723,38.10
29740,30.48
29755,25.40
29770,22.86
29787,27.94
29802,35.56
29817,38.10
29834,35.56
29849,27.94
29865,27.94
29881,25.40
29896,35.56
29913,38.10
29928,35.56
29943,30.48
29960,27.94
29975,27.94
29991,35.56
30007,38.10
30022,38.10
30039,38.10
30054,38.10
30069,38.10
30086,38.10
30101,38.10
30117,35.56
30133,38.10
30148,38.10
30164,38.10
30180,38.10
30195,38.10
30212,38.10
30227,38.10
30243,63.50
30259,73.66
30274,73.66
30290,76.20
30306,76.20
30322,76.20
30338,76.20
30353,76.20
30369,76.20
30385,76.20
30400,76.20
30416,76.20
30432,76.20
30448,76.20
30464,76.20
30479,78.74
30495,76.20
30511,76.20
30526,78.74
30542,78.74
30558,78.74
30574,78.74
30589,78.74
30605,78.74
30621,78.74
30637,81.28
30652,81.28
30668,81.28
30684,81.28
30700,78.74
30715,78.74
30731,78.74
30747,78.74
30763,78.74
30778,76.20
30794,40.64
30810,38.10
30826,38.10
30841,96.52
30857,111.76
30873,111.76
30888,45.72
30905,38.10
30920,38.10
30936,38.10
30952,38.10
30967,38.10
30984,35.56
30999,38.10
31014,38.10
31031,38.10
31046,38.10
31062,38.10
31078,38.10
31093,35.56
31110,38.10
31125,35.56
31140,99.06
31157,109.22
31172,109.22
31188,109.22
31204,109.22
31219,109.22
31236,109.22
31251,109.22
31267,109.22
31283,109.22
31298,109.22
31314,109.22
31330,109.22
31346,109.22
31362,109.22
31378,109.22
31393,109.22
31409,109.22
31425,109.22
31440,109.22
31457,109.22
31472,109.22
31489,109.22
31504,109.22
31519,109.22
31536,48.26
31551,40.64
31567,40.64
31583,78.74
31598,109.22
31614,111.76
31630,58.42
31646,38.10
31662,35.56
31677,38.10
31693,109.22
31709,114.30
31725,96.52
31740,40.64
31756,38.10
31772,38.10
31788,114.30
31803,124.46
31819,124.46
31835,50.80
31851,43.18
31866,40.64
31882,81.28
31898,109.22
31913,111.76
31930,111.76
31945,111.76
31962,111.76
31977,111.76
31992,109.22
32009,109.22
32024,109.22
32040,109.22
32056,109.22
32071,109.22
32088,109.22
32103,109.22
32119,109.22
32135,109.22
32151,109.22
32166,109.22
32182,111.76
32198,109.22
32214,111.76
32230,50.80
-1,-1
33246,109.22
33261,109.22
33277,45.72
33293,40.64
33308,38.10
33325,38.10
33340,38.10
33355,40.64
33372,38.10
33387,35.56
33403,35.56
33419,38.10
33434,40.64
33451,38.10
33466,38.10
33481,35.56
33498,35.56
33513,35.56
33529,99.06
33545,106.68
33560,109.22
33576,45.72
33592,40.64
33608,35.56
33624,78.74
33639,106.68
33655,106.68
33671,109.22
33687,109.22
33702,109.22
33718,109.22
33734,109.22
33750,109.22
33766,109.22
33781,109.22
33797,109.22
33813,111.76
33828,111.76
33845,109.22
33860,109.22
33876,114.30
33892,114.30
33907,114.30
33924,121.92
33939,124.46
33955,124.46
33971,119.38
33987,114.30
34002,114.30
34018,114.30
34034,111.76
34050,111.76
34066,73.66
34081,40.64
34097,38.10
34113,38.10
34128,40.64
34145,40.64
34160,40.64
34176,99.06
34192,109.22
34207,106.68
34224,45.72
34239,40.64
34254,38.10
34271,76.20
34286,106.68
34301,109.22
34318,111.76
34333,111.76
34350,111.76
34365,71.12
34381,43.18
34397,40.64
34412,38.10
34428,104.14
34444,106.68
34459,109.22
34476,109.22
34491,109.22
34507,109.22
34523,109.22
34539,109.22
34554,109.22
34570,109.22
34586,109.22
34601,109.22
34618,50.80
34633,38.10
34649,35.56
34665,35.56
34680,35.56
34697,38.10
34712,35.56
34727,35.56
34744,35.56
34759,35.56
34775,35.56
34791,38.10
34806,38.10
34823,35.56
34838,35.56
34853,38.10
34870,35.56
34885,35.56
34902,38.10
34917,38.10
34932,38.10
34949,38.10
34964,35.56
34979,35.56
34996,38.10
35011,40.64
35027,76.20
35043,78.74
35058,78.74
35075,78.74
35090,78.74
35105,78.74
35122,76.20
35137,78.74
35153,78.74
35169,81.28
35184,78.74
35201,78.74
35216,76.20
35231,78.74
35248,78.74
35263,78.74
35279,81.28
35295,81.28
35310,81.28
35326,78.74
35342,78.74
35357,78.74
35374,78.74
35389,78.74
35405,78.74
35421,81.28
35436,81.28
35452,81.28
35468,78.74
35483,78.74
35500,76.20
35515,78.74
35531,81.28
35547,78.74
35562,45.72
35578,38.10
35594,38.10
35609,38.10
35625,40.64
35641,40.64
35657,38.10
35673,38.10
35688,38.10
35704,38.10
35720,38.10
35736,35.56
35751,38.10
35767,38.10
35783,38.10
35799,38.10
35814,40.64
35830,40.64
35846,40.64
35862,38.10
35877,38.10
35893,38.10
35909,27.94
35924,25.40
-1,-1
36940,22.86
36956,71.12
36972,111.76
36987,111.76
37004,48.26
37019,25.40
37035,22.86
37051,22.86
37066,22.86
37083,22.86
37098,25.40
37113,35.56
37130,35.56
37145,35.56
37160,38.10
37177,38.10
37192,38.10
37209,25.40
37224,22.86
37239,22.86
37256,35.56
37271,35.56
37286,35.56
37303,35.56
37318,35.56
37335,35.56
37350,43.18
37365,109.22
37382,111.76
37397,91.44
37413,40.64
37429,38.10
37444,38.10
37460,38.10
37476,40.64
37491,40.64
37508,68.58
37523,78.74
37539,78.74
37555,45.72
37570,40.64
37586,38.10
37602,38.10
37618,38.10
37634,38.10
37649,43.18
37665,76.20
37681,78.74
37696,76.20
37712,76.20
37728,76.20
37744,78.74
37760,76.20
37775,76.20
37791,78.74
37807,76.20
37822,76.20
37838,78.74
37854,78.74
37870,76.20
37885,78.74
37901,78.74
37917,78.74
37933,78.74
37948,78.74
37964,78.74
37980,78.74
37996,78.74
38011,78.74
38027,78.74
38043,78.74
38059,78.74
38074,78.74
38090,78.74
38106,40.64
38122,38.10
38137,38.10
38153,66.04
38169,78.74
38184,78.74
38200,45.72
38216,40.64
38232,35.56
38248,35.56
38263,38.10
38279,38.10
38295,45.72
38310,109.22
38327,111.76
38342,88.90
38358,40.64
38374,38.10
38389,38.10
38406,38.10
38421,38.10
38436,40.64
38453,38.10
38468,38.10
38483,38.10
38500,81.28
38515,109.22
38532,109.22
38547,53.34
38562,43.18
38579,38.10
38594,53.34
38610,106.68
38626,109.22
38641,109.22
38658,109.22
38673,109.22
38689,109.22
38705,109.22
38720,109.22
38736,109.22
38752,109.22
38768,109.22
38784,111.76
38800,48.26
38815,40.64
38831,40.64
38847,78.74
38862,106.68
38878,109.22
38894,109.22
38909,111.76
38926,111.76
38941,111.76
38958,111.76
38973,111.76
38988,91.44
39005,40.64
39020,38.10
39036,38.10
39052,101.60
39067,111.76
39084,111.76
39099,114.30
39115,114.30
39131,114.30
39146,114.30
39162,114.30
39178,114.30
39194,119.38
39209,124.46
39226,124.46
39241,119.38
39257,114.30
39273,111.76
39288,78.74
39305,40.64
39320,38.10
39335,38.10
39352,104.14
39367,111.76
39384,111.76
39399,111.76
39414,109.22
39431,109.22
39446,109.22
39462,109.22
39478,109.22
39494,109.22
39510,109.22
39525,109.22
39541,109.22
39557,109.22
39573,109.22
39588,109.22
39605,109.22
39620,109.22
-1,-1
40636,109.22
40651,109.22
40668,109.22
40683,58.42
40699,38.10
40715,35.56
40730,40.64
40747,104.14
40762,109.22
40778,109.22
40794,109.22
40809,109.22
40825,109.22
40841,45.72
40857,40.64
40872,40.64
40888,93.98
40904,109.22
40920,109.22
40936,109.22
40951,109.22
40968,109.22
40983,109.22
40998,109.22
41015,109.22
41030,109.22
41047,109.22
41062,109.22
41077,109.22
41094,109.22
41109,109.22
41125,109.22
41141,109.22
41157,109.22
41172,111.76
41188,45.72
41204,40.64
41220,40.64
41236,88.90
41251,111.76
41267,111.76
41283,53.34
41298,43.18
41315,40.64
41330,58.42
41346,119.38
41362,121.92
41377,121.92
41394,114.30
41409,114.30
41424,114.30
41441,111.76
41456,111.76
41473,111.76
41488,111.76
41503,111.76
41520,111.76
41535,111.76
41551,111.76
41567,111.76
41583,111.76
41598,111.76
41614,111.76
41630,111.76
41646,109.22
41662,109.22
41677,63.50
41693,43.18
41709,40.64
41724,40.64
41741,106.68
41756,109.22
41772,109.22
41788,109.22
41803,109.22
41820,109.22
41835,109.22
41851,109.22
41867,109.22
41882,109.22
41899,109.22
41914,109.22
41930,109.22
41946,109.22
41961,109.22
41977,109.22
41993,109.22
42009,111.76
42024,68.58
42041,40.64
42056,38.10
42072,38.10
42088,104.14
42103,109.22
42120,104.14
42135,43.18
42150,40.64
42167,38.10
42182,38.10
42198,35.56
42214,38.10
42229,38.10
42246,35.56
42261,38.10
42276,50.80
42293,78.74
42308,81.28
42323,50.80
42340,38.10
42355,38.10
42372,38.10
42387,76.20
42402,78.74
42419,78.74
42434,78.74
42449,78.74
42466,81.28
42481,78.74
42498,78.74
42513,81.28
42528,81.28
42545,78.74
42560,81.28
42575,78.74
42592,76.20
42607,76.20
42624,78.74
42639,81.28
42654,78.74
42671,58.42
42686,38.10
42701,38.10
42718,40.64
42733,40.64
42749,43.18
42765,40.64
42780,76.20
42797,81.28
42812,81.28
42828,78.74
42844,78.74
42859,78.74
42875,78.74
42891,78.74
42906,78.74
42923,50.80
42938,40.64
42954,40.64
42970,40.64
42985,40.64
43001,40.64
43017,40.64
43032,38.10
43048,38.10
43064,38.10
43080,35.56
43096,38.10
43111,38.10
43127,38.10
43143,38.10
43158,38.10
43174,38.10
43190,38.10
43206,38.10
43222,38.10
43237,38.10
43253,38.10
43269,38.10
43284,38.10
43300,38.10
43316,38.10
-1,-1
44332,25.40
44348,25.40
44363,22.86
44379,22.86
44395,22.86
44410,27.94
44426,38.10
44442,38.10
44457,35.56
44474,25.40
44489,22.86
44505,22.86
44521,22.86
44536,22.86
44553,22.86
44568,35.56
44583,35.56
44600,35.56
44615,35.56
44631,35.56
44647,35.56
44662,35.56
44679,35.56
44694,35.56
44709,38.10
44726,35.56
44741,35.56
44756,35.56
44773,35.56
44788,38.10
44805,38.10
44820,99.06
44835,111.76
44852,114.30
44867,45.72
44883,38.10
44899,38.10
44914,40.64
44931,40.64
44946,40.64
44961,38.10
44978,38.10
44993,38.10
45009,40.64
45025,73.66
45040,76.20
45057,76.20
45072,76.20
45087,76.20
45104,78.74
45119,78.74
45135,78.74
45151,78.74
45166,45.72
45182,40.64
45198,38.10
45213,40.64
45230,40.64
45245,40.64
45261,53.34
45277,78.74
45292,78.74
45308,78.74
45324,78.74
45339,78.74
45356,78.74
45371,78.74
45387,78.74
45403,78.74
45418,78.74
45434,78.74
45450,76.20
45465,81.28
45481,78.74
45497,78.74
45513,78.74
45529,78.74
45544,81.28
45560,48.26
45576,40.64
45592,38.10
45607,38.10
45623,38.10
45639,38.10
45655,38.10
45670,35.56
45686,38.10
45702,38.10
45718,35.56
45733,38.10
45749,38.10
45765,35.56
45780,35.56
45796,38.10
45812,35.56
45828,38.10
45844,38.10
45859,35.56
45875,35.56
45891,38.10
45906,35.56
45923,35.56
45938,35.56
45954,40.64
45970,106.68
45985,109.22
46001,109.22
46017,109.22
46032,109.22
46049,109.22
46064,109.22
46081,109.22
46096,109.22
46111,109.22
46128,109.22
46143,109.22
46159,48.26
46175,40.64
46190,40.64
46206,38.10
46222,38.10
46238,38.10
46254,53.34
46269,106.68
46285,109.22
46301,109.22
46317,109.22
46332,111.76
46348,109.22
46364,111.76
46380,111.76
46396,111.76
46411,111.76
46428,111.76
46443,111.76
46458,111.76
46475,111.76
46490,111.76
46507,114.30
46522,114.30
46537,114.30
46554,114.30
46569,114.30
46585,114.30
46601,114.30
46617,114.30
46632,114.30
46648,114.30
46664,124.46
46680,124.46
46696,121.92
46711,43.18
46728,38.10
46743,38.10
46758,93.98
46775,109.22
46790,109.22
46806,109.22
46822,109.22
46837,109.22
46854,109.22
46869,109.22
46885,109.22
46901,109.22
46916,109.22
46932,109.22
46948,109.22
46964,109.22
46980,109.22
46996,109.22
47011,109.22
-1,-1
48027,35.56
48043,45.72
48059,106.68
48074,109.22
48091,88.90
48106,43.18
48121,38.10
48138,38.10
48153,101.60
48169,109.22
48185,109.22
48200,45.72
48217,40.64
48232,38.10
48248,38.10
48264,38.10
48279,40.64
48295,68.58
48311,106.68
48326,106.68
48343,109.22
48358,109.22
48374,109.22
48390,109.22
48406,109.22
48421,109.22
48437,109.22
48453,109.22
48468,109.22
48485,109.22
48500,109.22
48517,109.22
48532,109.22
48547,109.22
48564,111.76
48579,109.22
48595,109.22
48611,109.22
48626,109.22
48643,111.76
48658,111.76
48674,111.76
48690,111.76
48706,111.76
48721,111.76
48737,88.90
48753,40.64
48769,38.10
48785,38.10
48800,101.60
48816,114.30
48832,114.30
48847,43.18
48864,38.10
48879,38.10
48894,38.10
48911,38.10
48926,38.10
48942,71.12
48958,109.22
48973,111.76
48990,111.76
49005,111.76
49021,111.76
49037,111.76
49052,111.76
49069,109.22
49084,111.76
49100,109.22
49116,109.22
49131,109.22
49147,109.22
49163,111.76
49179,109.22
49195,109.22
49211,109.22
49226,109.22
49242,109.22
49258,109.22
49273,109.22
49290,109.22
49305,109.22
49321,109.22
49337,109.22
49352,109.22
49369,109.22
49384,83.82
49400,43.18
49416,38.10
49431,40.64
49447,38.10
49463,38.10
49479,35.56
49495,38.10
49510,35.56
49526,38.10
49542,35.56
49557,35.56
49573,35.56
49589,35.56
49605,35.56
49620,35.56
49636,35.56
49652,35.56
49668,35.56
49683,38.10
49699,109.22
49715,111.76
49731,111.76
49746,81.28
49762,78.74
49778,81.28
49794,78.74
49810,78.74
49825,78.74
49841,78.74
49857,78.74
49872,81.28
49888,78.74
49904,78.74
49920,78.74
49936,78.74
49951,78.74
49967,78.74
49983,76.20
49998,78.74
50014,78.74
50030,78.74
50045,78.74
50062,78.74
50077,78.74
50093,78.74
50109,78.74
50124,78.74
50140,45.72
50156,40.64
50171,40.64
50188,40.64
50203,40.64
50219,40.64
50235,55.88
50250,76.20
50267,76.20
50282,50.80
50297,40.64
50314,38.10
50329,38.10
50344,76.20
50361,78.74
50376,73.66
50393,43.18
50408,38.10
50423,35.56
50440,38.10
50455,40.64
50470,40.64
50487,38.10
50502,38.10
50519,38.10
50534,40.64
50549,38.10
50566,40.64
50581,38.10
50596,38.10
50613,38.10
50628,38.10
50644,38.10
50660,40.64
50675,40.64
50692,38.10
50707,38.10
-1,-1
51723,30.48
51739,25.40
51755,22.86
51770,22.86
51786,22.86
51802,22.86
51817,22.86
51833,35.56
51849,35.56
51865,38.10
51880,35.56
51896,35.56
51912,35.56
51928,27.94
51943,25.40
51959,22.86
51975,22.86
51991,22.86
52006,22.86
52022,30.48
52038,35.56
52054,35.56
52069,38.10
52085,38.10
52101,38.10
52117,38.10
52132,30.48
52148,27.94
52164,27.94
52179,35.56
52195,38.10
52211,38.10
52227,38.10
52243,38.10
52258,38.10
52274,38.10
52290,38.10
52305,38.10
52321,38.10
52337,40.64
52353,40.64
52369,40.64
52384,38.10
52400,38.10
52416,38.10
52431,35.56
52447,38.10
52463,38.10
52478,71.12
52495,78.74
52510,78.74
52526,78.74
52542,76.20
52557,76.20
52574,76.20
52589,78.74
52604,76.20
52621,78.74
52636,78.74
52652,78.74
52668,78.74
52683,78.74
52700,78.74
52715,78.74
52730,78.74
52747,78.74
52762,78.74
52777,78.74
52794,78.74
52809,83.82
52826,78.74
52841,78.74
52856,78.74
52873,81.28
52888,78.74
52903,78.74
52920,81.28
52935,81.28
52952,78.74
52967,55.88
52982,38.10
52999,38.10
53014,38.10
53029,106.68
53046,111.76
53061,111.76
53078,40.64
53093,38.10
53108,38.10
53125,38.10
53140,40.64
53156,40.64
53172,38.10
53187,38.10
53203,38.10
53219,38.10
53234,38.10
53251,35.56
53266,38.10
53282,35.56
53298,38.10
53313,38.10
53329,104.14
53345,109.22
53361,106.68
53377,109.22
53392,109.22
53408,109.22
53424,109.22
53440,109.22
53455,109.22
53472,109.22
53487,109.22
53502,109.22
53519,109.22
53534,109.22
53551,109.22
53566,109.22
53582,109.22
53598,109.22
53613,109.22
53629,109.22
53645,109.22
53661,109.22
53677,111.76
53692,111.76
53708,111.76
53724,111.76
53740,111.76
53755,111.76
53772,111.76
53787,111.76
53803,111.76
53819,111.76
53834,111.76
53851,111.76
53866,111.76
53882,111.76
53898,111.76
53913,114.30
53929,114.30
53945,114.30
53961,114.30
53977,124.46
53992,124.46
54008,106.68
54024,45.72
54040,40.64
54055,40.64
54071,38.10
54087,38.10
54103,38.10
54119,93.98
54134,111.76
54150,111.76
54166,111.76
54181,111.76
54198,111.76
54213,111.76
54228,111.76
54245,109.22
54260,111.76
54277,111.76
54292,109.22
54308,109.22
54324,109.22
54339,111.76
54355,111.76
54371,109.22
54387,109.22
54403,109.22
-1,-1
55418,106.68
55435,109.22
55450,109.22
55465,109.22
55482,109.22
55497,109.22
55514,45.72
55529,40.64
55544,38.10
55561,93.98
55576,109.22
55592,109.22
55608,48.26
55623,40.64
55640,38.10
55655,35.56
55671,35.56
55687,35.56
55702,38.10
55718,38.10
55734,38.10
55750,40.64
55766,38.10
55781,38.10
55797,38.10
55813,38.10
55828,38.10
55844,38.10
55860,96.52
55876,106.68
55891,106.68
55907,48.26
55923,40.64
55939,38.10
55955,35.56
55970,35.56
55986,38.10
56002,35.56
56017,35.56
56033,35.56
56049,35.56
56065,114.30
56081,119.38
56096,119.38
56112,114.30
56128,114.30
56143,114.30
56160,114.30
56175,114.30
56192,114.30
56207,111.76
56222,111.76
56239,111.76
56254,111.76
56270,111.76
56286,111.76
56302,111.76
56317,111.76
56333,111.76
56349,111.76
56365,111.76
56381,111.76
56396,111.76
56412,111.76
56428,111.76
56443,111.76
56460,109.22
56475,109.22
56492,109.22
56507,109.22
56522,109.22
56539,111.76
56554,109.22
56570,109.22
56586,109.22
56602,53.34
56617,40.64
56633,38.10
56649,66.04
56665,106.68
56680,109.22
56696,109.22
56712,109.22
56728,109.22
56743,91.44
56760,40.64
56775,35.56
56791,35.56
56807,38.10
56822,38.10
56838,38.10
56854,38.10
56869,35.56
56886,35.56
56901,35.56
56916,35.56
56933,35.56
56948,38.10
56964,38.10
56980,38.10
56995,38.10
57012,35.56
57027,35.56
57042,38.10
57059,35.56
57074,35.56
57090,38.10
57106,35.56
57121,38.10
57138,38.10
57153,71.12
57168,78.74
57185,78.74
57200,78.74
57217,78.74
57232,78.74
57247,78.74
57264,78.74
57279,78.74
57294,78.74
57311,78.74
57326,81.28
57342,78.74
57358,81.28
57373,81.28
57390,78.74
57405,78.74
57420,78.74
57437,78.74
57452,78.74
57468,78.74
57484,78.74
57499,45.72
57516,43.18
57531,43.18
57546,40.64
57563,38.10
57578,38.10
57594,38.10
57610,38.10
57625,38.10
57641,43.18
57657,78.74
57672,78.74
57689,78.74
57704,78.74
57720,76.20
57736,76.20
57751,40.64
57767,38.10
57783,38.10
57798,38.10
57815,38.10
57830,38.10
57846,35.56
57862,38.10
57877,38.10
57893,38.10
57909,38.10
57925,38.10
57940,38.10
57956,40.64
57972,40.64
57988,40.64
58003,38.10
58019,40.64
58035,38.10
58051,38.10
58066,38.10
58082,38.10
58098,38.10
-1,-1
59114,38.10
59129,38.10
59145,38.10
59161,35.56
59176,38.10
59193,38.10
59208,40.64
59224,40.64
59240,38.10
59255,35.56
59271,35.56
59287,27.94
59302,25.40
59319,22.86
59334,33.02
59350,38.10
59366,38.10
59381,35.56
59397,35.56
59413,38.10
59428,38.10
59445,35.56
59460,38.10
59475,38.10
59492,38.10
59507,38.10
59524,38.10
59539,38.10
59554,38.10
59571,38.10
59586,38.10
59601,38.10
59618,38.10
59633,38.10
59650,35.56
59665,38.10
59680,38.10
59697,38.10
59712,40.64
59727,40.64
59744,38.10
59759,38.10
59776,40.64
59791,73.66
59806,78.74
59823,78.74
59838,78.74
59854,78.74
59870,78.74
59885,78.74
59901,78.74
59917,78.74
59932,78.74
59949,78.74
59964,78.74
59980,78.74
59996,76.20
60011,78.74
60027,78.74
60043,78.74
60058,78.74
60075,78.74
60090,78.74
60106,78.74
60122,78.74
60137,78.74
60153,78.74
60169,78.74
60184,81.28
60200,81.28
60216,81.28
60232,81.28
60248,81.28
60263,81.28
60279,78.74
60295,81.28
60310,81.28
60326,55.88
60342,38.10
60358,38.10
60374,38.10
60389,78.74
60405,81.28
60421,81.28
60436,40.64
60452,35.56
60468,38.10
60484,35.56
60499,38.10
60515,38.10
60531,38.10
60547,38.10
60563,38.10
60578,38.10
60594,35.56
60610,38.10
60625,35.56
60641,35.56
60657,35.56
60673,35.56
60689,35.56
60704,35.56
60720,35.56
60736,101.60
60751,109.22
60768,109.22
60783,109.22
60798,109.22
60815,109.22
60830,111.76
60847,109.22
60862,109.22
60878,109.22
60894,109.22
60909,109.22
60925,109.22
60941,109.22
60957,109.22
60973,109.22
60988,109.22
61004,109.22
61020,109.22
61036,111.76
61051,111.76
61068,111.76
61083,45.72
61099,40.64
61115,38.10
61130,96.52
61147,111.76
61162,111.76
61177,111.76
61194,111.76
61209,111.76
61225,53.34
61241,38.10
61256,38.10
61273,35.56
61288,35.56
61304,38.10
61320,38.10
61335,111.76
61351,116.84
61367,116.84
61383,114.30
61399,114.30
61414,114.30
61430,43.18
61446,38.10
61462,38.10
61477,38.10
61493,38.10
61509,38.10
61524,78.74
61540,109.22
61556,109.22
61572,111.76
61588,111.76
61603,111.76
61620,111.76
61635,109.22
61650,111.76
61667,109.22
61682,109.22
61699,109.22
61714,106.68
61730,45.72
61746,40.64
61761,40.64
61777,38.10
61793,38.10
-1,-1
62809,104.14
62824,40.64
62840,35.56
62856,38.10
62872,96.52
62887,109.22
62903,109.22
62919,109.22
62935,109.22
62951,109.22
62966,109.22
62983,109.22
62998,109.22
63013,109.22
63030,109.22
63045,109.22
63062,109.22
63077,109.22
63092,111.76
63109,111.76
63124,109.22
63140,109.22
63156,111.76
63172,109.22
63187,109.22
63203,109.22
63219,109.22
63235,109.22
63251,109.22
63266,109.22
63283,109.22
63298,109.22
63313,109.22
63330,109.22
63345,109.22
63362,111.76
63377,111.76
63392,111.76
63409,111.76
63424,114.30
63440,114.30
63456,114.30
63472,114.30
63488,114.30
63503,114.30
63519,116.84
63535,116.84
63551,116.84
63566,114.30
63583,114.30
63598,114.30
63613,50.80
63630,40.64
63645,38.10
63662,35.56
63677,35.56
63692,38.10
63709,35.56
63724,35.56
63739,38.10
63756,38.10
63771,106.68
63788,111.76
63803,109.22
63818,111.76
63835,111.76
63850,111.76
63866,109.22
63882,109.22
63898,109.22
63913,48.26
63929,40.64
63945,38.10
63961,76.20
63976,109.22
63992,109.22
64008,109.22
64024,109.22
64039,109.22
64056,109.22
64071,109.22
64087,109.22
64103,109.22
64118,109.22
64135,109.22
64150,109.22
64166,45.72
64182,40.64
64197,40.64
64214,38.10
64229,40.64
64244,40.64
64261,38.10
64276,38.10
64292,38.10
64308,35.56
64323,35.56
64339,35.56
64355,38.10
64370,40.64
64387,38.10
64402,38.10
64418,35.56
64434,38.10
64449,38.10
64465,76.20
64481,81.28
64496,81.28
64513,40.64
64528,38.10
64544,35.56
64560,60.96
64575,78.74
64591,78.74
64607,78.74
64622,78.74
64638,78.74
64654,50.80
64670,40.64
64686,40.64
64701,43.18
64717,76.20
64733,76.20
64748,76.20
64764,76.20
64780,76.20
64796,76.20
64812,78.74
64827,76.20
64843,78.74
64859,78.74
64874,78.74
64890,78.74
64906,78.74
64922,78.74
64937,78.74
64953,78.74
64969,78.74
64985,78.74
65000,78.74
65016,78.74
65032,78.74
65048,78.74
65063,76.20
65079,78.74
65095,78.74
65111,78.74
65126,81.28
65142,81.28
65158,40.64
65174,38.10
65189,38.10
65205,38.10
65221,38.10
65236,38.10
65253,38.10
65268,38.10
65284,38.10
65300,38.10
65315,35.56
65331,38.10
65347,38.10
65362,38.10
65379,38.10
65394,38.10
65410,38.10
65426,40.64
65441,40.64
65457,38.10
65473,40.64
65488,38.10
-1,-1
66504,40.64
66521,35.56
66536,35.56
66551,99.06
66568,111.76
66583,109.22
66599,43.18
66615,38.10
66630,38.10
66647,38.10
66662,40.64
66677,40.64
66694,68.58
66709,109.22
66725,111.76
66741,68.58
66756,43.18
66772,40.64
66788,38.10
66804,106.68
66820,111.76
66835,111.76
66851,111.76
66867,111.76
66883,111.76
66898,43.18
66914,38.10
66930,38.10
66946,40.64
66962,38.10
66977,40.64
66993,55.88
67009,76.20
67024,76.20
67041,78.74
67056,78.74
67072,78.74
67088,78.74
67103,78.74
67119,78.74
67135,78.74
67150,81.28
67167,78.74
67182,78.74
67197,78.74
67214,78.74
67229,76.20
67245,78.74
67261,78.74
67276,78.74
67293,78.74
67308,78.74
67323,76.20
67340,78.74
67355,78.74
67371,81.28
67387,78.74
67402,78.74
67419,78.74
67434,78.74
67449,76.20
67466,76.20
67481,78.74
67496,78.74
67513,78.74
67528,78.74
67545,81.28
67560,81.28
67575,81.28
67592,78.74
67607,78.74
67622,78.74
67639,50.80
67654,43.18
67671,40.64
67686,38.10
67701,38.10
67718,38.10
67733,38.10
67748,76.20
67765,78.74
67780,78.74
67796,106.68
67812,109.22
67827,111.76
67844,43.18
67859,38.10
67875,38.10
67891,86.36
67906,109.22
67922,109.22
67938,53.34
67954,40.64
67970,38.10
67985,38.10
68001,40.64
68017,40.64
68033,40.64
68048,38.10
68064,40.64
68080,40.64
68096,104.14
68111,109.22
68127,109.22
68143,109.22
68159,111.76
68174,111.76
68191,109.22
68206,109.22
68221,109.22
68238,109.22
68253,109.22
68270,109.22
68285,109.22
68301,109.22
68317,109.22
68332,109.22
68348,109.22
68364,109.22
68380,109.22
68396,109.22
68411,109.22
68427,109.22
68443,111.76
68459,111.76
68474,111.76
68491,111.76
68506,111.76
68521,111.76
68538,111.76
68553,111.76
68570,111.76
68585,111.76
68601,111.76
68617,111.76
68632,58.42
68648,38.10
68664,38.10
68679,43.18
68696,111.76
68711,114.30
68727,114.30
68743,116.84
68759,116.84
68774,116.84
68790,124.46
68806,124.46
68822,124.46
68838,114.30
68853,114.30
68870,114.30
68885,111.76
68900,111.76
68917,114.30
68932,111.76
68948,111.76
68964,114.30
68979,111.76
68996,111.76
69011,111.76
69027,111.76
69043,111.76
69059,111.76
69074,109.22
69090,109.22
69106,109.22
69122,109.22
69138,109.22
69153,109.22
69170,109.22
69185,106.68
-1,-1
70201,109.22
70216,109.22
70233,109.22
70248,109.22
70264,111.76
70280,48.26
70295,40.64
70311,40.64
70327,88.90
70343,109.22
70359,109.22
70374,109.22
70390,109.22
70406,109.22
70422,109.22
70437,109.22
70454,109.22
70469,109.22
70484,109.22
70501,109.22
70516,109.22
70533,109.22
70548,109.22
70564,109.22
70580,109.22
70595,109.22
70611,109.22
70627,109.22
70643,109.22
70659,109.22
70674,109.22
70690,109.22
70706,109.22
70722,109.22
70737,109.22
70754,111.76
70769,109.22
70785,111.76
70801,111.76
70816,111.76
70833,111.76
70848,111.76
70864,111.76
70880,114.30
70895,114.30
70912,114.30
70927,114.30
70943,114.30
70959,114.30
70974,114.30
70990,114.30
71006,114.30
71022,50.80
71037,40.64
71054,38.10
71069,58.42
71085,109.22
71101,111.76
71116,71.12
71133,38.10
71148,35.56
71163,38.10
71180,104.14
71195,109.22
71211,109.22
71227,45.72
71242,40.64
71259,38.10
71274,93.98
71289,106.68
71306,109.22
71321,109.22
71337,109.22
71353,109.22
71369,109.22
71385,109.22
71400,109.22
71416,109.22
71432,109.22
71448,109.22
71463,109.22
71480,109.22
71495,109.22
71511,109.22
71527,109.22
71542,109.22
71559,109.22
71574,43.18
71589,38.10
71606,35.56
71621,35.56
71638,35.56
71653,35.56
71668,35.56
71685,35.56
71700,35.56
71715,35.56
71732,35.56
71747,35.56
71763,35.56
71779,35.56
71794,35.56
71811,35.56
71826,106.68
71842,111.76
71858,109.22
71873,40.64
71889,35.56
71905,38.10
71921,66.04
71937,76.20
71952,78.74
71968,43.18
71984,38.10
71999,38.10
72015,50.80
72031,76.20
72047,78.74
72062,53.34
72078,40.64
72094,40.64
72110,40.64
72125,38.10
72141,38.10
72157,38.10
72173,71.12
72188,76.20
72204,76.20
72220,78.74
72236,78.74
72251,76.20
72267,78.74
72283,78.74
72299,76.20
72314,78.74
72330,78.74
72346,78.74
72361,78.74
72378,76.20
72393,76.20
72409,76.20
72425,76.20
72440,78.74
72456,78.74
72472,78.74
72487,78.74
72504,78.74
72519,43.18
72535,38.10
72551,40.64
72566,38.10
72582,38.10
72598,38.10
72613,35.56
72630,38.10
72645,38.10
72660,38.10
72677,38.10
72692,38.10
72708,38.10
72724,40.64
72739,38.10
72756,38.10
72771,38.10
72786,38.10
72803,38.10
72818,35.56
72834,38.10
72850,35.56
72865,27.94
72882,25.40
-1,-1
73897,35.56
73913,38.10
73928,35.56
73945,35.56
73960,38.10
73976,38.10
73992,38.10
74007,27.94
74023,25.40
74039,22.86
74054,22.86
74071,22.86
74086,22.86
74102,30.48
74118,38.10
74133,38.10
74149,38.10
74165,38.10
74180,38.10
74196,35.56
74212,27.94
74228,25.40
74244,22.86
74259,35.56
74275,35.56
74291,38.10
74306,38.10
74322,40.64
74338,40.64
74354,38.10
74370,38.10
74385,38.10
74401,40.64
74417,78.74
74433,78.74
74448,66.04
74464,43.18
74480,40.64
74496,40.64
74511,71.12
74527,76.20
74543,78.74
74559,76.20
74574,76.20
74590,78.74
74606,78.74
74621,78.74
74637,78.74
74653,78.74
74669,76.20
74685,76.20
74700,76.20
74716,76.20
74732,76.20
74747,78.74
74763,78.74
74779,78.74
74795,73.66
74811,43.18
74826,40.64
74842,40.64
74858,71.12
74873,76.20
74889,76.20
74905,81.28
74920,81.28
74937,81.28
74952,48.26
74968,43.18
74984,40.64
74999,50.80
75016,78.74
75031,76.20
75046,78.74
75063,78.74
75078,78.74
75094,68.58
75110,43.18
75125,40.64
75142,38.10
75157,99.06
75172,111.76
75189,111.76
75204,45.72
75220,38.10
75236,38.10
75251,38.10
75268,38.10
75283,38.10
75298,35.56
75315,35.56
75330,38.10
75346,38.10
75362,40.64
75377,38.10
75394,38.10
75409,38.10
75424,38.10
75441,35.56
75456,35.56
75472,38.10
75488,35.56
75503,93.98
75520,106.68
75535,109.22
75551,109.22
75567,109.22
75582,109.22
75598,109.22
75614,109.22
75630,109.22
75645,109.22
75662,109.22
75677,109.22
75693,109.22
75709,109.22
75724,109.22
75741,109.22
75756,109.22
75772,109.22
75788,109.22
75803,111.76
75820,111.76
75835,111.76
75851,111.76
75867,111.76
75882,111.76
75898,111.76
75914,111.76
75930,114.30
75945,114.30
75962,111.76
75977,111.76
75993,111.76
76009,111.76
76024,111.76
76041,111.76
76056,114.30
76072,114.30
76088,104.14
76103,43.18
76120,38.10
76135,38.10
76151,99.06
76167,116.84
76182,114.30
76198,114.30
76214,111.76
76230,111.76
76246,55.88
76261,43.18
76277,40.64
76293,60.96
76309,109.22
76324,109.22
76340,109.22
76356,109.22
76371,109.22
76388,109.22
76403,109.22
76419,109.22
76435,109.22
76450,109.22
76467,109.22
76482,109.22
76498,109.22
76514,109.22
76529,109.22
76546,109.22
76561,109.22
76577,109.22
-1,-1
77593,109.22
77608,109.22
77625,109.22
77640,45.72
77656,38.10
77672,35.56
77687,73.66
77704,106.68
77719,109.22
77734,60.96
77751,40.64
77766,38.10
77783,40.64
77798,38.10
77813,35.56
77830,38.10
77845,104.14
77860,109.22
77877,109.22
77892,109.22
77908,111.76
77924,109.22
77940,109.22
77956,109.22
77971,109.22
77987,109.22
78003,109.22
78019,109.22
78034,109.22
78051,109.22
78066,109.22
78082,109.22
78098,109.22
78113,109.22
78130,109.22
78145,109.22
78160,109.22
78177,109.22
78192,114.30
78209,114.30
78224,111.76
78240,45.72
78256,40.64
78271,40.64
78287,86.36
78303,111.76
78319,114.30
78334,114.30
78350,114.30
78366,116.84
78382,114.30
78398,114.30
78413,114.30
78429,114.30
78445,111.76
78460,111.76
78477,111.76
78492,111.76
78509,114.30
78524,111.76
78539,109.22
78556,109.22
78571,109.22
78587,111.76
78603,111.76
78619,111.76
78635,111.76
78650,109.22
78666,109.22
78682,109.22
78698,109.22
78713,109.22
78729,109.22
78745,109.22
78760,109.22
78777,109.22
78792,109.22
78809,111.76
78824,111.76
78839,109.22
78856,109.22
78871,111.76
78887,109.22
78903,109.22
78919,109.22
78935,43.18
78950,38.10
78966,38.10
78982,35.56
78998,35.56
79013,38.10
79029,38.10
79045,35.56
79060,35.56
79076,48.26
79092,106.68
79108,109.22
79124,81.28
79139,43.18
79155,38.10
79171,38.10
79186,35.56
79203,35.56
79218,35.56
79234,35.56
79250,35.56
79265,38.10
79281,58.42
79297,81.28
79312,81.28
79329,45.72
79344,38.10
79360,38.10
79376,45.72
79391,78.74
79407,78.74
79423,78.74
79438,78.74
79455,78.74
79470,71.12
79485,43.18
79502,38.10
79517,38.10
79534,71.12
79549,76.20
79564,78.74
79581,43.18
79596,38.10
79611,38.10
79628,55.88
79643,76.20
79660,78.74
79675,81.28
79690,81.28
79707,78.74
79722,81.28
79737,78.74
79754,78.74
79769,78.74
79785,78.74
79801,76.20
79816,76.20
79833,81.28
79848,78.74
79864,78.74
79880,40.64
79895,38.10
79911,38.10
79927,35.56
79942,38.10
79959,38.10
79974,38.10
79990,38.10
80006,38.10
80021,35.56
80037,38.10
80053,38.10
80068,38.10
80084,38.10
80100,38.10
80116,38.10
80132,35.56
80147,35.56
80163,35.56
80179,40.64
80194,40.64
80210,40.64
80226,38.10
80242,38.10
80258,38.10
80273,30.48
-1,-1
81289,20.32
81305,20.32
81320,33.02
81336,35.56
81352,35.56
81368,25.40
81384,25.40
81399,22.86
81415,30.48
81431,35.56
81446,35.56
81463,35.56
81478,35.56
81494,35.56
81510,35.56
81525,35.56
81541,35.56
81557,35.56
81572,35.56
81589,35.56
81604,35.56
81619,27.94
81636,25.40
81651,22.86
81667,25.40
81683,25.40
81698,25.40
81715,33.02
81730,38.10
81745,35.56
81762,38.10
81777,38.10
81793,40.64
81809,38.10
81824,38.10
81841,35.56
81856,38.10
81871,38.10
81888,38.10
81903,40.64
81920,38.10
81935,38.10
81950,35.56
81967,38.10
81982,40.64
81997,40.64
82014,40.64
82029,38.10
82045,38.10
82061,38.10
82076,35.56
82093,38.10
82108,38.10
82123,73.66
82140,76.20
82155,76.20
82171,76.20
82187,76.20
82202,76.20
82219,76.20
82234,76.20
82249,76.20
82266,78.74
82281,78.74
82297,78.74
82313,78.74
82328,78.74
82344,78.74
82360,78.74
82375,78.74
82392,78.74
82407,66.04
82423,43.18
82439,38.10
82454,38.10
82470,38.10
82486,38.10
82501,38.10
82518,68.58
82533,78.74
82549,78.74
82565,93.98
82580,111.76
82596,111.76
82612,53.34
82628,38.10
82643,38.10
82659,38.10
82675,38.10
82691,38.10
82706,38.10
82722,104.14
82738,109.22
82754,101.60
82769,43.18
82785,40.64
82801,38.10
82817,40.64
82833,40.64
82848,38.10
82864,88.90
82880,109.22
82895,109.22
82912,53.34
82927,40.64
82942,38.10
82959,55.88
82974,106.68
82990,109.22
83006,109.22
83021,111.76
83038,109.22
83053,109.22
83069,109.22
83085,109.22
83100,109.22
83117,109.22
83132,109.22
83148,109.22
83164,109.22
83180,109.22
83195,109.22
83211,109.22
83227,109.22
83243,109.22
83259,111.76
83274,111.76
83291,111.76
83306,111.76
83321,111.76
83338,111.76
83353,111.76
83369,111.76
83385,111.76
83400,111.76
83417,111.76
83432,111.76
83448,111.76
83464,114.30
83480,114.30
83495,116.84
83511,114.30
83527,114.30
83543,114.30
83559,114.30
83574,116.84
83591,114.30
83606,116.84
83621,124.46
83638,124.46
83653,121.92
83670,111.76
83685,111.76
83700,111.76
83717,111.76
83732,111.76
83748,109.22
83764,109.22
83780,111.76
83795,111.76
83811,109.22
83827,109.22
83843,109.22
83859,109.22
83874,109.22
83891,111.76
83906,109.22
83921,109.22
83938,109.22
83953,109.22
83970,109.22
-1,-1
84985,38.10
85001,38.10
85016,35.56
85032,35.56
85048,60.96
85064,106.68
85080,109.22
85095,71.12
85111,40.64
85127,38.10
85143,38.10
85158,35.56
85174,35.56
85190,35.56
85206,38.10
85221,38.10
85237,38.10
85253,88.90
85269,106.68
85284,106.68
85300,109.22
85316,109.22
85331,109.22
85348,109.22
85363,109.22
85380,109.22
85395,109.22
85410,109.22
85427,109.22
85442,109.22
85458,109.22
85474,109.22
85489,109.22
85506,109.22
85521,109.22
85537,109.22
85553,109.22
85569,109.22
85584,109.22
85600,111.76
85616,111.76
85632,111.76
85648,111.76
85663,111.76
85680,114.30
85695,55.88
85710,38.10
85727,35.56
85742,43.18
85757,109.22
85774,114.30
85789,114.30
85806,111.76
85821,111.76
85837,114.30
85853,111.76
85868,111.76
85884,111.76
85900,111.76
85916,111.76
85932,111.76
85948,111.76
85963,111.76
85979,111.76
85995,111.76
86010,109.22
86027,109.22
86042,111.76
86057,109.22
86074,109.22
86089,111.76
86106,109.22
86121,109.22
86137,111.76
86153,109.22
86168,109.22
86184,109.22
86200,109.22
86216,111.76
86232,109.22
86248,109.22
86263,109.22
86279,109.22
86295,109.22
86310,109.22
86327,109.22
86342,109.22
86358,109.22
86374,109.22
86389,60.96
86406,38.10
86421,35.56
86436,35.56
86453,35.56
86468,38.10
86484,38.10
86500,38.10
86515,35.56
86532,35.56
86547,38.10
86563,40.64
86579,40.64
86594,38.10
86610,35.56
86626,35.56
86641,35.56
86658,35.56
86673,35.56
86689,45.72
86705,78.74
86720,78.74
86736,78.74
86752,78.74
86767,78.74
86784,78.74
86799,78.74
86815,78.74
86831,78.74
86846,78.74
86862,78.74
86878,76.20
86893,78.74
86909,78.74
86925,78.74
86941,78.74
86957,76.20
86972,76.20
86988,76.20
87004,78.74
87019,78.74
87035,55.88
87051,40.64
87067,40.64
87083,40.64
87098,76.20
87114,78.74
87130,78.74
87145,78.74
87161,81.28
87177,78.74
87193,76.20
87208,76.20
87224,76.20
87240,78.74
87256,78.74
87272,78.74
87287,45.72
87303,38.10
87319,38.10
87334,45.72
87350,76.20
87366,78.74
87382,58.42
87398,43.18
87413,38.10
87429,38.10
87445,78.74
87460,81.28
87476,81.28
87492,45.72
87507,40.64
87524,40.64
87539,38.10
87555,38.10
87571,38.10
87586,38.10
87602,38.10
87618,38.10
87633,27.94
87650,22.86
87665,22.86
-1,-1
