14,114.30
30,116.84
46,116.84
61,114.30
77,114.30
93,116.84
108,114.30
123,116.84
140,116.84
155,114.30
171,114.30
187,114.30
202,114.30
218,114.30
234,116.84
249,114.30
265,114.30
281,114.30
296,114.30
312,114.30
328,114.30
344,116.84
360,114.30
375,114.30
391,114.30
407,116.84
422,114.30
438,114.30
454,114.30
470,114.30
485,114.30
501,114.30
517,114.30
532,114.30
548,114.30
564,114.30
579,116.84
595,116.84
611,116.84
626,119.38
643,81.28
658,78.74
673,78.74
689,78.74
705,78.74
720,78.74
736,78.74
752,78.74
768,78.74
783,78.74
798,78.74
815,78.74
830,78.74
845,78.74
862,78.74
877,78.74
892,78.74
908,78.74
924,78.74
940,78.74
955,78.74
971,78.74
987,78.74
1002,78.74
1017,78.74
1034,78.74
1049,78.74
1064,78.74
1081,78.74
1096,78.74
1112,78.74
1128,78.74
1143,78.74
1159,78.74
1175,78.74
1190,78.74
1206,78.74
1222,78.74
1238,81.28
1253,81.28
1269,81.28
1285,81.28
1300,81.28
1316,81.28
1332,101.60
1348,109.22
1363,109.22
1379,109.22
1395,109.22
1411,109.22
1426,109.22
1442,109.22
1458,109.22
1474,109.22
1489,111.76
1505,109.22
1521,109.22
1537,109.22
1552,109.22
1568,109.22
1584,109.22
1600,109.22
1615,109.22
1631,109.22
1647,109.22
1662,109.22
1678,109.22
1694,109.22
1710,109.22
1726,109.22
1741,109.22
1757,109.22
1773,109.22
1788,109.22
1804,109.22
1820,109.22
1836,111.76
1852,114.30
1867,111.76
1883,111.76
1899,111.76
1914,111.76
1930,114.30
1946,111.76
1961,111.76
1978,111.76
1993,111.76
2009,111.76
2025,111.76
2040,111.76
2056,111.76
2072,114.30
2087,114.30
2104,114.30
2119,114.30
2135,114.30
2151,114.30
2166,114.30
2182,147.32
2198,157.48
2213,157.48
2230,157.48
2245,157.48
2260,157.48
2277,134.62
2292,129.54
2309,129.54
2324,127.00
2339,127.00
2356,127.00
2371,127.00
2386,124.46
2403,124.46
2418,121.92
2434,116.84
2450,116.84
2465,91.44
2482,43.18
2497,38.10
2512,40.64
2529,106.68
2544,111.76
2560,111.76
2576,111.76
2591,111.76
2607,111.76
2623,111.76
2638,111.76
2655,111.76
2670,111.76
2685,109.22
-1,-1
3701,109.22
3718,109.22
3733,109.22
3748,109.22
3765,109.22
3780,109.22
3796,109.22
3812,111.76
3827,109.22
3844,109.22
3859,109.22
3875,109.22
3891,109.22
3906,109.22
3922,109.22
3938,109.22
3953,109.22
3970,109.22
3985,111.76
4001,109.22
4017,111.76
4032,111.76
4048,109.22
4064,111.76
4079,111.76
4096,114.30
4111,111.76
4127,111.76
4143,111.76
4158,111.76
4174,111.76
4190,111.76
4205,111.76
4221,114.30
4237,111.76
4253,111.76
4269,114.30
4284,114.30
4300,114.30
4316,124.46
4331,124.46
4347,124.46
4363,127.00
4379,127.00
4395,127.00
4410,127.00
4426,127.00
4442,127.00
4457,129.54
4473,127.00
4489,127.00
4505,127.00
4520,154.94
4536,157.48
4552,157.48
4568,157.48
4583,157.48
4599,157.48
4615,114.30
4631,111.76
4646,114.30
4662,114.30
4678,111.76
4694,114.30
4709,111.76
4725,111.76
4741,111.76
4757,111.76
4772,111.76
4788,111.76
4804,111.76
4819,111.76
4835,111.76
4851,111.76
4867,114.30
4883,111.76
4898,114.30
4914,111.76
4930,111.76
4945,111.76
4961,109.22
4977,109.22
4993,109.22
5009,114.30
5024,111.76
5040,114.30
5056,111.76
5071,114.30
5088,114.30
5103,111.76
5118,111.76
5135,111.76
5150,111.76
5166,111.76
5182,111.76
5197,114.30
5214,111.76
5229,111.76
5244,111.76
5261,111.76
5276,114.30
5292,111.76
5308,114.30
5323,111.76
5340,114.30
5355,114.30
5370,114.30
5387,114.30
5402,111.76
5417,111.76
5434,111.76
5449,91.44
5466,81.28
5481,81.28
5496,81.28
5513,78.74
5528,78.74
5543,81.28
5560,78.74
5575,78.74
5591,78.74
5607,78.74
5622,78.74
5638,78.74
5654,78.74
5669,78.74
5685,78.74
5701,78.74
5716,78.74
5732,78.74
5748,78.74
5764,78.74
5779,78.74
5795,78.74
5811,78.74
5826,78.74
5842,78.74
5858,78.74
5873,81.28
5890,78.74
5905,78.74
5920,78.74
5937,78.74
5952,81.28
5967,78.74
5984,78.74
5999,78.74
6014,78.74
6031,78.74
6046,81.28
6062,81.28
6078,81.28
6093,81.28
6109,81.28
6125,81.28
6140,81.28
6156,111.76
6172,114.30
6188,114.30
6203,114.30
6219,114.30
6235,114.30
6250,114.30
6266,114.30
6282,114.30
6298,114.30
6313,114.30
6329,114.30
6345,114.30
6361,114.30
6376,114.30
-1,-1
7392,116.84
7408,114.30
7424,114.30
7440,114.30
7455,114.30
7471,114.30
7487,114.30
7502,114.30
7518,114.30
7534,114.30
7549,114.30
7566,114.30
7581,116.84
7597,114.30
7613,114.30
7628,114.30
7644,114.30
7660,114.30
7675,116.84
7692,114.30
7707,114.30
7723,114.30
7739,114.30
7754,114.30
7770,114.30
7786,114.30
7801,114.30
7818,114.30
7833,114.30
7848,114.30
7865,114.30
7880,114.30
7896,114.30
7912,114.30
7927,116.84
7944,114.30
7959,114.30
7974,114.30
7991,116.84
8006,116.84
8022,116.84
8038,83.82
8053,81.28
8070,81.28
8085,78.74
8100,78.74
8117,78.74
8132,78.74
8147,78.74
8164,78.74
8179,81.28
8195,78.74
8211,78.74
8226,78.74
8242,78.74
8258,78.74
8273,78.74
8289,78.74
8305,78.74
8321,78.74
8336,78.74
8352,78.74
8368,78.74
8383,78.74
8399,78.74
8415,81.28
8430,78.74
8446,78.74
8462,78.74
8477,78.74
8494,78.74
8509,78.74
8524,78.74
8541,78.74
8556,78.74
8571,78.74
8588,81.28
8603,81.28
8619,81.28
8635,104.14
8650,111.76
8666,111.76
8682,111.76
8697,111.76
8713,111.76
8729,111.76
8744,111.76
8761,111.76
8776,111.76
8792,111.76
8808,111.76
8823,111.76
8839,114.30
8855,114.30
8870,114.30
8887,111.76
8902,111.76
8918,111.76
8934,111.76
8949,111.76
8965,111.76
8981,111.76
8996,111.76
9013,114.30
9028,111.76
9043,111.76
9060,111.76
9075,111.76
9091,111.76
9107,114.30
9122,111.76
9139,111.76
9154,111.76
9169,111.76
9186,111.76
9201,111.76
9217,111.76
9233,111.76
9248,111.76
9265,114.30
9280,114.30
9295,114.30
9312,111.76
9327,111.76
9342,111.76
9359,111.76
9374,111.76
9391,111.76
9406,111.76
9421,114.30
9438,114.30
9453,114.30
9468,114.30
9485,114.30
9500,114.30
9517,114.30
9532,114.30
9547,114.30
9564,114.30
9579,149.86
9594,157.48
9611,157.48
9626,160.02
9643,160.02
9658,160.02
9673,139.70
9690,132.08
9705,132.08
9720,129.54
9737,127.00
9752,124.46
9768,124.46
9784,127.00
9799,127.00
9816,124.46
9831,114.30
9846,114.30
9863,114.30
9878,111.76
9894,114.30
9910,114.30
9925,45.72
9942,38.10
9957,40.64
9972,88.90
9989,111.76
10004,111.76
10020,111.76
10036,111.76
10051,111.76
10067,111.76
-1,-1
11083,109.22
11099,109.22
11115,109.22
11130,109.22
11147,109.22
11162,109.22
11177,109.22
11194,109.22
11209,109.22
11226,109.22
11241,109.22
11256,109.22
11273,109.22
11288,109.22
11304,109.22
11320,109.22
11336,109.22
11352,109.22
11367,109.22
11383,109.22
11399,109.22
11415,109.22
11430,109.22
11446,109.22
11462,111.76
11478,109.22
11494,109.22
11509,109.22
11526,109.22
11541,109.22
11556,111.76
11573,114.30
11588,111.76
11604,111.76
11620,111.76
11636,111.76
11652,111.76
11667,114.30
11683,114.30
11699,114.30
11715,127.00
11730,127.00
11746,127.00
11762,129.54
11778,129.54
11794,129.54
11809,129.54
11826,129.54
11841,129.54
11856,121.92
11873,114.30
11888,114.30
11905,114.30
11920,152.40
11936,157.48
11952,157.48
11967,157.48
11983,157.48
11999,157.48
12015,116.84
12030,114.30
12046,114.30
12062,114.30
12078,111.76
12094,111.76
12109,111.76
12126,111.76
12141,111.76
12156,111.76
12173,111.76
12188,111.76
12205,111.76
12220,111.76
12235,111.76
12252,111.76
12267,111.76
12283,114.30
12299,111.76
12315,111.76
12331,111.76
12346,111.76
12362,111.76
12378,111.76
12394,111.76
12409,109.22
12426,109.22
12441,109.22
12456,109.22
12473,109.22
12488,109.22
12505,109.22
12520,109.22
12536,109.22
12552,109.22
12567,111.76
12583,111.76
12599,111.76
12615,111.76
12631,111.76
12646,111.76
12662,111.76
12678,114.30
12694,111.76
12709,111.76
12726,111.76
12741,111.76
12756,86.36
12773,86.36
12788,86.36
12805,83.82
12820,83.82
12835,81.28
12852,81.28
12867,81.28
12882,83.82
12899,81.28
12914,78.74
12931,81.28
12946,78.74
12961,78.74
12978,78.74
12993,78.74
13008,81.28
13025,78.74
13040,81.28
13057,78.74
13072,78.74
13087,78.74
13104,81.28
13119,81.28
13134,81.28
13151,78.74
13166,78.74
13182,78.74
13198,78.74
13213,78.74
13230,78.74
13245,78.74
13260,78.74
13277,78.74
13292,78.74
13308,78.74
13324,78.74
13339,78.74
13356,111.76
13371,116.84
13387,116.84
13403,91.44
13418,88.90
13434,91.44
13450,109.22
13466,114.30
13481,114.30
13497,114.30
13513,114.30
13529,114.30
13545,55.88
13560,40.64
13576,38.10
13592,48.26
13607,114.30
13624,116.84
13639,114.30
13655,114.30
13671,116.84
13686,116.84
13703,116.84
13718,116.84
13733,116.84
13750,116.84
13765,116.84
-1,-1
14781,116.84
14797,116.84
14813,116.84
14829,119.38
14844,114.30
14860,116.84
14876,116.84
14892,116.84
14908,114.30
14923,114.30
14940,114.30
14955,114.30
14970,116.84
14987,116.84
15002,114.30
15019,114.30
15034,114.30
15050,114.30
15066,114.30
15081,114.30
15097,114.30
15113,114.30
15129,114.30
15144,114.30
15160,114.30
15176,114.30
15192,114.30
15208,114.30
15223,114.30
15240,114.30
15255,114.30
15270,116.84
15287,96.52
15302,88.90
15319,88.90
15334,88.90
15349,88.90
15366,88.90
15381,91.44
15396,91.44
15413,93.98
15428,93.98
15444,116.84
15460,116.84
15475,116.84
15492,81.28
15507,81.28
15523,78.74
15539,78.74
15554,78.74
15570,78.74
15586,78.74
15601,78.74
15618,78.74
15633,78.74
15649,78.74
15665,78.74
15680,78.74
15696,78.74
15712,78.74
15727,78.74
15744,78.74
15759,78.74
15775,78.74
15791,78.74
15806,78.74
15822,78.74
15838,78.74
15853,78.74
15869,81.28
15885,78.74
15901,78.74
15917,78.74
15932,81.28
15948,81.28
15964,81.28
15979,81.28
15995,81.28
16011,81.28
16027,81.28
16043,81.28
16058,81.28
16074,81.28
16090,111.76
16106,111.76
16121,111.76
16137,111.76
16153,111.76
16168,111.76
16185,111.76
16200,111.76
16216,111.76
16232,111.76
16247,111.76
16264,111.76
16279,111.76
16295,111.76
16311,111.76
16326,111.76
16343,109.22
16358,109.22
16374,111.76
16390,111.76
16406,111.76
16421,111.76
16437,111.76
16453,111.76
16468,111.76
16485,111.76
16500,111.76
16516,111.76
16532,114.30
16547,114.30
16564,111.76
16579,111.76
16595,111.76
16611,111.76
16626,111.76
16643,111.76
16658,111.76
16674,111.76
16690,111.76
16706,114.30
16721,111.76
16737,111.76
16753,111.76
16769,111.76
16785,111.76
16800,111.76
16816,111.76
16832,111.76
16847,111.76
16864,111.76
16879,124.46
16896,127.00
16911,129.54
16926,127.00
16943,127.00
16958,127.00
16974,127.00
16990,127.00
17005,127.00
17021,127.00
17037,127.00
17053,127.00
17069,127.00
17085,127.00
17100,127.00
17116,127.00
17132,116.84
17147,114.30
17164,114.30
17179,114.30
17196,114.30
17211,116.84
17226,111.76
17243,111.76
17258,111.76
17274,114.30
17290,111.76
17305,111.76
17321,111.76
17337,114.30
17353,114.30
17369,111.76
17385,109.22
17400,109.22
17416,109.22
17432,109.22
17447,109.22
17464,109.22
-1,-1
18480,109.22
18495,111.76
18511,111.76
18527,111.76
18542,109.22
18558,109.22
18574,111.76
18590,109.22
18606,109.22
18621,109.22
18637,109.22
18653,109.22
18669,109.22
18684,109.22
18701,109.22
18716,109.22
18732,109.22
18748,109.22
18763,109.22
18780,109.22
18795,109.22
18811,109.22
18827,109.22
18842,109.22
18859,109.22
18874,109.22
18890,109.22
18906,109.22
18921,111.76
18937,111.76
18953,111.76
18969,111.76
18984,114.30
19001,111.76
19016,111.76
19032,111.76
19048,111.76
19063,124.46
19080,127.00
19095,127.00
19111,124.46
19127,124.46
19142,127.00
19159,127.00
19174,127.00
19190,127.00
19206,127.00
19221,127.00
19237,127.00
19253,127.00
19269,127.00
19284,127.00
19300,127.00
19316,116.84
19332,116.84
19348,114.30
19363,111.76
19380,111.76
19395,111.76
19410,111.76
19427,111.76
19442,111.76
19459,111.76
19474,111.76
19490,111.76
19506,111.76
19521,111.76
19537,111.76
19553,111.76
19569,111.76
19585,111.76
19600,111.76
19616,111.76
19632,111.76
19648,111.76
19663,111.76
19680,111.76
19695,114.30
19710,111.76
19727,111.76
19742,111.76
19759,111.76
19774,111.76
19790,111.76
19806,111.76
19821,111.76
19837,111.76
19853,111.76
19869,111.76
19885,111.76
19900,111.76
19916,111.76
19932,111.76
19948,111.76
19963,111.76
19980,111.76
19995,114.30
20011,111.76
20027,111.76
20042,111.76
20059,111.76
20074,111.76
20090,111.76
20106,83.82
20121,81.28
20137,83.82
20153,81.28
20168,81.28
20185,81.28
20200,91.44
20216,111.76
20232,111.76
20247,93.98
20263,81.28
20279,78.74
20295,78.74
20311,78.74
20326,78.74
20342,78.74
20358,78.74
20373,81.28
20389,78.74
20405,78.74
20421,78.74
20436,78.74
20452,78.74
20468,78.74
20484,78.74
20499,78.74
20515,78.74
20531,78.74
20547,78.74
20562,78.74
20578,78.74
20594,78.74
20610,78.74
20625,78.74
20641,78.74
20657,78.74
20673,78.74
20688,78.74
20704,81.28
20720,81.28
20736,81.28
20751,78.74
20767,78.74
20783,78.74
20799,96.52
20814,114.30
20830,114.30
20846,114.30
20861,114.30
20878,114.30
20893,114.30
20909,114.30
20925,114.30
20940,114.30
20957,116.84
20972,116.84
20988,116.84
21004,114.30
21019,114.30
21036,114.30
21051,116.84
21067,114.30
21083,114.30
21099,114.30
21114,114.30
21130,114.30
21146,114.30
21161,114.30
-1,-1
22177,116.84
22194,114.30
22209,114.30
22224,114.30
22241,114.30
22256,114.30
22273,114.30
22288,116.84
22304,116.84
22320,116.84
22335,116.84
22351,114.30
22367,114.30
22383,114.30
22398,114.30
22415,114.30
22430,114.30
22446,114.30
22462,114.30
22477,114.30
22494,116.84
22509,116.84
22524,116.84
22541,116.84
22556,116.84
22573,116.84
22588,114.30
22604,114.30
22620,116.84
22635,114.30
22651,114.30
22667,114.30
22683,114.30
22699,114.30
22715,114.30
22730,114.30
22746,114.30
22762,116.84
22777,109.22
22794,78.74
22809,78.74
22824,78.74
22841,81.28
22856,81.28
22873,78.74
22888,78.74
22903,78.74
22920,78.74
22935,78.74
22950,78.74
22967,78.74
22982,78.74
22999,78.74
23014,78.74
23029,78.74
23046,78.74
23061,78.74
23076,78.74
23093,78.74
23108,78.74
23124,78.74
23140,78.74
23155,78.74
23172,78.74
23187,78.74
23202,78.74
23219,78.74
23234,78.74
23250,78.74
23266,78.74
23281,78.74
23298,81.28
23313,78.74
23328,81.28
23345,81.28
23360,81.28
23376,83.82
23392,109.22
23407,111.76
23424,106.68
23439,83.82
23455,81.28
23471,81.28
23486,109.22
23502,114.30
23518,114.30
23534,111.76
23549,111.76
23565,111.76
23581,111.76
23597,111.76
23613,111.76
23628,109.22
23645,109.22
23660,109.22
23675,111.76
23692,111.76
23707,111.76
23724,111.76
23739,111.76
23754,111.76
23771,111.76
23786,109.22
23802,111.76
23818,109.22
23834,111.76
23849,111.76
23865,111.76
23881,109.22
23897,111.76
23913,111.76
23928,111.76
23945,114.30
23960,111.76
23975,111.76
23992,111.76
24007,111.76
24024,111.76
24039,111.76
24054,111.76
24071,111.76
24086,111.76
24102,111.76
24118,111.76
24134,111.76
24150,111.76
24165,111.76
24181,114.30
24197,111.76
24213,111.76
24228,116.84
24245,116.84
24260,116.84
24275,129.54
24292,154.94
24307,154.94
24324,154.94
24339,157.48
24354,157.48
24371,144.78
24386,129.54
24402,129.54
24418,129.54
24434,127.00
24450,127.00
24465,127.00
24481,124.46
24497,124.46
24513,124.46
24528,116.84
24544,114.30
24560,116.84
24576,114.30
24592,114.30
24607,114.30
24624,114.30
24639,111.76
24654,111.76
24671,111.76
24686,111.76
24702,111.76
24718,111.76
24734,109.22
24750,109.22
24765,109.22
24781,109.22
24797,109.22
24813,109.22
24828,109.22
24844,109.22
24860,109.22
-1,-1
25876,109.22
25891,109.22
25908,111.76
25923,111.76
25939,109.22
25955,109.22
25970,109.22
25987,111.76
26002,111.76
26018,109.22
26034,109.22
26050,109.22
26065,109.22
26081,109.22
26097,109.22
26113,109.22
26129,109.22
26144,109.22
26161,109.22
26176,109.22
26191,109.22
26208,109.22
26223,109.22
26240,109.22
26255,109.22
26270,109.22
26287,111.76
26302,111.76
26318,109.22
26334,109.22
26350,111.76
26365,111.76
26381,111.76
26397,111.76
26413,111.76
26429,111.76
26444,111.76
26461,121.92
26476,124.46
26491,124.46
26508,124.46
26523,124.46
26540,124.46
26555,124.46
26570,127.00
26587,127.00
26602,127.00
26618,127.00
26634,127.00
26650,127.00
26665,154.94
26681,160.02
26697,157.48
26713,114.30
26729,111.76
26744,114.30
26760,111.76
26776,111.76
26791,111.76
26808,114.30
26823,114.30
26840,111.76
26855,111.76
26870,111.76
26887,114.30
26902,111.76
26918,111.76
26934,111.76
26949,111.76
26966,111.76
26981,111.76
26997,111.76
27013,111.76
27029,114.30
27044,114.30
27060,111.76
27076,114.30
27091,111.76
27108,114.30
27123,114.30
27140,111.76
27155,111.76
27170,109.22
27187,109.22
27202,109.22
27218,109.22
27234,109.22
27249,109.22
27266,109.22
27281,109.22
27297,109.22
27313,109.22
27329,109.22
27344,111.76
27360,111.76
27376,111.76
27392,111.76
27408,111.76
27423,111.76
27440,111.76
27455,111.76
27470,111.76
27487,111.76
27502,111.76
27518,111.76
27534,111.76
27549,114.30
27566,114.30
27581,111.76
27597,96.52
27613,83.82
27629,81.28
27644,81.28
27660,81.28
27676,81.28
27692,81.28
27707,78.74
27723,78.74
27739,78.74
27755,78.74
27770,78.74
27786,78.74
27802,78.74
27817,78.74
27833,78.74
27849,78.74
27865,81.28
27881,78.74
27896,78.74
27912,78.74
27928,78.74
27943,81.28
27959,78.74
27975,78.74
27991,78.74
28007,78.74
28022,78.74
28038,78.74
28054,78.74
28069,78.74
28085,78.74
28101,81.28
28116,81.28
28133,81.28
28148,96.52
28164,114.30
28180,114.30
28195,114.30
28212,114.30
28227,114.30
28242,114.30
28259,116.84
28274,116.84
28291,81.28
28306,40.64
28321,40.64
28338,40.64
28353,109.22
28369,116.84
28385,116.84
28400,127.00
28417,129.54
28432,129.54
28448,116.84
28464,114.30
28480,114.30
28495,114.30
28511,116.84
28527,114.30
28542,114.30
28559,114.30
-1,-1
29575,114.30
29590,114.30
29606,114.30
29622,114.30
29637,116.84
29654,114.30
29669,114.30
29685,114.30
29701,114.30
29716,114.30
29732,114.30
29748,114.30
29764,114.30
29779,116.84
29796,114.30
29811,114.30
29827,114.30
29843,114.30
29858,114.30
29875,114.30
29890,114.30
29906,114.30
29922,116.84
29937,114.30
29954,114.30
29969,114.30
29985,116.84
30001,116.84
30016,116.84
30032,116.84
30048,114.30
30064,114.30
30080,99.06
30096,81.28
30111,81.28
30127,81.28
30143,78.74
30158,81.28
30174,78.74
30190,78.74
30205,78.74
30222,78.74
30237,78.74
30253,81.28
30269,81.28
30284,78.74
30300,78.74
30316,78.74
30331,78.74
30348,78.74
30363,78.74
30379,78.74
30395,78.74
30410,78.74
30426,78.74
30442,78.74
30457,78.74
30474,78.74
30489,78.74
30504,78.74
30521,78.74
30536,78.74
30552,78.74
30568,78.74
30583,78.74
30600,78.74
30615,78.74
30630,78.74
30647,78.74
30662,78.74
30678,78.74
30694,78.74
30709,78.74
30726,78.74
30741,78.74
30756,78.74
30773,81.28
30788,109.22
30804,111.76
30820,111.76
30835,111.76
30852,111.76
30867,111.76
30883,111.76
30899,111.76
30915,111.76
30930,111.76
30946,111.76
30962,111.76
30978,111.76
30994,111.76
31009,111.76
31025,111.76
31041,109.22
31056,109.22
31073,109.22
31088,109.22
31105,109.22
31120,109.22
31135,109.22
31152,111.76
31167,109.22
31183,109.22
31199,109.22
31215,109.22
31230,109.22
31246,109.22
31262,109.22
31278,111.76
31294,111.76
31309,114.30
31325,111.76
31341,109.22
31356,109.22
31373,111.76
31388,111.76
31405,111.76
31420,111.76
31435,111.76
31452,111.76
31467,111.76
31483,111.76
31499,111.76
31515,111.76
31531,111.76
31546,111.76
31562,111.76
31578,114.30
31594,114.30
31609,114.30
31625,124.46
31641,154.94
31656,154.94
31673,129.54
31688,116.84
31705,114.30
31720,116.84
31735,124.46
31752,124.46
31767,124.46
31783,127.00
31799,127.00
31815,127.00
31831,127.00
31846,129.54
31862,127.00
31878,127.00
31894,127.00
31909,127.00
31925,116.84
31941,114.30
31956,116.84
31973,114.30
31988,116.84
32005,114.30
32020,114.30
32035,111.76
32052,111.76
32067,114.30
32083,111.76
32099,111.76
32115,111.76
32131,111.76
32146,111.76
32162,111.76
32178,111.76
32194,109.22
32209,109.22
32225,109.22
32241,109.22
32257,109.22
-1,-1
33272,109.22
33289,109.22
33304,109.22
33320,109.22
33336,111.76
33351,111.76
33368,109.22
33383,109.22
33399,109.22
33415,109.22
33431,111.76
33446,109.22
33462,109.22
33478,109.22
33494,109.22
33510,111.76
33525,109.22
33542,109.22
33557,109.22
33572,109.22
33589,109.22
33604,111.76
33620,111.76
33636,111.76
33651,99.06
33668,45.72
33683,38.10
33699,38.10
33715,104.14
33730,111.76
33746,111.76
33762,111.76
33778,111.76
33794,111.76
33810,114.30
33825,114.30
33841,114.30
33857,119.38
33872,124.46
33889,124.46
33904,124.46
33920,124.46
33936,124.46
33951,127.00
33968,127.00
33983,127.00
33999,127.00
34015,129.54
34030,127.00
34046,127.00
34062,114.30
34078,114.30
34094,116.84
34109,114.30
34125,114.30
34141,114.30
34157,114.30
34172,114.30
34189,111.76
34204,111.76
34220,111.76
34236,114.30
34251,114.30
34268,111.76
34283,111.76
34299,114.30
34315,111.76
34330,111.76
34347,111.76
34362,111.76
34378,111.76
34394,111.76
34409,111.76
34425,111.76
34441,111.76
34457,111.76
34472,111.76
34489,111.76
34504,111.76
34520,111.76
34536,111.76
34551,111.76
34568,109.22
34583,109.22
34599,109.22
34615,109.22
34630,109.22
34647,109.22
34662,109.22
34678,111.76
34694,111.76
34710,111.76
34725,111.76
34741,111.76
34757,111.76
34772,111.76
34789,114.30
34804,111.76
34820,111.76
34836,111.76
34851,114.30
34868,111.76
34883,111.76
34899,111.76
34915,111.76
34930,111.76
34947,99.06
34962,81.28
34978,83.82
34994,83.82
35009,83.82
35025,81.28
35041,81.28
35056,86.36
35073,83.82
35088,86.36
35104,81.28
35120,81.28
35135,81.28
35151,78.74
35167,78.74
35182,78.74
35198,81.28
35214,81.28
35230,78.74
35246,78.74
35261,78.74
35277,78.74
35293,78.74
35309,78.74
35324,78.74
35340,78.74
35356,78.74
35372,78.74
35387,78.74
35403,78.74
35419,81.28
35435,81.28
35450,78.74
35466,78.74
35482,78.74
35497,91.44
35513,116.84
35529,116.84
35545,91.44
35561,81.28
35576,81.28
35592,81.28
35608,81.28
35623,81.28
35639,81.28
35655,111.76
35671,114.30
35687,114.30
35702,114.30
35719,114.30
35734,114.30
35749,114.30
35766,114.30
35781,114.30
35798,114.30
35813,114.30
35829,114.30
35845,53.34
35860,40.64
35876,40.64
35892,60.96
35907,111.76
35923,114.30
35939,114.30
35955,114.30
-1,-1
36971,114.30
36986,116.84
37003,116.84
37018,116.84
37033,114.30
37050,114.30
37065,114.30
37082,114.30
37097,114.30
37113,114.30
37129,114.30
37144,114.30
37160,116.84
37176,116.84
37192,114.30
37208,114.30
37223,114.30
37239,114.30
37255,114.30
37271,114.30
37286,116.84
37303,116.84
37318,119.38
37334,116.84
37350,114.30
37365,114.30
37382,63.50
37397,40.64
37412,38.10
37429,38.10
37444,111.76
37460,114.30
37476,114.30
37491,114.30
37508,114.30
37523,114.30
37539,114.30
37555,114.30
37571,114.30
37586,81.28
37602,78.74
37618,78.74
37634,78.74
37650,78.74
37665,78.74
37681,81.28
37697,81.28
37712,78.74
37728,78.74
37744,78.74
37760,78.74
37776,81.28
37791,78.74
37807,78.74
37823,78.74
37838,78.74
37854,78.74
37870,78.74
37885,78.74
37902,78.74
37917,78.74
37933,78.74
37949,78.74
37964,78.74
37980,78.74
37996,78.74
38011,78.74
38028,81.28
38043,81.28
38059,81.28
38075,81.28
38090,109.22
38106,111.76
38122,111.76
38137,81.28
38154,78.74
38169,78.74
38184,81.28
38201,81.28
38216,81.28
38233,104.14
38248,111.76
38263,111.76
38280,111.76
38295,111.76
38311,111.76
38327,111.76
38343,111.76
38359,111.76
38374,111.76
38390,111.76
38406,111.76
38422,111.76
38437,109.22
38454,109.22
38469,109.22
38484,109.22
38501,109.22
38516,109.22
38533,111.76
38548,111.76
38563,111.76
38580,111.76
38595,109.22
38611,109.22
38627,111.76
38643,111.76
38659,114.30
38674,111.76
38690,111.76
38706,111.76
38722,114.30
38737,111.76
38754,111.76
38769,111.76
38785,111.76
38801,111.76
38816,114.30
38833,111.76
38848,111.76
38863,111.76
38880,111.76
38895,111.76
38912,111.76
38927,111.76
38943,111.76
38959,111.76
38974,111.76
38990,111.76
39006,111.76
39022,114.30
39037,116.84
39054,116.84
39069,116.84
39085,152.40
39101,157.48
39116,157.48
39133,157.48
39148,157.48
39163,157.48
39180,129.54
39195,124.46
39212,124.46
39227,124.46
39243,127.00
39259,127.00
39274,127.00
39290,127.00
39306,127.00
39322,116.84
39337,114.30
39353,114.30
39369,119.38
39385,124.46
39401,127.00
39416,121.92
39433,114.30
39448,114.30
39463,114.30
39480,114.30
39495,111.76
39512,111.76
39527,109.22
39543,109.22
39559,109.22
39574,109.22
39590,109.22
39606,109.22
39622,109.22
39638,109.22
39654,109.22
-1,-1
40670,109.22
40685,109.22
40700,111.76
40717,109.22
40732,109.22
40749,109.22
40764,109.22
40780,109.22
40796,111.76
40811,109.22
40827,106.68
40843,109.22
40859,109.22
40875,109.22
40890,109.22
40906,109.22
40922,111.76
40938,111.76
40953,111.76
40970,111.76
40985,111.76
41000,111.76
41017,111.76
41032,111.76
41049,111.76
41064,111.76
41079,111.76
41096,111.76
41111,111.76
41127,111.76
41143,111.76
41159,111.76
41175,111.76
41190,111.76
41206,111.76
41222,111.76
41238,111.76
41253,111.76
41270,114.30
41285,114.30
41300,114.30
41317,121.92
41332,121.92
41349,124.46
41364,129.54
41379,129.54
41396,127.00
41411,129.54
41427,129.54
41443,129.54
41459,139.70
41475,157.48
41490,157.48
41506,132.08
41522,116.84
41538,114.30
41553,114.30
41569,116.84
41585,116.84
41601,114.30
41617,114.30
41632,114.30
41649,114.30
41664,114.30
41679,111.76
41696,111.76
41711,111.76
41728,111.76
41743,114.30
41759,111.76
41775,111.76
41790,114.30
41806,111.76
41822,114.30
41838,111.76
41853,111.76
41869,111.76
41885,111.76
41901,111.76
41917,111.76
41932,111.76
41949,111.76
41964,111.76
41979,109.22
41996,109.22
42011,109.22
42028,109.22
42043,111.76
42059,111.76
42075,109.22
42090,109.22
42106,109.22
42122,111.76
42138,109.22
42153,111.76
42169,111.76
42185,111.76
42201,111.76
42217,111.76
42232,111.76
42249,111.76
42264,111.76
42279,111.76
42296,111.76
42311,111.76
42328,111.76
42343,111.76
42359,83.82
42375,81.28
42390,83.82
42406,81.28
42422,78.74
42437,78.74
42454,78.74
42469,78.74
42485,78.74
42501,78.74
42516,78.74
42532,78.74
42548,78.74
42563,78.74
42579,78.74
42595,78.74
42611,78.74
42627,78.74
42642,81.28
42658,78.74
42674,78.74
42689,78.74
42705,78.74
42721,78.74
42737,78.74
42753,78.74
42768,78.74
42784,78.74
42800,78.74
42815,78.74
42831,78.74
42847,78.74
42863,78.74
42878,78.74
42894,78.74
42910,78.74
42926,78.74
42941,78.74
42957,78.74
42973,78.74
42989,81.28
43004,81.28
43020,81.28
43036,81.28
43052,81.28
43067,81.28
43083,81.28
43099,104.14
43115,111.76
43130,111.76
43146,114.30
43162,111.76
43177,111.76
43194,111.76
43209,114.30
43226,111.76
43241,111.76
43256,111.76
43273,111.76
43288,111.76
43304,116.84
43320,114.30
43335,114.30
43352,114.30
-1,-1
44367,111.76
44383,114.30
44399,114.30
44414,114.30
44431,114.30
44446,116.84
44463,114.30
44478,114.30
44493,111.76
44510,111.76
44525,111.76
44541,111.76
44557,111.76
44572,111.76
44589,111.76
44604,111.76
44620,111.76
44636,114.30
44652,114.30
44667,114.30
44683,114.30
44699,114.30
44715,114.30
44731,114.30
44746,114.30
44762,111.76
44778,111.76
44793,111.76
44810,111.76
44825,111.76
44841,114.30
44857,114.30
44872,114.30
44889,114.30
44904,114.30
44920,116.84
44936,81.28
44952,78.74
44967,78.74
44983,78.74
44999,78.74
45015,78.74
45030,81.28
45046,81.28
45062,78.74
45078,78.74
45093,78.74
45109,78.74
45125,78.74
45140,78.74
45156,78.74
45172,78.74
45188,81.28
45204,78.74
45219,78.74
45235,78.74
45251,78.74
45266,78.74
45282,78.74
45298,78.74
45314,78.74
45330,78.74
45345,78.74
45361,78.74
45377,78.74
45392,78.74
45408,78.74
45424,81.28
45440,81.28
45456,81.28
45471,83.82
45487,111.76
45503,114.30
45518,114.30
45535,111.76
45550,111.76
45565,114.30
45582,86.36
45597,83.82
45614,83.82
45629,93.98
45644,111.76
45661,111.76
45676,111.76
45692,111.76
45708,111.76
45723,111.76
45740,111.76
45755,111.76
45771,114.30
45787,111.76
45803,111.76
45818,111.76
45834,109.22
45850,111.76
45865,109.22
45882,111.76
45897,111.76
45913,111.76
45929,111.76
45944,111.76
45961,111.76
45976,111.76
45992,111.76
46008,111.76
46023,111.76
46040,114.30
46055,111.76
46071,114.30
46087,111.76
46102,111.76
46118,111.76
46134,114.30
46150,114.30
46166,114.30
46182,111.76
46197,111.76
46213,111.76
46229,111.76
46244,111.76
46261,111.76
46276,111.76
46292,111.76
46308,111.76
46323,111.76
46340,111.76
46355,111.76
46371,114.30
46387,116.84
46402,116.84
46418,119.38
46434,116.84
46450,114.30
46466,114.30
46482,124.46
46497,127.00
46513,127.00
46529,129.54
46544,129.54
46561,127.00
46576,129.54
46593,129.54
46608,129.54
46623,129.54
46640,129.54
46655,127.00
46671,127.00
46687,124.46
46702,124.46
46718,119.38
46734,114.30
46750,114.30
46766,111.76
46782,111.76
46797,111.76
46813,111.76
46829,111.76
46844,111.76
46861,111.76
46876,111.76
46893,111.76
46908,111.76
46923,111.76
46940,111.76
46955,111.76
46971,111.76
46987,109.22
47002,109.22
47019,109.22
47034,109.22
47050,111.76
-1,-1
48066,109.22
48081,109.22
48098,109.22
48113,109.22
48129,106.68
48145,106.68
48160,106.68
48177,106.68
48192,106.68
48208,109.22
48224,109.22
48239,109.22
48256,109.22
48271,109.22
48287,109.22
48303,109.22
48319,109.22
48334,109.22
48350,109.22
48366,109.22
48381,109.22
48398,109.22
48413,109.22
48429,109.22
48445,109.22
48460,111.76
48477,111.76
48492,111.76
48508,111.76
48524,111.76
48539,111.76
48556,114.30
48571,114.30
48587,111.76
48603,111.76
48619,111.76
48634,111.76
48650,111.76
48666,124.46
48681,124.46
48698,124.46
48713,127.00
48729,127.00
48745,127.00
48760,129.54
48777,129.54
48792,129.54
48808,134.62
48824,137.16
48839,137.16
48856,132.08
48871,127.00
48887,127.00
48903,124.46
48918,114.30
48934,116.84
48950,116.84
48966,114.30
48982,116.84
48998,114.30
49013,114.30
49029,111.76
49045,114.30
49060,111.76
49077,114.30
49092,114.30
49108,111.76
49124,111.76
49139,114.30
49156,111.76
49171,111.76
49187,111.76
49203,111.76
49218,111.76
49234,111.76
49250,114.30
49266,111.76
49282,111.76
49298,114.30
49313,111.76
49329,109.22
49345,109.22
49360,109.22
49377,111.76
49392,111.76
49409,109.22
49424,109.22
49439,111.76
49456,109.22
49471,109.22
49487,109.22
49503,111.76
49518,114.30
49534,111.76
49550,114.30
49566,111.76
49582,111.76
49598,111.76
49613,111.76
49629,111.76
49645,111.76
49660,111.76
49677,114.30
49692,111.76
49709,111.76
49724,111.76
49739,111.76
49756,83.82
49771,83.82
49787,83.82
49803,81.28
49818,78.74
49835,78.74
49850,78.74
49865,78.74
49882,78.74
49897,78.74
49913,78.74
49929,78.74
49944,78.74
49960,78.74
49976,78.74
49991,81.28
50008,78.74
50023,78.74
50039,78.74
50055,78.74
50070,78.74
50086,78.74
50102,78.74
50117,78.74
50134,81.28
50149,78.74
50165,78.74
50181,81.28
50196,78.74
50212,78.74
50228,81.28
50243,78.74
50259,78.74
50275,78.74
50291,78.74
50307,78.74
50322,78.74
50338,78.74
50354,78.74
50369,78.74
50385,78.74
50401,81.28
50417,81.28
50433,83.82
50448,101.60
50464,114.30
50480,114.30
50496,114.30
50511,111.76
50527,111.76
50543,111.76
50558,114.30
50575,114.30
50590,114.30
50607,114.30
50622,114.30
50637,114.30
50654,114.30
50669,114.30
50685,114.30
50701,114.30
50717,114.30
50733,114.30
50748,45.72
-1,-1
51764,114.30
51780,114.30
51795,114.30
51812,114.30
51827,114.30
51843,114.30
51859,114.30
51874,114.30
51891,114.30
51906,114.30
51922,114.30
51938,116.84
51953,114.30
51970,114.30
51985,53.34
52001,40.64
52017,40.64
52032,38.10
52048,38.10
52064,38.10
52080,40.64
52096,111.76
52111,114.30
52127,114.30
52143,114.30
52159,114.30
52174,114.30
52190,114.30
52206,114.30
52221,114.30
52238,114.30
52253,114.30
52270,114.30
52285,114.30
52300,114.30
52317,114.30
52332,116.84
52348,116.84
52364,116.84
52379,93.98
52396,81.28
52411,81.28
52427,81.28
52443,78.74
52458,78.74
52474,78.74
52490,78.74
52505,78.74
52521,78.74
52537,78.74
52553,78.74
52569,78.74
52584,78.74
52600,78.74
52616,78.74
52631,78.74
52647,78.74
52663,81.28
52679,78.74
52695,78.74
52710,78.74
52726,78.74
52742,78.74
52757,78.74
52773,78.74
52789,81.28
52805,78.74
52820,78.74
52836,78.74
52852,78.74
52868,78.74
52883,81.28
52899,78.74
52915,78.74
52931,78.74
52946,78.74
52962,78.74
52978,81.28
52994,81.28
53010,81.28
53025,83.82
53041,111.76
53057,111.76
53072,111.76
53089,111.76
53104,111.76
53120,111.76
53136,111.76
53151,111.76
53168,111.76
53183,111.76
53198,111.76
53215,111.76
53230,111.76
53246,111.76
53262,111.76
53278,111.76
53294,111.76
53309,111.76
53325,111.76
53341,111.76
53357,111.76
53372,111.76
53389,111.76
53404,111.76
53420,111.76
53436,109.22
53451,109.22
53468,109.22
53483,111.76
53498,114.30
53515,111.76
53530,111.76
53547,111.76
53562,111.76
53578,111.76
53594,111.76
53609,111.76
53625,111.76
53641,111.76
53657,111.76
53672,114.30
53689,111.76
53704,111.76
53720,114.30
53736,114.30
53751,114.30
53768,114.30
53783,114.30
53798,111.76
53815,111.76
53830,114.30
53847,114.30
53862,114.30
53878,149.86
53894,160.02
53909,160.02
53925,129.54
53941,124.46
53957,124.46
53972,127.00
53989,127.00
54004,129.54
54020,129.54
54036,129.54
54051,127.00
54068,127.00
54083,129.54
54098,129.54
54115,127.00
54130,111.76
54147,111.76
54162,111.76
54178,111.76
54194,111.76
54209,111.76
54225,111.76
54241,114.30
54257,111.76
54273,111.76
54289,111.76
54304,114.30
54320,111.76
54336,109.22
54351,109.22
54368,109.22
54383,109.22
54398,109.22
54415,109.22
54430,109.22
54447,109.22
-1,-1
55462,111.76
55478,109.22
55494,109.22
55510,109.22
55525,106.68
55541,106.68
55557,106.68
55573,109.22
55588,109.22
55605,109.22
55620,109.22
55635,109.22
55652,109.22
55667,109.22
55684,109.22
55699,109.22
55715,111.76
55731,109.22
55746,109.22
55762,109.22
55778,109.22
55794,109.22
55810,109.22
55825,109.22
55841,109.22
55857,111.76
55873,111.76
55888,111.76
55905,111.76
55920,111.76
55936,111.76
55952,114.30
55967,111.76
55984,111.76
55999,111.76
56015,111.76
56031,111.76
56046,111.76
56062,114.30
56078,114.30
56094,114.30
56110,129.54
56125,139.70
56141,139.70
56157,132.08
56173,127.00
56188,129.54
56205,127.00
56220,124.46
56236,124.46
56252,124.46
56267,154.94
56284,157.48
56299,157.48
56315,116.84
56331,116.84
56346,116.84
56363,114.30
56378,111.76
56394,111.76
56410,111.76
56425,114.30
56441,114.30
56457,111.76
56473,114.30
56488,111.76
56505,111.76
56520,111.76
56536,111.76
56552,114.30
56567,111.76
56584,111.76
56599,111.76
56615,111.76
56631,111.76
56646,111.76
56663,111.76
56678,111.76
56694,111.76
56710,111.76
56725,111.76
56741,111.76
56757,111.76
56773,111.76
56788,111.76
56805,111.76
56820,111.76
56836,111.76
56852,111.76
56867,111.76
56884,114.30
56899,111.76
56914,111.76
56931,111.76
56946,111.76
56963,111.76
56978,111.76
56994,111.76
57010,111.76
57025,111.76
57041,111.76
57057,111.76
57073,111.76
57089,111.76
57105,83.82
57120,81.28
57136,83.82
57152,81.28
57167,81.28
57183,81.28
57199,83.82
57214,83.82
57231,83.82
57246,83.82
57262,81.28
57278,81.28
57293,81.28
57309,78.74
57325,81.28
57340,78.74
57357,78.74
57372,78.74
57388,81.28
57404,78.74
57419,78.74
57435,78.74
57451,81.28
57466,78.74
57483,78.74
57498,78.74
57513,78.74
57530,81.28
57545,78.74
57561,78.74
57577,78.74
57592,78.74
57609,78.74
57624,78.74
57639,78.74
57656,78.74
57671,78.74
57688,78.74
57703,78.74
57718,78.74
57735,78.74
57750,78.74
57765,81.28
57782,78.74
57797,81.28
57814,81.28
57829,81.28
57844,88.90
57861,111.76
57876,114.30
57891,114.30
57908,114.30
57923,114.30
57939,114.30
57955,114.30
57971,114.30
57987,116.84
58002,114.30
58018,114.30
58034,114.30
58050,114.30
58065,114.30
58082,114.30
58097,114.30
58113,114.30
58129,114.30
58144,114.30
-1,-1
59160,114.30
59176,114.30
59192,116.84
59208,116.84
59224,114.30
59239,114.30
59255,116.84
59271,116.84
59287,116.84
59302,114.30
59318,116.84
59334,114.30
59350,114.30
59366,114.30
59381,114.30
59398,116.84
59413,116.84
59428,116.84
59445,114.30
59460,114.30
59476,114.30
59492,114.30
59508,116.84
59524,114.30
59539,114.30
59555,114.30
59571,114.30
59587,114.30
59602,111.76
59618,111.76
59634,88.90
59650,83.82
59666,81.28
59681,81.28
59697,78.74
59713,78.74
59728,81.28
59745,78.74
59760,78.74
59776,78.74
59792,83.82
59807,83.82
59823,83.82
59839,78.74
59854,78.74
59871,78.74
59886,78.74
59901,78.74
59918,78.74
59933,78.74
59949,78.74
59965,78.74
59980,78.74
59997,78.74
60012,78.74
60027,78.74
60044,78.74
60059,78.74
60075,78.74
60091,78.74
60106,78.74
60123,78.74
60138,78.74
60153,78.74
60170,78.74
60185,78.74
60200,78.74
60217,78.74
60232,78.74
60249,78.74
60264,78.74
60279,81.28
60296,81.28
60311,81.28
60327,81.28
60343,81.28
60358,81.28
60375,81.28
60390,81.28
60405,81.28
60422,81.28
60437,109.22
60453,111.76
60469,111.76
60484,111.76
60500,111.76
60516,111.76
60532,111.76
60548,111.76
60564,111.76
60579,111.76
60595,111.76
60611,111.76
60626,111.76
60643,109.22
60658,109.22
60674,109.22
60690,109.22
60705,109.22
60722,109.22
60737,109.22
60753,109.22
60769,109.22
60784,109.22
60801,109.22
60816,109.22
60832,111.76
60848,111.76
60864,114.30
60879,111.76
60895,111.76
60911,111.76
60926,111.76
60943,111.76
60958,111.76
60974,111.76
60990,111.76
61005,111.76
61022,111.76
61037,111.76
61053,114.30
61069,111.76
61084,111.76
61101,111.76
61116,111.76
61132,111.76
61148,111.76
61164,111.76
61179,114.30
61195,114.30
61211,116.84
61227,132.08
61243,154.94
61258,154.94
61274,160.02
61290,160.02
61305,160.02
61322,139.70
61337,127.00
61353,127.00
61369,127.00
61384,127.00
61401,127.00
61416,127.00
61432,127.00
61448,127.00
61463,127.00
61479,127.00
61495,127.00
61511,127.00
61527,116.84
61543,116.84
61558,116.84
61574,114.30
61590,114.30
61605,111.76
61622,111.76
61637,111.76
61654,111.76
61669,111.76
61684,111.76
61701,111.76
61716,111.76
61732,109.22
61748,109.22
61763,109.22
61779,109.22
61795,109.22
61811,109.22
61827,109.22
61843,109.22
-1,-1
62859,106.68
62874,106.68
62889,106.68
62906,109.22
62921,109.22
62938,111.76
62953,109.22
62969,106.68
62985,106.68
63000,109.22
63016,106.68
63032,109.22
63048,106.68
63064,109.22
63080,109.22
63095,109.22
63111,109.22
63127,109.22
63142,109.22
63159,109.22
63174,109.22
63191,109.22
63206,109.22
63221,109.22
63238,109.22
63253,109.22
63269,109.22
63285,109.22
63300,109.22
63316,111.76
63332,111.76
63348,111.76
63364,111.76
63380,111.76
63395,111.76
63411,114.30
63427,114.30
63442,114.30
63459,121.92
63474,124.46
63491,124.46
63506,127.00
63521,127.00
63538,127.00
63553,127.00
63569,127.00
63585,127.00
63600,127.00
63617,124.46
63632,127.00
63648,124.46
63664,127.00
63680,127.00
63695,127.00
63711,119.38
63727,116.84
63742,119.38
63759,116.84
63774,114.30
63791,114.30
63806,114.30
63821,111.76
63838,114.30
63853,114.30
63869,111.76
63885,111.76
63900,111.76
63917,111.76
63932,114.30
63948,111.76
63964,111.76
63980,111.76
63995,111.76
64011,111.76
64027,111.76
64043,111.76
64059,111.76
64074,111.76
64091,111.76
64106,111.76
64121,111.76
64138,111.76
64153,111.76
64169,109.22
64185,109.22
64200,109.22
64217,109.22
64232,109.22
64248,109.22
64264,109.22
64280,109.22
64295,109.22
64311,111.76
64327,111.76
64343,111.76
64359,111.76
64374,114.30
64391,114.30
64406,111.76
64421,111.76
64438,114.30
64453,114.30
64470,114.30
64485,114.30
64500,88.90
64517,81.28
64532,83.82
64548,81.28
64564,78.74
64579,78.74
64595,78.74
64611,78.74
64626,78.74
64643,78.74
64658,78.74
64674,78.74
64690,78.74
64705,78.74
64721,78.74
64737,78.74
64752,78.74
64769,78.74
64784,78.74
64800,78.74
64816,78.74
64831,78.74
64847,78.74
64863,78.74
64878,78.74
64894,81.28
64910,78.74
64926,78.74
64942,78.74
64957,78.74
64973,78.74
64989,78.74
65004,78.74
65020,78.74
65036,78.74
65052,78.74
65068,78.74
65083,78.74
65099,78.74
65115,78.74
65130,78.74
65146,78.74
65162,78.74
65178,78.74
65193,83.82
65209,111.76
65225,114.30
65241,114.30
65257,114.30
65272,114.30
65288,114.30
65304,116.84
65319,116.84
65336,116.84
65351,114.30
65368,114.30
65383,114.30
65398,45.72
65415,38.10
65430,40.64
65446,88.90
65462,116.84
65477,116.84
65494,53.34
65509,40.64
65525,38.10
65541,58.42
-1,-1
66556,116.84
66572,116.84
66588,116.84
66604,116.84
66620,116.84
66635,116.84
66651,114.30
66667,116.84
66682,116.84
66699,114.30
66714,114.30
66731,114.30
66746,116.84
66761,116.84
66778,119.38
66793,114.30
66809,114.30
66825,114.30
66840,114.30
66856,114.30
66872,114.30
66888,114.30
66904,114.30
66920,114.30
66935,116.84
66951,114.30
66967,114.30
66982,114.30
66999,114.30
67014,114.30
67031,114.30
67046,114.30
67061,114.30
67078,109.22
67093,83.82
67109,81.28
67125,83.82
67140,83.82
67156,83.82
67172,83.82
67187,78.74
67204,78.74
67219,81.28
67235,78.74
67251,78.74
67266,78.74
67282,78.74
67298,78.74
67313,78.74
67330,78.74
67345,78.74
67361,78.74
67377,78.74
67392,78.74
67408,78.74
67424,78.74
67440,78.74
67456,78.74
67471,78.74
67487,78.74
67503,78.74
67518,81.28
67534,78.74
67550,81.28
67566,78.74
67581,81.28
67597,78.74
67613,78.74
67629,78.74
67644,78.74
67660,78.74
67676,78.74
67692,78.74
67707,78.74
67723,81.28
67739,81.28
67755,81.28
67770,81.28
67786,109.22
67802,111.76
67818,111.76
67833,111.76
67849,111.76
67865,111.76
67880,111.76
67897,111.76
67912,111.76
67929,111.76
67944,111.76
67959,111.76
67976,111.76
67991,111.76
68007,111.76
68023,111.76
68039,111.76
68055,111.76
68070,111.76
68086,109.22
68102,111.76
68118,111.76
68133,111.76
68149,111.76
68165,111.76
68180,109.22
68197,109.22
68212,111.76
68229,111.76
68244,111.76
68259,111.76
68276,111.76
68291,111.76
68307,111.76
68323,111.76
68339,111.76
68355,111.76
68370,111.76
68386,111.76
68402,111.76
68418,111.76
68433,114.30
68449,111.76
68465,111.76
68481,111.76
68497,111.76
68512,111.76
68529,114.30
68544,111.76
68559,111.76
68576,111.76
68591,111.76
68608,111.76
68623,114.30
68639,116.84
68655,114.30
68670,116.84
68686,127.00
68702,127.00
68718,127.00
68733,154.94
68749,157.48
68765,157.48
68781,129.54
68797,129.54
68812,129.54
68829,129.54
68844,127.00
68859,127.00
68876,127.00
68891,124.46
68908,124.46
68923,116.84
68938,114.30
68955,114.30
68970,114.30
68986,111.76
69002,111.76
69018,111.76
69033,111.76
69049,111.76
69065,114.30
69081,111.76
69097,111.76
69112,111.76
69129,109.22
69144,111.76
69159,111.76
69176,111.76
69191,111.76
69208,111.76
69223,111.76
69239,109.22
-1,-1
70255,109.22
70270,109.22
70286,109.22
70302,111.76
70318,109.22
70334,109.22
70349,109.22
70366,111.76
70381,111.76
70396,109.22
70413,109.22
70428,109.22
70445,109.22
70460,109.22
70475,109.22
70492,109.22
70507,109.22
70523,109.22
70539,109.22
70555,109.22
70571,109.22
70586,109.22
70602,109.22
70618,111.76
70634,111.76
70649,111.76
70666,111.76
70681,111.76
70696,111.76
70713,111.76
70728,111.76
70745,111.76
70760,111.76
70775,111.76
70792,111.76
70807,114.30
70823,114.30
70839,114.30
70855,116.84
70871,124.46
70886,124.46
70902,124.46
70918,124.46
70934,124.46
70949,124.46
70966,127.00
70981,127.00
70996,127.00
71013,129.54
71028,129.54
71045,132.08
71060,116.84
71075,114.30
71092,114.30
71107,114.30
71123,116.84
71139,116.84
71155,114.30
71171,111.76
71186,114.30
71202,114.30
71218,111.76
71234,111.76
71249,114.30
71266,111.76
71281,111.76
71297,111.76
71313,111.76
71328,111.76
71345,111.76
71360,111.76
71375,111.76
71392,111.76
71407,111.76
71424,111.76
71439,111.76
71455,111.76
71471,111.76
71486,111.76
71502,111.76
71518,111.76
71534,111.76
71549,111.76
71566,111.76
71581,111.76
71597,111.76
71613,111.76
71628,114.30
71645,114.30
71660,111.76
71675,111.76
71692,111.76
71707,111.76
71724,111.76
71739,111.76
71755,111.76
71771,111.76
71786,111.76
71802,111.76
71818,111.76
71834,111.76
71849,111.76
71866,111.76
71881,111.76
71897,111.76
71913,111.76
71928,111.76
71945,106.68
71960,81.28
71975,81.28
71992,78.74
72007,78.74
72024,78.74
72039,78.74
72054,78.74
72071,78.74
72086,78.74
72101,78.74
72118,78.74
72133,81.28
72150,78.74
72165,78.74
72180,78.74
72197,78.74
72212,78.74
72227,78.74
72244,81.28
72259,78.74
72275,78.74
72291,78.74
72306,78.74
72323,78.74
72338,78.74
72353,78.74
72370,78.74
72385,78.74
72401,78.74
72417,78.74
72432,78.74
72449,78.74
72464,78.74
72479,78.74
72496,78.74
72511,78.74
72527,78.74
72543,81.28
72558,81.28
72574,81.28
72590,81.28
72605,78.74
72622,78.74
72637,78.74
72653,111.76
72669,114.30
72684,114.30
72700,114.30
72716,114.30
72732,114.30
72748,114.30
72764,114.30
72779,114.30
72795,114.30
72811,114.30
72826,116.84
72843,114.30
72858,114.30
72873,114.30
72890,116.84
72905,114.30
72922,114.30
72937,114.30
-1,-1
73953,114.30
73969,116.84
73985,114.30
74000,114.30
74016,114.30
74032,114.30
74048,116.84
74063,114.30
74080,116.84
74095,114.30
74110,116.84
74127,116.84
74142,114.30
74159,114.30
74174,114.30
74190,116.84
74206,114.30
74221,114.30
74237,114.30
74253,114.30
74269,114.30
74285,114.30
74300,114.30
74316,114.30
74332,114.30
74348,114.30
74363,114.30
74380,114.30
74395,111.76
74411,114.30
74427,111.76
74442,83.82
74459,81.28
74474,83.82
74489,78.74
74506,78.74
74521,78.74
74537,78.74
74553,78.74
74568,78.74
74585,78.74
74600,78.74
74615,78.74
74632,78.74
74647,81.28
74663,78.74
74679,78.74
74694,78.74
74711,78.74
74726,78.74
74741,78.74
74758,78.74
74773,78.74
74789,78.74
74805,78.74
74820,78.74
74836,78.74
74852,78.74
74867,78.74
74884,78.74
74899,78.74
74915,78.74
74931,78.74
74946,78.74
74962,78.74
74978,78.74
74994,81.28
75010,78.74
75025,78.74
75041,78.74
75057,78.74
75072,78.74
75088,78.74
75104,78.74
75120,78.74
75136,81.28
75151,81.28
75167,81.28
75183,106.68
75199,114.30
75214,114.30
75230,111.76
75246,111.76
75261,111.76
75278,111.76
75293,111.76
75309,114.30
75325,111.76
75340,111.76
75357,111.76
75372,114.30
75388,111.76
75404,111.76
75419,111.76
75436,111.76
75451,111.76
75467,111.76
75483,109.22
75498,109.22
75514,109.22
75530,114.30
75546,111.76
75561,111.76
75578,111.76
75593,111.76
75609,111.76
75625,111.76
75640,109.22
75657,109.22
75672,111.76
75688,111.76
75704,111.76
75719,111.76
75736,111.76
75751,111.76
75767,111.76
75783,111.76
75798,111.76
75814,111.76
75830,111.76
75846,114.30
75862,111.76
75878,111.76
75893,111.76
75909,111.76
75925,114.30
75940,114.30
75957,114.30
75972,116.84
75988,154.94
76004,157.48
76019,157.48
76036,157.48
76051,157.48
76067,157.48
76083,132.08
76098,129.54
76114,129.54
76130,129.54
76146,129.54
76162,129.54
76178,129.54
76193,127.00
76209,129.54
76225,127.00
76240,127.00
76257,127.00
76272,127.00
76289,124.46
76304,124.46
76319,116.84
76336,111.76
76351,111.76
76367,111.76
76383,111.76
76398,111.76
76414,111.76
76430,114.30
76446,111.76
76462,111.76
76478,111.76
76493,114.30
76509,111.76
76525,109.22
76540,109.22
76557,109.22
76572,109.22
76589,109.22
76604,109.22
76619,109.22
76636,109.22
-1,-1
77651,109.22
77667,109.22
77683,109.22
77699,111.76
77715,111.76
77730,109.22
77746,109.22
77762,109.22
77777,109.22
77794,111.76
77809,109.22
77826,109.22
77841,109.22
77856,109.22
77873,109.22
77888,109.22
77904,109.22
77920,109.22
77935,109.22
77952,109.22
77967,109.22
77983,109.22
77999,111.76
78015,109.22
78030,109.22
78046,109.22
78062,109.22
78077,109.22
78094,111.76
78109,111.76
78126,111.76
78141,111.76
78156,114.30
78173,116.84
78188,116.84
78204,116.84
78220,124.46
78236,124.46
78252,124.46
78267,127.00
78283,127.00
78299,127.00
78315,129.54
78330,129.54
78346,129.54
78362,147.32
78377,160.02
78394,160.02
78409,132.08
78426,127.00
78441,124.46
78456,127.00
78473,127.00
78488,127.00
78504,127.00
78520,154.94
78535,157.48
78552,152.40
78567,114.30
78583,111.76
78599,111.76
78615,111.76
78630,111.76
78646,111.76
78662,111.76
78678,111.76
78694,111.76
78709,111.76
78726,111.76
78741,111.76
78756,111.76
78773,114.30
78788,111.76
78804,111.76
78820,111.76
78835,111.76
78852,111.76
78867,111.76
78883,111.76
78899,114.30
78915,114.30
78930,111.76
78946,111.76
78962,111.76
78978,111.76
78994,114.30
79009,111.76
79026,111.76
79041,114.30
79056,111.76
79073,109.22
79088,109.22
79105,109.22
79120,109.22
79135,111.76
79152,111.76
79167,111.76
79183,111.76
79199,111.76
79215,114.30
79230,111.76
79246,111.76
79262,111.76
79278,111.76
79294,111.76
79309,111.76
79326,111.76
79341,111.76
79356,83.82
79373,81.28
79388,78.74
79404,78.74
79420,78.74
79435,78.74
79452,78.74
79467,78.74
79482,78.74
79499,78.74
79514,78.74
79529,78.74
79546,78.74
79561,78.74
79578,78.74
79593,78.74
79608,78.74
79625,78.74
79640,78.74
79656,78.74
79672,78.74
79687,78.74
79704,78.74
79719,78.74
79734,81.28
79751,78.74
79766,78.74
79782,78.74
79798,78.74
79813,78.74
79830,78.74
79845,78.74
79860,78.74
79877,78.74
79892,78.74
79908,78.74
79924,78.74
79939,78.74
79955,81.28
79971,78.74
79987,78.74
80003,81.28
80018,81.28
80034,81.28
80050,106.68
80065,114.30
80081,114.30
80097,114.30
80113,114.30
80129,114.30
80145,114.30
80160,114.30
80176,114.30
80192,114.30
80207,114.30
80224,114.30
80239,114.30
80254,114.30
80271,114.30
80286,114.30
80303,114.30
80318,114.30
80334,114.30
-1,-1
81350,114.30
81366,114.30
81381,116.84
81397,116.84
81413,114.30
81429,114.30
81444,111.76
81461,111.76
81476,111.76
81491,114.30
81508,114.30
81523,114.30
81540,116.84
81555,114.30
81571,114.30
81587,114.30
81602,111.76
81618,111.76
81634,114.30
81650,116.84
81666,114.30
81682,114.30
81697,114.30
81713,114.30
81729,114.30
81744,114.30
81761,114.30
81776,114.30
81792,114.30
81808,114.30
81823,116.84
81840,114.30
81855,114.30
81871,114.30
81887,81.28
81902,81.28
81918,78.74
81934,78.74
81949,78.74
81966,78.74
81981,78.74
81997,78.74
82013,81.28
82028,78.74
82044,78.74
82060,78.74
82076,78.74
82092,78.74
82107,78.74
82123,78.74
82139,78.74
82154,78.74
82170,78.74
82186,78.74
82202,78.74
82217,81.28
82233,78.74
82249,78.74
82265,78.74
82280,78.74
82296,78.74
82312,78.74
82328,78.74
82343,78.74
82359,78.74
82375,78.74
82391,78.74
82406,78.74
82422,81.28
82438,78.74
82454,78.74
82469,78.74
82485,81.28
82501,81.28
82516,81.28
82532,104.14
82548,114.30
82564,114.30
82580,88.90
82595,81.28
82611,81.28
82627,88.90
82642,111.76
82659,111.76
82674,111.76
82690,111.76
82706,111.76
82721,111.76
82738,111.76
82753,111.76
82769,111.76
82785,109.22
82800,109.22
82817,109.22
82832,111.76
82848,111.76
82864,111.76
82880,111.76
82895,111.76
82911,111.76
82927,111.76
82942,111.76
82959,111.76
82974,109.22
82990,109.22
83006,109.22
83021,111.76
83038,111.76
83053,111.76
83069,111.76
83085,111.76
83100,111.76
83117,111.76
83132,111.76
83148,111.76
83164,111.76
83180,111.76
83195,111.76
83211,111.76
83227,111.76
83243,111.76
83259,111.76
83274,111.76
83290,111.76
83306,111.76
83321,111.76
83338,111.76
83353,111.76
83369,111.76
83385,111.76
83400,111.76
83417,111.76
83432,124.46
83448,124.46
83464,127.00
83480,129.54
83495,129.54
83511,129.54
83527,134.62
83543,134.62
83559,134.62
83574,137.16
83590,137.16
83606,137.16
83621,129.54
83638,127.00
83653,127.00
83670,127.00
83685,124.46
83700,127.00
83717,124.46
83732,111.76
83748,111.76
83764,111.76
83780,111.76
83795,111.76
83811,111.76
83827,111.76
83843,114.30
83859,111.76
83874,111.76
83890,111.76
83906,111.76
83921,111.76
83938,109.22
83953,109.22
83970,109.22
83985,109.22
84000,111.76
84017,109.22
84032,109.22
-1,-1
85048,109.22
85064,111.76
85080,109.22
85096,111.76
85111,109.22
85127,109.22
85143,111.76
85158,109.22
85175,109.22
85190,109.22
85207,109.22
85222,109.22
85237,109.22
85254,109.22
85269,109.22
85285,109.22
85301,109.22
85316,109.22
85332,109.22
85348,109.22
85364,111.76
85380,111.76
85396,111.76
85411,111.76
85427,111.76
85443,111.76
85458,111.76
85475,109.22
85490,111.76
85506,111.76
85522,111.76
85537,111.76
85554,111.76
85569,116.84
85585,116.84
85601,116.84
85616,124.46
85633,124.46
85648,124.46
85664,127.00
85680,127.00
85696,127.00
85711,127.00
85727,127.00
85743,127.00
85758,134.62
85775,137.16
85790,137.16
85806,129.54
85822,124.46
85837,124.46
85854,124.46
85869,127.00
85885,127.00
85901,129.54
85916,154.94
85933,157.48
85948,157.48
85964,116.84
85980,116.84
85995,116.84
86011,111.76
86027,111.76
86043,114.30
86059,111.76
86075,114.30
86090,111.76
86106,111.76
86122,114.30
86137,114.30
86154,111.76
86169,111.76
86185,111.76
86201,111.76
86216,111.76
86233,111.76
86248,111.76
86264,114.30
86280,111.76
86295,111.76
86311,111.76
86327,114.30
86343,114.30
86359,111.76
86375,111.76
86390,111.76
86406,111.76
86422,109.22
86437,109.22
86454,111.76
86469,111.76
86486,114.30
86501,111.76
86516,111.76
86533,111.76
86548,111.76
86564,111.76
86580,111.76
86595,111.76
86611,111.76
86627,111.76
86643,111.76
86659,111.76
86675,111.76
86690,111.76
86706,83.82
86722,83.82
86737,81.28
86754,81.28
86769,78.74
86785,81.28
86801,78.74
86816,78.74
86832,81.28
86848,78.74
86863,78.74
86880,78.74
86895,81.28
86910,78.74
86927,78.74
86942,78.74
86958,78.74
86974,78.74
86989,78.74
87006,78.74
87021,78.74
87036,78.74
87053,78.74
87068,78.74
87084,81.28
87100,78.74
87115,78.74
87132,78.74
87147,78.74
87162,78.74
87179,78.74
87194,78.74
87211,78.74
87226,78.74
87241,81.28
87258,78.74
87273,78.74
87288,78.74
87305,81.28
87320,81.28
87336,81.28
87352,78.74
87367,78.74
87384,78.74
87399,81.28
87414,81.28
87431,81.28
87446,93.98
87462,114.30
87478,114.30
87493,114.30
87510,114.30
87525,114.30
87541,114.30
87557,114.30
87572,114.30
87588,114.30
87604,114.30
87620,114.30
87635,114.30
87652,114.30
87667,114.30
87683,114.30
87699,114.30
87714,114.30
87731,114.30
-1,-1
