14,134.62
30,137.16
46,137.16
61,134.62
77,104.14
93,96.52
108,99.06
123,109.22
140,134.62
155,134.62
171,93.98
187,76.20
202,76.20
218,73.66
234,73.66
249,76.20
265,73.66
280,73.66
296,73.66
312,76.20
327,71.12
344,71.12
359,73.66
374,73.66
390,73.66
406,73.66
421,73.66
437,73.66
453,73.66
468,73.66
484,73.66
499,73.66
516,73.66
531,73.66
546,73.66
563,76.20
578,76.20
593,76.20
609,76.20
625,119.38
641,134.62
656,134.62
672,134.62
688,134.62
703,134.62
719,134.62
735,137.16
750,134.62
766,116.84
782,99.06
797,99.06
814,96.52
829,96.52
844,96.52
860,96.52
876,127.00
891,134.62
907,134.62
923,134.62
939,137.16
954,134.62
970,134.62
986,134.62
1001,134.62
1017,119.38
1033,114.30
1049,114.30
1064,114.30
1080,111.76
1096,111.76
1112,111.76
1127,111.76
1143,111.76
1159,111.76
1175,111.76
1190,111.76
1206,114.30
1222,111.76
1238,111.76
1253,111.76
1269,111.76
1285,111.76
1301,111.76
1316,111.76
1332,111.76
1348,111.76
1363,111.76
1379,111.76
1395,111.76
1411,111.76
1427,111.76
1442,111.76
1458,111.76
1474,111.76
1489,111.76
1506,111.76
1521,111.76
1537,111.76
1553,111.76
1568,111.76
1584,111.76
1600,114.30
1615,111.76
1632,111.76
1647,111.76
1662,111.76
1679,111.76
1694,111.76
1710,111.76
1726,111.76
1741,111.76
1758,111.76
1773,111.76
1788,111.76
1805,111.76
1820,111.76
1836,111.76
1852,114.30
1867,111.76
1884,111.76
1899,111.76
1914,111.76
1931,111.76
1946,111.76
1961,111.76
1978,111.76
1993,111.76
2010,111.76
2025,111.76
2040,111.76
2057,114.30
2072,114.30
2087,114.30
2104,114.30
2119,114.30
2136,114.30
2151,114.30
2166,134.62
2183,137.16
2198,137.16
2213,104.14
2230,99.06
2245,99.06
2260,96.52
2277,96.52
2292,96.52
2308,96.52
2324,93.98
2339,93.98
2355,93.98
2371,93.98
2386,93.98
2402,86.36
2418,76.20
2434,78.74
2449,78.74
2465,76.20
2481,76.20
2496,76.20
2512,73.66
2528,73.66
2543,73.66
2560,73.66
2575,73.66
2590,73.66
2607,73.66
2622,76.20
2637,73.66
2654,76.20
2669,73.66
2684,73.66
-1,-1
3700,73.66
3717,73.66
3732,73.66
3747,73.66
3764,73.66
3779,73.66
3794,73.66
3811,73.66
3826,73.66
3842,73.66
3858,73.66
3873,73.66
3889,73.66
3905,73.66
3920,73.66
3936,73.66
3952,73.66
3968,73.66
3983,76.20
3999,73.66
4015,73.66
4030,73.66
4046,73.66
4062,73.66
4077,73.66
4093,73.66
4109,73.66
4124,73.66
4141,73.66
4156,73.66
4171,73.66
4188,76.20
4203,76.20
4218,76.20
4235,76.20
4250,93.98
4265,96.52
4282,96.52
4297,96.52
4313,96.52
4329,96.52
4344,96.52
4360,96.52
4376,96.52
4391,99.06
4407,96.52
4423,96.52
4439,96.52
4454,96.52
4470,96.52
4486,96.52
4501,114.30
4517,116.84
4533,114.30
4549,114.30
4564,114.30
4580,114.30
4596,114.30
4612,111.76
4627,111.76
4643,111.76
4659,111.76
4675,111.76
4690,111.76
4706,111.76
4722,111.76
4738,111.76
4753,111.76
4769,111.76
4785,111.76
4801,111.76
4816,111.76
4832,111.76
4848,114.30
4864,111.76
4879,111.76
4895,111.76
4911,111.76
4927,111.76
4942,111.76
4958,111.76
4974,111.76
4989,111.76
5005,111.76
5021,111.76
5037,111.76
5053,111.76
5068,111.76
5084,111.76
5100,111.76
5115,111.76
5132,111.76
5147,111.76
5163,111.76
5179,111.76
5194,114.30
5210,111.76
5226,111.76
5241,111.76
5258,111.76
5273,114.30
5288,114.30
5305,111.76
5320,111.76
5336,111.76
5352,111.76
5367,111.76
5384,111.76
5399,111.76
5414,111.76
5431,111.76
5446,111.76
5462,111.76
5478,111.76
5493,111.76
5510,111.76
5525,111.76
5540,111.76
5557,111.76
5572,111.76
5587,116.84
5604,116.84
5619,119.38
5636,124.46
5651,134.62
5666,134.62
5683,121.92
5698,109.22
5713,109.22
5730,106.68
5745,132.08
5762,134.62
5777,134.62
5792,134.62
5809,134.62
5824,134.62
5839,101.60
5856,99.06
5871,99.06
5886,116.84
5903,137.16
5918,137.16
5935,86.36
5950,76.20
5965,76.20
5982,76.20
5997,76.20
6012,76.20
6029,76.20
6044,73.66
6060,73.66
6076,73.66
6091,73.66
6107,73.66
6123,73.66
6138,73.66
6154,73.66
6170,73.66
6185,73.66
6201,73.66
6217,73.66
6233,71.12
6248,73.66
6264,73.66
6280,76.20
6295,73.66
6311,71.12
6327,73.66
6342,73.66
6359,73.66
6374,73.66
-1,-1
7390,73.66
7405,73.66
7421,73.66
7437,73.66
7452,71.12
7469,71.12
7484,73.66
7499,71.12
7516,71.12
7531,71.12
7546,71.12
7563,71.12
7578,73.66
7593,73.66
7610,73.66
7625,73.66
7641,73.66
7657,73.66
7672,73.66
7688,73.66
7704,73.66
7719,73.66
7735,73.66
7751,73.66
7767,73.66
7782,73.66
7798,73.66
7814,73.66
7829,73.66
7845,73.66
7861,73.66
7876,73.66
7892,73.66
7908,73.66
7923,73.66
7940,73.66
7955,73.66
7970,73.66
7987,73.66
8002,73.66
8017,73.66
8034,73.66
8049,73.66
8065,76.20
8081,76.20
8096,76.20
8112,76.20
8128,129.54
8143,134.62
8159,134.62
8175,134.62
8190,134.62
8206,134.62
8222,134.62
8238,134.62
8254,134.62
8269,134.62
8285,134.62
8301,134.62
8316,134.62
8332,134.62
8348,134.62
8364,127.00
8380,116.84
8395,114.30
8411,114.30
8427,111.76
8442,111.76
8458,111.76
8474,111.76
8489,111.76
8506,111.76
8521,111.76
8537,111.76
8553,111.76
8568,111.76
8584,111.76
8600,114.30
8615,111.76
8632,111.76
8647,111.76
8663,111.76
8679,111.76
8694,111.76
8710,111.76
8726,111.76
8741,111.76
8758,111.76
8773,111.76
8788,111.76
8805,111.76
8820,111.76
8836,111.76
8852,111.76
8867,111.76
8884,111.76
8899,111.76
8914,111.76
8931,111.76
8946,111.76
8962,111.76
8978,111.76
8993,111.76
9010,111.76
9025,111.76
9040,114.30
9057,114.30
9072,111.76
9088,111.76
9104,114.30
9119,111.76
9136,111.76
9151,111.76
9166,111.76
9183,114.30
9198,111.76
9213,111.76
9230,111.76
9245,111.76
9262,111.76
9277,111.76
9292,111.76
9309,111.76
9324,111.76
9339,111.76
9356,111.76
9371,111.76
9388,114.30
9403,114.30
9418,111.76
9435,111.76
9450,111.76
9465,114.30
9482,114.30
9497,114.30
9513,116.84
9529,116.84
9544,116.84
9561,129.54
9576,137.16
9592,134.62
9608,137.16
9623,137.16
9639,137.16
9655,119.38
9670,99.06
9687,99.06
9702,99.06
9717,93.98
9734,93.98
9749,93.98
9764,76.20
9781,76.20
9796,76.20
9811,76.20
9828,76.20
9843,76.20
9859,78.74
9875,76.20
9890,76.20
9906,78.74
9922,76.20
9937,76.20
9953,76.20
9969,76.20
9985,76.20
10000,76.20
10016,73.66
10032,73.66
10048,73.66
10063,76.20
-1,-1
11079,73.66
11095,73.66
11111,73.66
11126,73.66
11142,73.66
11158,73.66
11173,73.66
11190,73.66
11205,73.66
11220,73.66
11237,73.66
11252,73.66
11268,73.66
11284,73.66
11299,73.66
11316,73.66
11331,73.66
11346,76.20
11363,73.66
11378,73.66
11394,73.66
11410,73.66
11425,73.66
11442,73.66
11457,76.20
11472,73.66
11489,73.66
11504,73.66
11520,73.66
11536,73.66
11551,76.20
11568,76.20
11583,76.20
11598,76.20
11615,76.20
11630,76.20
11645,91.44
11662,96.52
11677,96.52
11694,96.52
11709,96.52
11724,96.52
11741,96.52
11756,96.52
11771,96.52
11788,96.52
11803,96.52
11820,96.52
11835,96.52
11850,114.30
11867,116.84
11882,116.84
11898,114.30
11914,114.30
11929,114.30
11945,111.76
11961,111.76
11977,111.76
11993,111.76
12009,111.76
12024,111.76
12040,111.76
12056,111.76
12071,111.76
12088,111.76
12103,114.30
12119,111.76
12135,111.76
12150,111.76
12167,111.76
12182,111.76
12198,111.76
12214,111.76
12229,111.76
12246,111.76
12261,111.76
12277,111.76
12293,111.76
12309,111.76
12324,111.76
12340,111.76
12356,111.76
12371,111.76
12388,111.76
12403,111.76
12419,111.76
12435,111.76
12450,111.76
12467,111.76
12482,111.76
12498,111.76
12514,111.76
12529,111.76
12546,114.30
12561,114.30
12577,111.76
12593,111.76
12609,111.76
12624,111.76
12640,111.76
12656,114.30
12672,111.76
12688,111.76
12703,111.76
12719,111.76
12735,111.76
12750,111.76
12767,111.76
12782,111.76
12798,114.30
12814,111.76
12829,111.76
12846,111.76
12861,111.76
12877,111.76
12893,111.76
12909,114.30
12924,111.76
12940,111.76
12956,111.76
12972,114.30
12988,114.30
13003,114.30
13020,114.30
13035,121.92
13050,134.62
13067,134.62
13082,114.30
13099,96.52
13114,96.52
13129,99.06
13146,99.06
13161,96.52
13177,99.06
13193,96.52
13208,96.52
13224,99.06
13240,127.00
13255,134.62
13272,134.62
13287,137.16
13303,137.16
13319,137.16
13335,83.82
13350,78.74
13366,78.74
13382,96.52
13398,134.62
13413,137.16
13429,99.06
13445,76.20
13461,76.20
13476,73.66
13492,73.66
13508,73.66
13523,73.66
13540,73.66
13555,73.66
13571,73.66
13587,73.66
13602,73.66
13618,73.66
13634,73.66
13649,73.66
13666,73.66
13681,73.66
13697,73.66
13713,73.66
13728,73.66
13744,73.66
13760,73.66
-1,-1
14776,73.66
14791,73.66
14808,73.66
14823,45.72
14838,40.64
14855,40.64
14870,53.34
14885,73.66
14902,73.66
14917,73.66
14934,73.66
14949,73.66
14964,73.66
14981,73.66
14996,73.66
15011,73.66
15028,40.64
15043,38.10
15059,38.10
15075,38.10
15090,38.10
15107,40.64
15122,63.50
15137,73.66
15154,73.66
15169,48.26
15185,40.64
15201,38.10
15216,48.26
15233,71.12
15248,73.66
15263,73.66
15280,76.20
15295,76.20
15311,76.20
15327,127.00
15342,137.16
15358,137.16
15374,45.72
15390,40.64
15406,38.10
15421,104.14
15437,134.62
15453,134.62
15469,134.62
15484,134.62
15500,134.62
15516,134.62
15532,134.62
15548,134.62
15563,134.62
15580,134.62
15595,134.62
15610,134.62
15627,134.62
15642,134.62
15659,134.62
15674,99.06
15689,99.06
15706,99.06
15721,96.52
15737,96.52
15753,96.52
15768,111.76
15784,114.30
15800,114.30
15816,111.76
15832,111.76
15847,114.30
15863,111.76
15879,111.76
15895,111.76
15910,111.76
15927,111.76
15942,111.76
15958,111.76
15974,111.76
15989,111.76
16006,111.76
16021,111.76
16036,111.76
16053,111.76
16068,111.76
16084,111.76
16100,111.76
16116,111.76
16132,111.76
16147,111.76
16163,111.76
16179,111.76
16195,111.76
16210,111.76
16227,111.76
16242,111.76
16258,111.76
16274,111.76
16289,111.76
16306,111.76
16321,111.76
16336,111.76
16353,111.76
16368,111.76
16385,111.76
16400,111.76
16416,111.76
16432,111.76
16447,111.76
16463,111.76
16479,111.76
16495,111.76
16510,111.76
16527,111.76
16542,111.76
16558,111.76
16574,111.76
16589,111.76
16606,111.76
16621,111.76
16636,111.76
16653,111.76
16668,111.76
16685,111.76
16700,111.76
16716,111.76
16732,111.76
16747,111.76
16763,111.76
16779,111.76
16795,111.76
16811,114.30
16827,114.30
16842,114.30
16858,114.30
16874,114.30
16889,114.30
16906,116.84
16921,116.84
16936,116.84
16953,114.30
16968,96.52
16985,96.52
17000,96.52
17015,96.52
17032,96.52
17047,96.52
17063,124.46
17079,137.16
17094,137.16
17111,137.16
17126,137.16
17142,137.16
17158,137.16
17174,139.70
17189,139.70
17205,137.16
17221,137.16
17236,137.16
17253,104.14
17268,78.74
17284,78.74
17300,78.74
17315,73.66
17332,76.20
17347,76.20
17362,73.66
17379,73.66
17394,73.66
17410,76.20
17426,73.66
17441,76.20
17458,73.66
-1,-1
18473,73.66
18489,76.20
18504,73.66
18521,73.66
18536,73.66
18551,73.66
18568,73.66
18583,73.66
18599,73.66
18615,73.66
18630,73.66
18647,73.66
18662,73.66
18677,73.66
18694,76.20
18709,73.66
18725,73.66
18741,76.20
18756,73.66
18772,73.66
18788,73.66
18803,73.66
18820,73.66
18835,73.66
18851,73.66
18867,73.66
18882,73.66
18898,73.66
18914,73.66
18929,73.66
18946,76.20
18961,76.20
18977,76.20
18993,76.20
19008,76.20
19024,76.20
19040,81.28
19055,93.98
19072,93.98
19087,93.98
19103,93.98
19119,93.98
19134,93.98
19150,96.52
19166,96.52
19182,96.52
19197,96.52
19213,96.52
19229,96.52
19245,96.52
19260,96.52
19276,96.52
19292,96.52
19308,96.52
19323,96.52
19339,101.60
19355,114.30
19371,114.30
19387,111.76
19402,111.76
19418,111.76
19434,111.76
19449,111.76
19466,111.76
19481,111.76
19496,111.76
19513,111.76
19528,111.76
19545,111.76
19560,111.76
19576,111.76
19592,111.76
19607,111.76
19623,111.76
19639,111.76
19655,111.76
19671,111.76
19687,111.76
19702,111.76
19718,111.76
19734,111.76
19749,111.76
19766,111.76
19781,111.76
19796,111.76
19813,111.76
19828,111.76
19845,111.76
19860,111.76
19876,111.76
19892,111.76
19907,111.76
19923,111.76
19939,111.76
19955,111.76
19971,111.76
19987,111.76
20002,111.76
20018,111.76
20034,114.30
20049,111.76
20066,111.76
20081,111.76
20097,111.76
20113,111.76
20128,114.30
20145,111.76
20160,111.76
20176,111.76
20192,111.76
20207,111.76
20224,111.76
20239,111.76
20255,111.76
20271,111.76
20287,111.76
20302,111.76
20318,111.76
20334,111.76
20349,111.76
20366,111.76
20381,114.30
20397,114.30
20413,114.30
20428,111.76
20445,96.52
20460,99.06
20475,99.06
20492,96.52
20507,96.52
20524,96.52
20539,96.52
20554,96.52
20571,96.52
20586,116.84
20602,134.62
20618,134.62
20633,137.16
20649,137.16
20665,137.16
20681,93.98
20697,78.74
20712,78.74
20728,78.74
20744,134.62
20760,137.16
20775,99.06
20791,43.18
20807,40.64
20823,38.10
20839,71.12
20854,73.66
20870,73.66
20886,71.12
20901,73.66
20917,73.66
20933,73.66
20948,73.66
20965,73.66
20980,73.66
20996,73.66
21012,73.66
21027,50.80
21043,40.64
21059,38.10
21074,40.64
21091,38.10
21106,40.64
21122,40.64
21138,71.12
21153,73.66
-1,-1
22169,73.66
22184,73.66
22201,73.66
22216,73.66
22233,73.66
22248,73.66
22263,73.66
22280,73.66
22295,73.66
22310,73.66
22327,73.66
22342,73.66
22359,73.66
22374,73.66
22389,73.66
22406,73.66
22421,43.18
22436,38.10
22453,40.64
22468,50.80
22484,73.66
22500,73.66
22515,53.34
22532,43.18
22547,38.10
22562,40.64
22579,71.12
22594,73.66
22610,73.66
22626,73.66
22641,73.66
22658,73.66
22673,45.72
22688,40.64
22705,38.10
22720,66.04
22736,73.66
22752,71.12
22767,73.66
22784,73.66
22799,73.66
22814,76.20
22831,76.20
22846,76.20
22862,78.74
22878,132.08
22893,137.16
22909,137.16
22925,134.62
22941,137.16
22957,134.62
22972,134.62
22988,134.62
23004,134.62
23020,134.62
23035,134.62
23052,134.62
23067,134.62
23083,134.62
23099,134.62
23114,134.62
23131,134.62
23146,134.62
23162,129.54
23178,114.30
23193,114.30
23209,114.30
23225,111.76
23241,111.76
23257,111.76
23272,111.76
23288,111.76
23304,111.76
23320,111.76
23335,111.76
23352,111.76
23367,111.76
23383,111.76
23399,111.76
23414,111.76
23431,111.76
23446,111.76
23462,111.76
23478,111.76
23493,111.76
23510,111.76
23525,111.76
23541,111.76
23557,111.76
23572,111.76
23588,111.76
23604,111.76
23620,111.76
23635,111.76
23652,111.76
23667,111.76
23683,111.76
23699,111.76
23714,111.76
23731,111.76
23746,111.76
23762,111.76
23778,111.76
23793,111.76
23810,111.76
23825,111.76
23841,111.76
23857,111.76
23872,111.76
23888,111.76
23904,111.76
23920,111.76
23936,111.76
23952,111.76
23967,111.76
23983,111.76
23999,111.76
24014,111.76
24031,111.76
24046,111.76
24062,111.76
24078,111.76
24093,111.76
24110,111.76
24125,111.76
24141,111.76
24157,111.76
24172,111.76
24188,111.76
24204,114.30
24220,114.30
24236,114.30
24252,114.30
24267,114.30
24283,114.30
24299,114.30
24314,99.06
24331,96.52
24346,96.52
24361,96.52
24378,99.06
24393,96.52
24410,96.52
24425,96.52
24440,96.52
24457,96.52
24472,96.52
24487,96.52
24504,99.06
24519,134.62
24536,137.16
24551,114.30
24566,78.74
24583,78.74
24598,78.74
24614,76.20
24630,76.20
24645,76.20
24662,76.20
24677,76.20
24692,76.20
24709,73.66
24724,73.66
24740,73.66
24756,73.66
24771,73.66
24787,73.66
24803,73.66
24818,73.66
24835,73.66
24850,73.66
-1,-1
25866,73.66
25882,73.66
25897,73.66
25913,73.66
25929,73.66
25945,73.66
25960,73.66
25976,73.66
25992,73.66
26008,73.66
26023,73.66
26039,73.66
26055,73.66
26071,73.66
26086,73.66
26102,73.66
26118,73.66
26134,73.66
26149,73.66
26165,73.66
26181,73.66
26196,73.66
26213,73.66
26228,76.20
26244,73.66
26260,73.66
26275,73.66
26291,76.20
26307,76.20
26322,76.20
26339,76.20
26354,76.20
26370,76.20
26386,76.20
26401,78.74
26417,78.74
26433,78.74
26448,93.98
26465,96.52
26480,96.52
26496,93.98
26512,93.98
26527,93.98
26543,93.98
26559,93.98
26574,93.98
26591,96.52
26606,96.52
26621,96.52
26638,96.52
26653,96.52
26669,96.52
26685,96.52
26700,111.76
26717,111.76
26732,111.76
26747,111.76
26764,111.76
26779,111.76
26796,111.76
26811,111.76
26827,111.76
26843,111.76
26858,111.76
26874,111.76
26890,111.76
26906,111.76
26921,111.76
26937,111.76
26953,111.76
26969,111.76
26985,111.76
27000,111.76
27017,111.76
27032,111.76
27047,111.76
27064,111.76
27079,111.76
27096,111.76
27111,111.76
27127,111.76
27143,111.76
27158,111.76
27174,111.76
27190,111.76
27206,111.76
27222,111.76
27237,111.76
27253,111.76
27269,111.76
27285,111.76
27300,111.76
27317,111.76
27332,111.76
27347,111.76
27364,111.76
27379,111.76
27396,111.76
27411,111.76
27427,114.30
27443,111.76
27458,111.76
27474,111.76
27490,111.76
27506,111.76
27522,111.76
27537,111.76
27553,111.76
27569,111.76
27585,111.76
27600,111.76
27617,111.76
27632,111.76
27648,111.76
27664,111.76
27679,111.76
27696,111.76
27711,111.76
27726,111.76
27743,111.76
27758,111.76
27774,114.30
27790,114.30
27806,114.30
27822,114.30
27837,129.54
27853,134.62
27869,134.62
27885,137.16
27900,134.62
27917,134.62
27932,134.62
27948,134.62
27964,134.62
27979,134.62
27996,134.62
28011,134.62
28026,134.62
28043,134.62
28058,134.62
28075,134.62
28090,134.62
28106,134.62
28122,134.62
28137,78.74
28153,76.20
28169,78.74
28185,76.20
28200,73.66
28216,73.66
28232,76.20
28248,73.66
28263,73.66
28279,73.66
28295,73.66
28311,73.66
28326,73.66
28342,73.66
28358,73.66
28374,73.66
28389,73.66
28405,73.66
28421,73.66
28437,73.66
28452,73.66
28468,73.66
28484,71.12
28499,71.12
28515,71.12
28531,71.12
28547,71.12
-1,-1
29562,71.12
29579,73.66
29594,73.66
29609,73.66
29626,73.66
29641,73.66
29657,73.66
29673,73.66
29688,73.66
29705,73.66
29720,73.66
29735,71.12
29752,71.12
29767,71.12
29784,71.12
29799,71.12
29814,71.12
29831,71.12
29846,71.12
29861,71.12
29878,71.12
29893,71.12
29910,71.12
29925,71.12
29940,71.12
29957,71.12
29972,73.66
29987,73.66
30004,73.66
30019,73.66
30035,73.66
30051,73.66
30066,73.66
30083,73.66
30098,73.66
30113,73.66
30130,73.66
30145,73.66
30161,73.66
30177,73.66
30192,73.66
30209,73.66
30224,127.00
30240,137.16
30256,134.62
30271,137.16
30287,137.16
30303,137.16
30319,134.62
30334,134.62
30350,134.62
30366,109.22
30382,96.52
30398,96.52
30413,99.06
30429,132.08
30445,134.62
30460,134.62
30477,134.62
30492,134.62
30509,134.62
30524,134.62
30539,134.62
30556,134.62
30571,114.30
30587,114.30
30603,111.76
30618,111.76
30635,111.76
30650,111.76
30666,111.76
30682,111.76
30698,111.76
30713,111.76
30729,111.76
30745,111.76
30760,111.76
30777,111.76
30792,111.76
30809,111.76
30824,111.76
30839,111.76
30856,111.76
30871,114.30
30887,111.76
30903,111.76
30918,111.76
30935,111.76
30950,111.76
30966,111.76
30982,111.76
30998,111.76
31013,111.76
31029,114.30
31045,111.76
31060,111.76
31077,111.76
31092,111.76
31109,111.76
31124,111.76
31139,111.76
31156,111.76
31171,111.76
31187,114.30
31203,111.76
31218,114.30
31235,111.76
31250,114.30
31266,111.76
31282,111.76
31298,111.76
31313,111.76
31329,111.76
31345,111.76
31361,111.76
31377,111.76
31392,111.76
31409,111.76
31424,111.76
31439,111.76
31456,111.76
31471,114.30
31488,111.76
31503,111.76
31518,111.76
31535,111.76
31550,114.30
31566,111.76
31582,111.76
31598,114.30
31613,111.76
31629,111.76
31645,111.76
31661,114.30
31677,114.30
31692,114.30
31709,114.30
31724,114.30
31739,114.30
31756,119.38
31771,137.16
31788,137.16
31803,139.70
31818,137.16
31835,137.16
31850,137.16
31866,137.16
31882,137.16
31898,137.16
31913,139.70
31929,139.70
31945,137.16
31961,81.28
31977,78.74
31992,78.74
32008,78.74
32024,76.20
32039,76.20
32056,78.74
32071,76.20
32087,76.20
32103,76.20
32118,73.66
32134,76.20
32150,73.66
32165,73.66
32182,73.66
32197,73.66
32212,73.66
32229,76.20
32244,73.66
-1,-1
33260,73.66
33275,76.20
33292,73.66
33307,73.66
33324,73.66
33339,73.66
33354,73.66
33371,76.20
33386,73.66
33401,73.66
33418,76.20
33433,76.20
33449,73.66
33465,73.66
33480,73.66
33497,73.66
33512,73.66
33527,73.66
33544,73.66
33559,73.66
33575,73.66
33591,73.66
33606,73.66
33623,73.66
33638,73.66
33653,73.66
33670,73.66
33685,73.66
33701,73.66
33717,73.66
33732,73.66
33748,76.20
33764,76.20
33779,76.20
33796,76.20
33811,76.20
33827,76.20
33843,88.90
33858,93.98
33874,93.98
33890,96.52
33905,134.62
33922,137.16
33937,137.16
33953,137.16
33969,137.16
33985,137.16
34000,137.16
34016,137.16
34032,139.70
34048,116.84
34064,116.84
34079,116.84
34096,114.30
34111,114.30
34126,114.30
34143,114.30
34158,114.30
34174,114.30
34190,114.30
34205,111.76
34222,114.30
34237,111.76
34253,111.76
34269,111.76
34285,111.76
34300,111.76
34316,111.76
34332,114.30
34348,111.76
34364,111.76
34379,111.76
34396,111.76
34411,111.76
34426,111.76
34443,111.76
34458,111.76
34475,111.76
34490,111.76
34505,111.76
34522,111.76
34537,111.76
34553,111.76
34569,111.76
34585,111.76
34600,111.76
34616,111.76
34632,114.30
34648,111.76
34664,111.76
34679,111.76
34696,111.76
34711,111.76
34726,111.76
34743,111.76
34758,111.76
34775,111.76
34790,111.76
34805,111.76
34822,111.76
34837,111.76
34853,111.76
34869,111.76
34885,111.76
34900,111.76
34916,114.30
34932,111.76
34948,111.76
34964,111.76
34979,111.76
34996,111.76
35011,111.76
35026,111.76
35043,111.76
35058,111.76
35075,111.76
35090,111.76
35106,111.76
35122,111.76
35137,114.30
35153,114.30
35169,114.30
35185,127.00
35201,134.62
35216,134.62
35232,134.62
35248,134.62
35264,134.62
35279,114.30
35296,99.06
35311,96.52
35326,96.52
35343,129.54
35358,134.62
35375,134.62
35390,134.62
35405,134.62
35422,134.62
35437,109.22
35453,106.68
35469,106.68
35485,127.00
35501,134.62
35516,134.62
35532,83.82
35548,78.74
35564,78.74
35579,76.20
35595,73.66
35611,73.66
35627,73.66
35642,73.66
35658,73.66
35674,73.66
35690,73.66
35705,73.66
35721,73.66
35737,73.66
35752,73.66
35768,76.20
35784,73.66
35800,73.66
35816,76.20
35831,73.66
35847,73.66
35863,73.66
35878,73.66
35894,73.66
35910,73.66
35926,73.66
35942,73.66
-1,-1
36958,73.66
36973,73.66
36988,71.12
37005,71.12
37020,71.12
37036,73.66
37052,71.12
37067,71.12
37084,71.12
37099,71.12
37114,73.66
37131,73.66
37146,73.66
37161,73.66
37178,73.66
37193,73.66
37210,73.66
37225,73.66
37240,73.66
37257,73.66
37272,73.66
37287,73.66
37304,73.66
37319,73.66
37336,71.12
37351,71.12
37366,73.66
37383,73.66
37398,73.66
37414,73.66
37430,73.66
37445,73.66
37462,73.66
37477,73.66
37492,73.66
37509,73.66
37524,73.66
37540,73.66
37556,73.66
37571,73.66
37587,73.66
37603,73.66
37618,109.22
37635,134.62
37650,134.62
37666,134.62
37682,134.62
37698,134.62
37713,134.62
37729,134.62
37745,134.62
37761,134.62
37777,134.62
37792,134.62
37809,134.62
37824,134.62
37839,134.62
37856,134.62
37871,134.62
37888,134.62
37903,134.62
37918,116.84
37935,114.30
37950,114.30
37966,114.30
37982,114.30
37998,114.30
38013,111.76
38029,111.76
38045,111.76
38061,111.76
38077,111.76
38092,111.76
38109,111.76
38124,111.76
38139,111.76
38156,111.76
38171,111.76
38188,111.76
38203,111.76
38219,111.76
38235,111.76
38250,111.76
38266,111.76
38282,111.76
38298,111.76
38313,111.76
38329,111.76
38345,111.76
38361,111.76
38377,114.30
38392,111.76
38409,111.76
38424,111.76
38439,111.76
38456,111.76
38471,111.76
38488,111.76
38503,111.76
38519,111.76
38535,111.76
38550,111.76
38566,111.76
38582,111.76
38598,111.76
38614,111.76
38629,111.76
38645,111.76
38661,111.76
38677,111.76
38692,111.76
38709,111.76
38724,111.76
38739,111.76
38756,111.76
38771,111.76
38788,111.76
38803,111.76
38819,111.76
38835,111.76
38850,111.76
38866,111.76
38882,111.76
38898,111.76
38914,111.76
38929,111.76
38945,111.76
38961,111.76
38977,111.76
38992,111.76
39009,114.30
39024,114.30
39040,114.30
39056,114.30
39071,114.30
39088,114.30
39103,116.84
39119,116.84
39135,116.84
39150,116.84
39166,137.16
39182,137.16
39198,137.16
39214,99.06
39229,96.52
39245,99.06
39261,96.52
39277,96.52
39292,93.98
39308,93.98
39324,93.98
39340,93.98
39355,83.82
39371,78.74
39387,78.74
39403,78.74
39418,76.20
39434,76.20
39450,76.20
39465,76.20
39481,78.74
39497,76.20
39513,73.66
39529,73.66
39544,73.66
39560,73.66
39576,73.66
39591,73.66
39608,73.66
39623,73.66
39639,76.20
-1,-1
40654,73.66
40671,73.66
40686,73.66
40701,73.66
40718,73.66
40733,73.66
40750,73.66
40765,73.66
40780,73.66
40797,76.20
40812,73.66
40827,73.66
40844,73.66
40859,73.66
40876,73.66
40891,73.66
40906,73.66
40923,73.66
40938,73.66
40953,73.66
40970,73.66
40985,73.66
41001,73.66
41017,73.66
41032,73.66
41049,73.66
41064,73.66
41079,73.66
41096,76.20
41111,76.20
41127,76.20
41143,76.20
41158,76.20
41175,76.20
41190,78.74
41205,76.20
41222,76.20
41237,81.28
41253,93.98
41269,93.98
41284,93.98
41300,96.52
41316,96.52
41332,96.52
41348,96.52
41363,96.52
41379,96.52
41395,96.52
41410,96.52
41426,96.52
41442,111.76
41458,116.84
41474,116.84
41489,116.84
41505,116.84
41521,114.30
41537,114.30
41552,111.76
41569,111.76
41584,111.76
41600,111.76
41616,111.76
41631,111.76
41648,111.76
41663,111.76
41678,111.76
41695,111.76
41710,111.76
41726,111.76
41742,111.76
41758,111.76
41774,111.76
41789,111.76
41805,111.76
41821,111.76
41837,111.76
41852,114.30
41869,111.76
41884,111.76
41900,111.76
41916,111.76
41931,111.76
41948,111.76
41963,111.76
41978,111.76
41995,111.76
42010,111.76
42027,111.76
42042,111.76
42058,114.30
42074,111.76
42089,111.76
42105,111.76
42121,114.30
42137,111.76
42152,111.76
42169,114.30
42184,114.30
42200,111.76
42216,111.76
42231,111.76
42248,111.76
42263,111.76
42278,111.76
42295,111.76
42310,111.76
42327,111.76
42342,114.30
42358,111.76
42374,111.76
42389,111.76
42405,111.76
42421,111.76
42437,111.76
42452,111.76
42469,111.76
42484,111.76
42500,111.76
42516,111.76
42531,114.30
42548,114.30
42563,114.30
42578,116.84
42595,134.62
42610,134.62
42627,134.62
42642,134.62
42658,134.62
42674,134.62
42689,134.62
42705,134.62
42721,134.62
42737,134.62
42753,134.62
42768,134.62
42784,134.62
42800,134.62
42816,134.62
42831,134.62
42848,134.62
42863,137.16
42878,134.62
42895,134.62
42910,134.62
42927,101.60
42942,78.74
42957,78.74
42974,76.20
42989,76.20
43005,76.20
43021,73.66
43036,73.66
43053,73.66
43068,76.20
43083,73.66
43100,76.20
43115,76.20
43131,73.66
43147,73.66
43162,76.20
43179,73.66
43194,73.66
43209,73.66
43226,73.66
43241,73.66
43257,73.66
43273,73.66
43288,73.66
43304,73.66
43320,73.66
43336,71.12
-1,-1
44352,71.12
44367,71.12
44383,71.12
44399,71.12
44414,71.12
44430,71.12
44446,71.12
44462,71.12
44478,71.12
44493,71.12
44509,73.66
44525,73.66
44540,73.66
44556,71.12
44572,71.12
44588,71.12
44604,71.12
44619,71.12
44635,71.12
44651,71.12
44666,73.66
44682,73.66
44698,73.66
44713,73.66
44730,73.66
44745,73.66
44761,73.66
44777,73.66
44792,73.66
44809,73.66
44824,73.66
44839,73.66
44856,73.66
44871,73.66
44887,76.20
44903,73.66
44918,73.66
44935,73.66
44950,73.66
44965,73.66
44982,73.66
44997,73.66
45012,76.20
45029,76.20
45044,76.20
45061,78.74
45076,96.52
45091,96.52
45108,96.52
45123,129.54
45138,134.62
45155,134.62
45170,134.62
45187,134.62
45202,134.62
45218,134.62
45234,134.62
45249,134.62
45265,104.14
45281,96.52
45297,99.06
45313,106.68
45328,114.30
45344,114.30
45360,114.30
45376,114.30
45391,114.30
45408,114.30
45423,111.76
45438,111.76
45455,111.76
45470,111.76
45487,111.76
45502,111.76
45518,111.76
45534,111.76
45549,111.76
45565,111.76
45581,111.76
45597,111.76
45613,111.76
45628,111.76
45644,111.76
45660,114.30
45676,111.76
45691,114.30
45708,114.30
45723,111.76
45739,111.76
45755,111.76
45770,111.76
45787,111.76
45802,114.30
45818,111.76
45834,111.76
45849,114.30
45865,111.76
45881,111.76
45897,111.76
45913,111.76
45928,111.76
45944,111.76
45960,111.76
45976,111.76
45991,111.76
46008,111.76
46023,111.76
46039,111.76
46055,111.76
46070,111.76
46087,111.76
46102,111.76
46118,111.76
46134,111.76
46149,111.76
46166,111.76
46181,111.76
46197,111.76
46213,111.76
46228,111.76
46244,111.76
46260,111.76
46276,111.76
46291,111.76
46308,114.30
46323,111.76
46339,111.76
46355,111.76
46370,111.76
46387,111.76
46402,111.76
46418,114.30
46434,114.30
46449,114.30
46466,114.30
46481,114.30
46497,114.30
46513,99.06
46528,96.52
46544,96.52
46560,96.52
46576,96.52
46592,96.52
46607,96.52
46623,96.52
46639,96.52
46654,96.52
46670,96.52
46686,96.52
46702,96.52
46717,93.98
46733,93.98
46749,86.36
46765,76.20
46780,76.20
46796,76.20
46812,76.20
46828,76.20
46843,76.20
46859,73.66
46875,76.20
46891,76.20
46906,73.66
46922,73.66
46938,73.66
46954,73.66
46969,73.66
46985,73.66
47001,73.66
47016,73.66
47032,73.66
-1,-1
48049,73.66
48064,73.66
48079,73.66
48096,73.66
48111,73.66
48126,73.66
48143,73.66
48158,73.66
48175,73.66
48190,73.66
48205,73.66
48222,73.66
48237,73.66
48252,73.66
48269,73.66
48284,73.66
48301,73.66
48316,73.66
48331,76.20
48348,73.66
48363,73.66
48378,73.66
48395,73.66
48410,73.66
48427,73.66
48442,73.66
48457,76.20
48474,73.66
48489,76.20
48504,76.20
48521,76.20
48536,76.20
48552,76.20
48568,76.20
48583,76.20
48600,76.20
48615,76.20
48630,78.74
48647,91.44
48662,93.98
48678,93.98
48694,96.52
48709,96.52
48726,96.52
48741,96.52
48756,96.52
48773,96.52
48788,96.52
48804,96.52
48820,96.52
48835,99.06
48851,114.30
48867,114.30
48883,114.30
48899,114.30
48914,114.30
48930,114.30
48946,111.76
48962,111.76
48977,111.76
48993,111.76
49009,111.76
49025,111.76
49041,111.76
49056,111.76
49073,111.76
49088,111.76
49103,111.76
49120,111.76
49135,111.76
49152,111.76
49167,111.76
49183,111.76
49199,111.76
49214,111.76
49230,111.76
49246,111.76
49262,111.76
49277,111.76
49293,111.76
49309,111.76
49325,111.76
49341,111.76
49356,111.76
49373,111.76
49388,111.76
49403,111.76
49420,111.76
49435,111.76
49452,109.22
49467,109.22
49483,111.76
49499,111.76
49514,114.30
49530,111.76
49546,111.76
49562,111.76
49577,111.76
49593,111.76
49609,111.76
49625,111.76
49641,111.76
49656,111.76
49673,111.76
49688,111.76
49703,111.76
49720,111.76
49735,111.76
49752,111.76
49767,111.76
49783,111.76
49799,111.76
49814,111.76
49830,111.76
49846,111.76
49862,111.76
49878,111.76
49894,111.76
49909,111.76
49925,111.76
49941,114.30
49956,114.30
49973,114.30
49988,134.62
50003,134.62
50020,134.62
50035,134.62
50052,134.62
50067,134.62
50083,134.62
50099,134.62
50114,134.62
50130,134.62
50146,134.62
50162,134.62
50178,134.62
50194,134.62
50209,134.62
50225,134.62
50241,134.62
50256,134.62
50273,134.62
50288,134.62
50304,134.62
50320,134.62
50335,137.16
50352,137.16
50367,137.16
50383,78.74
50399,76.20
50414,78.74
50430,76.20
50446,73.66
50461,73.66
50478,76.20
50493,76.20
50509,73.66
50525,48.26
50540,40.64
50556,38.10
50572,45.72
50588,71.12
50604,73.66
50619,71.12
50635,73.66
50651,73.66
50666,73.66
50682,73.66
50698,73.66
50714,73.66
50729,71.12
-1,-1
51745,73.66
51761,73.66
51777,73.66
51792,73.66
51808,73.66
51824,73.66
51840,73.66
51856,73.66
51871,71.12
51887,71.12
51903,71.12
51918,71.12
51934,71.12
51950,71.12
51965,71.12
51982,71.12
51997,71.12
52013,73.66
52029,73.66
52044,73.66
52060,76.20
52076,73.66
52091,73.66
52108,73.66
52123,73.66
52139,73.66
52155,73.66
52170,40.64
52187,38.10
52202,38.10
52217,38.10
52234,38.10
52249,38.10
52264,71.12
52281,88.90
52296,88.90
52313,96.52
52328,134.62
52343,134.62
52360,134.62
52375,134.62
52391,134.62
52407,134.62
52422,99.06
52439,96.52
52454,99.06
52470,96.52
52486,96.52
52501,99.06
52517,96.52
52533,96.52
52548,96.52
52564,96.52
52580,96.52
52596,96.52
52612,96.52
52627,96.52
52643,96.52
52659,96.52
52674,96.52
52690,96.52
52706,96.52
52722,114.30
52738,114.30
52753,114.30
52769,111.76
52785,111.76
52801,111.76
52816,111.76
52833,114.30
52848,111.76
52864,111.76
52880,111.76
52895,111.76
52912,114.30
52927,111.76
52942,114.30
52959,111.76
52974,111.76
52990,111.76
53006,111.76
53022,111.76
53038,111.76
53053,111.76
53069,111.76
53085,111.76
53101,111.76
53116,111.76
53133,111.76
53148,111.76
53164,111.76
53180,111.76
53195,111.76
53212,111.76
53227,111.76
53242,111.76
53259,111.76
53274,111.76
53291,111.76
53306,111.76
53322,111.76
53338,111.76
53353,111.76
53369,111.76
53385,111.76
53401,111.76
53416,111.76
53433,111.76
53448,111.76
53464,114.30
53480,111.76
53495,111.76
53512,111.76
53527,111.76
53543,111.76
53559,111.76
53574,111.76
53591,111.76
53606,111.76
53622,111.76
53638,111.76
53653,111.76
53669,111.76
53685,111.76
53701,111.76
53716,111.76
53733,111.76
53748,111.76
53764,111.76
53780,111.76
53795,111.76
53812,114.30
53827,114.30
53843,111.76
53859,114.30
53874,114.30
53891,114.30
53906,99.06
53922,96.52
53938,96.52
53953,96.52
53969,96.52
53985,96.52
54000,96.52
54017,96.52
54032,96.52
54048,96.52
54064,96.52
54079,99.06
54095,96.52
54111,132.08
54127,137.16
54142,137.16
54158,81.28
54174,78.74
54190,78.74
54206,76.20
54221,76.20
54237,76.20
54253,76.20
54268,73.66
54284,73.66
54300,73.66
54316,73.66
54332,73.66
54347,73.66
54363,73.66
54379,73.66
54394,73.66
54410,73.66
54426,73.66
-1,-1
55442,73.66
55457,73.66
55474,73.66
55489,73.66
55504,73.66
55521,73.66
55536,73.66
55552,73.66
55568,73.66
55583,73.66
55600,73.66
55615,73.66
55630,73.66
55647,73.66
55662,73.66
55678,73.66
55694,73.66
55709,73.66
55726,73.66
55741,73.66
55756,73.66
55773,73.66
55788,73.66
55804,73.66
55820,73.66
55835,73.66
55852,73.66
55867,73.66
55882,76.20
55899,76.20
55914,76.20
55930,76.20
55946,76.20
55961,76.20
55977,76.20
55993,76.20
56008,76.20
56025,76.20
56040,91.44
56056,91.44
56072,91.44
56087,93.98
56103,93.98
56119,93.98
56134,93.98
56151,132.08
56166,137.16
56182,137.16
56198,137.16
56214,137.16
56229,137.16
56245,116.84
56261,116.84
56276,116.84
56293,114.30
56308,114.30
56324,114.30
56340,111.76
56355,111.76
56372,111.76
56387,111.76
56403,111.76
56419,111.76
56434,111.76
56451,111.76
56466,111.76
56482,111.76
56498,111.76
56514,111.76
56529,111.76
56545,111.76
56561,114.30
56577,111.76
56593,111.76
56608,111.76
56624,111.76
56640,111.76
56655,111.76
56672,111.76
56687,111.76
56704,111.76
56719,111.76
56734,111.76
56751,111.76
56766,111.76
56782,111.76
56798,111.76
56814,111.76
56829,111.76
56845,111.76
56861,111.76
56877,111.76
56893,111.76
56908,111.76
56924,111.76
56940,111.76
56955,111.76
56972,111.76
56987,111.76
57004,111.76
57019,111.76
57034,111.76
57051,111.76
57066,111.76
57082,111.76
57098,114.30
57114,111.76
57129,111.76
57145,111.76
57161,111.76
57177,111.76
57193,111.76
57208,111.76
57224,111.76
57240,111.76
57255,111.76
57272,111.76
57287,111.76
57304,114.30
57319,111.76
57334,114.30
57351,116.84
57366,114.30
57382,129.54
57398,134.62
57414,134.62
57430,134.62
57445,134.62
57461,134.62
57477,134.62
57493,134.62
57508,134.62
57524,134.62
57540,134.62
57555,134.62
57572,134.62
57587,134.62
57604,134.62
57619,134.62
57634,99.06
57651,96.52
57666,96.52
57682,78.74
57698,73.66
57713,73.66
57730,73.66
57745,76.20
57760,73.66
57777,73.66
57792,73.66
57808,73.66
57824,76.20
57839,73.66
57856,73.66
57871,73.66
57886,73.66
57903,73.66
57918,73.66
57934,73.66
57950,73.66
57965,76.20
57981,73.66
57997,73.66
58012,73.66
58029,73.66
58044,73.66
58060,73.66
58076,76.20
58091,73.66
58107,73.66
58123,73.66
-1,-1
59139,73.66
59154,73.66
59170,71.12
59186,71.12
59202,71.12
59217,73.66
59233,73.66
59249,73.66
59265,73.66
59281,73.66
59296,73.66
59312,73.66
59328,73.66
59343,73.66
59359,73.66
59375,73.66
59390,73.66
59407,71.12
59422,71.12
59438,71.12
59454,71.12
59469,71.12
59485,71.12
59501,71.12
59516,73.66
59533,73.66
59548,73.66
59564,73.66
59580,73.66
59595,73.66
59612,73.66
59627,73.66
59642,73.66
59659,73.66
59674,73.66
59689,73.66
59706,73.66
59721,73.66
59738,73.66
59753,73.66
59768,76.20
59785,76.20
59800,76.20
59815,76.20
59832,76.20
59847,76.20
59864,101.60
59879,134.62
59894,134.62
59911,134.62
59926,134.62
59942,134.62
59958,134.62
59974,134.62
59990,134.62
60005,134.62
60021,134.62
60037,134.62
60053,134.62
60068,101.60
60084,96.52
60100,96.52
60115,111.76
60132,114.30
60147,114.30
60164,111.76
60179,111.76
60194,111.76
60211,114.30
60226,111.76
60242,111.76
60258,111.76
60273,111.76
60290,111.76
60305,111.76
60321,111.76
60337,111.76
60353,111.76
60368,114.30
60384,111.76
60400,111.76
60416,111.76
60432,111.76
60447,111.76
60464,111.76
60479,111.76
60494,111.76
60511,111.76
60526,111.76
60542,114.30
60558,111.76
60573,111.76
60590,111.76
60605,111.76
60621,111.76
60637,111.76
60653,111.76
60668,111.76
60684,111.76
60700,114.30
60716,111.76
60732,111.76
60747,111.76
60763,111.76
60779,111.76
60794,114.30
60811,111.76
60826,114.30
60843,111.76
60858,111.76
60873,111.76
60890,111.76
60905,111.76
60921,111.76
60937,111.76
60953,111.76
60968,111.76
60984,111.76
61000,111.76
61016,111.76
61032,111.76
61047,114.30
61064,111.76
61079,111.76
61094,111.76
61111,111.76
61126,111.76
61143,111.76
61158,111.76
61173,111.76
61190,111.76
61205,114.30
61221,114.30
61237,114.30
61253,116.84
61268,116.84
61284,114.30
61300,119.38
61316,137.16
61332,139.70
61347,127.00
61364,99.06
61379,96.52
61394,96.52
61411,132.08
61426,137.16
61443,137.16
61458,137.16
61473,137.16
61490,137.16
61505,104.14
61521,96.52
61537,96.52
61552,81.28
61569,76.20
61584,76.20
61600,76.20
61616,73.66
61631,73.66
61647,73.66
61663,73.66
61678,73.66
61694,73.66
61710,73.66
61726,73.66
61742,73.66
61757,73.66
61773,73.66
61789,73.66
61804,73.66
61820,73.66
-1,-1
62836,73.66
62852,73.66
62868,73.66
62883,73.66
62899,73.66
62915,73.66
62930,73.66
62946,73.66
62962,73.66
62978,73.66
62994,73.66
63009,73.66
63025,73.66
63041,73.66
63056,73.66
63072,73.66
63088,73.66
63104,73.66
63120,73.66
63135,73.66
63151,73.66
63167,73.66
63182,73.66
63199,73.66
63214,73.66
63229,73.66
63246,73.66
63261,73.66
63277,73.66
63293,73.66
63308,73.66
63325,73.66
63340,76.20
63355,76.20
63372,76.20
63387,93.98
63403,134.62
63419,137.16
63434,137.16
63451,137.16
63466,137.16
63482,129.54
63498,99.06
63513,96.52
63529,96.52
63545,96.52
63561,96.52
63577,96.52
63592,96.52
63608,96.52
63624,96.52
63639,111.76
63655,114.30
63671,114.30
63687,114.30
63703,114.30
63719,114.30
63734,114.30
63750,111.76
63766,111.76
63781,111.76
63798,111.76
63813,111.76
63828,111.76
63845,111.76
63860,111.76
63877,111.76
63892,111.76
63908,111.76
63924,111.76
63939,111.76
63955,111.76
63971,111.76
63987,111.76
64003,111.76
64019,111.76
64034,114.30
64050,111.76
64066,111.76
64081,111.76
64098,111.76
64113,111.76
64130,111.76
64145,111.76
64160,111.76
64177,114.30
64192,111.76
64208,111.76
64224,111.76
64239,111.76
64256,111.76
64271,111.76
64287,111.76
64303,111.76
64319,111.76
64334,111.76
64350,111.76
64366,111.76
64381,111.76
64398,111.76
64413,111.76
64429,111.76
64445,111.76
64460,111.76
64477,111.76
64492,111.76
64508,111.76
64524,111.76
64539,111.76
64556,111.76
64571,111.76
64587,111.76
64603,114.30
64619,114.30
64634,111.76
64650,111.76
64666,111.76
64681,111.76
64698,111.76
64713,111.76
64729,114.30
64745,114.30
64760,114.30
64777,116.84
64792,134.62
64808,134.62
64824,134.62
64839,134.62
64856,134.62
64871,134.62
64887,134.62
64903,134.62
64919,134.62
64934,99.06
64950,99.06
64966,99.06
64982,124.46
64997,134.62
65013,134.62
65029,134.62
65045,134.62
65060,134.62
65077,134.62
65092,137.16
65107,134.62
65124,96.52
65139,78.74
65156,78.74
65171,78.74
65186,73.66
65203,73.66
65218,73.66
65233,73.66
65250,73.66
65265,73.66
65282,73.66
65297,73.66
65312,73.66
65329,73.66
65344,73.66
65359,76.20
65376,76.20
65391,73.66
65408,73.66
65423,73.66
65438,71.12
65455,71.12
65470,71.12
65486,71.12
65502,71.12
65517,71.12
-1,-1
66533,73.66
66549,76.20
66565,73.66
66580,73.66
66596,73.66
66612,73.66
66628,73.66
66643,73.66
66659,73.66
66675,73.66
66691,73.66
66706,73.66
66722,73.66
66738,71.12
66754,71.12
66769,71.12
66785,71.12
66801,71.12
66817,73.66
66832,73.66
66848,73.66
66864,73.66
66880,73.66
66895,73.66
66911,73.66
66927,73.66
66942,73.66
66958,73.66
66974,73.66
66990,73.66
67006,73.66
67021,73.66
67037,73.66
67053,73.66
67068,73.66
67084,73.66
67100,73.66
67116,73.66
67132,73.66
67147,73.66
67163,73.66
67179,76.20
67194,73.66
67210,76.20
67226,76.20
67241,76.20
67258,81.28
67273,132.08
67289,134.62
67305,134.62
67320,134.62
67337,137.16
67352,134.62
67368,134.62
67384,132.08
67399,134.62
67416,134.62
67431,134.62
67447,134.62
67463,134.62
67478,134.62
67494,134.62
67510,119.38
67526,114.30
67542,114.30
67558,114.30
67573,111.76
67589,111.76
67605,111.76
67620,111.76
67637,111.76
67652,111.76
67668,111.76
67684,111.76
67699,111.76
67716,111.76
67731,111.76
67747,111.76
67763,114.30
67778,111.76
67794,111.76
67810,111.76
67826,111.76
67842,111.76
67858,111.76
67873,111.76
67889,111.76
67905,111.76
67920,111.76
67937,111.76
67952,111.76
67969,111.76
67984,111.76
67999,111.76
68016,111.76
68031,111.76
68047,111.76
68063,111.76
68078,111.76
68094,111.76
68110,111.76
68126,111.76
68142,111.76
68158,111.76
68173,111.76
68189,111.76
68205,111.76
68220,111.76
68237,111.76
68252,111.76
68269,111.76
68284,111.76
68299,111.76
68316,111.76
68331,111.76
68347,111.76
68363,111.76
68378,114.30
68395,111.76
68410,111.76
68426,111.76
68442,114.30
68458,111.76
68473,111.76
68489,111.76
68505,111.76
68520,111.76
68537,111.76
68552,111.76
68569,111.76
68584,111.76
68599,111.76
68616,111.76
68631,114.30
68647,111.76
68663,114.30
68678,114.30
68695,114.30
68710,137.16
68726,137.16
68742,137.16
68758,137.16
68773,137.16
68789,137.16
68805,104.14
68820,96.52
68837,99.06
68852,96.52
68868,96.52
68884,99.06
68899,96.52
68916,96.52
68931,96.52
68946,83.82
68963,76.20
68978,78.74
68994,76.20
69010,76.20
69025,76.20
69042,76.20
69057,76.20
69072,78.74
69089,78.74
69104,76.20
69120,76.20
69136,76.20
69151,43.18
69168,40.64
69183,38.10
69198,38.10
69215,38.10
-1,-1
70231,73.66
70246,73.66
70262,73.66
70278,73.66
70293,73.66
70309,73.66
70325,73.66
70340,73.66
70356,73.66
70372,73.66
70388,73.66
70404,73.66
70419,73.66
70435,73.66
70451,73.66
70466,73.66
70482,73.66
70498,73.66
70514,73.66
70530,73.66
70545,73.66
70561,73.66
70577,73.66
70592,73.66
70608,73.66
70624,76.20
70640,76.20
70656,76.20
70671,76.20
70687,76.20
70703,76.20
70719,76.20
70734,76.20
70750,76.20
70766,76.20
70781,76.20
70797,76.20
70813,78.74
70829,76.20
70845,96.52
70860,96.52
70876,96.52
70892,93.98
70907,96.52
70923,93.98
70939,96.52
70955,96.52
70971,96.52
70986,109.22
71002,116.84
71018,114.30
71033,116.84
71050,116.84
71065,116.84
71080,109.22
71097,96.52
71112,96.52
71129,96.52
71144,111.76
71159,111.76
71176,111.76
71191,111.76
71207,114.30
71223,111.76
71239,111.76
71255,111.76
71270,111.76
71286,111.76
71302,111.76
71318,111.76
71333,111.76
71350,111.76
71365,111.76
71380,111.76
71397,111.76
71412,111.76
71429,111.76
71444,111.76
71459,111.76
71476,111.76
71491,111.76
71507,111.76
71523,111.76
71539,111.76
71555,111.76
71570,111.76
71586,114.30
71602,114.30
71618,114.30
71633,111.76
71650,111.76
71665,111.76
71681,111.76
71697,111.76
71712,111.76
71729,111.76
71744,111.76
71759,111.76
71776,111.76
71791,111.76
71808,111.76
71823,111.76
71839,111.76
71855,111.76
71870,111.76
71886,111.76
71902,111.76
71918,111.76
71933,114.30
71949,111.76
71965,111.76
71981,111.76
71997,111.76
72012,111.76
72029,111.76
72044,111.76
72059,111.76
72076,111.76
72091,111.76
72108,111.76
72123,111.76
72139,111.76
72155,111.76
72170,111.76
72186,134.62
72202,134.62
72218,134.62
72233,134.62
72250,134.62
72265,134.62
72281,134.62
72297,134.62
72312,134.62
72329,134.62
72344,134.62
72359,134.62
72376,134.62
72391,134.62
72408,134.62
72423,137.16
72439,137.16
72455,137.16
72470,111.76
72486,78.74
72502,78.74
72518,78.74
72534,73.66
72549,73.66
72565,76.20
72581,73.66
72596,73.66
72612,76.20
72628,73.66
72644,73.66
72659,73.66
72675,73.66
72691,73.66
72707,73.66
72723,45.72
72738,38.10
72754,40.64
72770,38.10
72785,40.64
72801,38.10
72817,43.18
72833,71.12
72849,73.66
72864,73.66
72880,73.66
72896,73.66
72911,73.66
-1,-1
73927,73.66
73943,73.66
73959,73.66
73974,71.12
73991,73.66
74006,73.66
74021,73.66
74038,73.66
74053,73.66
74068,73.66
74085,73.66
74100,73.66
74117,73.66
74132,73.66
74147,73.66
74164,73.66
74179,73.66
74194,73.66
74211,48.26
74226,40.64
74243,38.10
74258,43.18
74273,71.12
74290,73.66
74305,73.66
74321,73.66
74337,73.66
74352,73.66
74369,73.66
74384,73.66
74399,73.66
74416,73.66
74431,73.66
74447,73.66
74463,76.20
74478,76.20
74494,76.20
74510,86.36
74525,116.84
74542,116.84
74557,116.84
74573,134.62
74589,134.62
74605,132.08
74620,137.16
74636,137.16
74652,137.16
74668,134.62
74684,134.62
74699,137.16
74716,101.60
74731,99.06
74746,96.52
74763,96.52
74778,96.52
74793,96.52
74810,109.22
74825,134.62
74842,134.62
74857,134.62
74873,134.62
74889,134.62
74904,129.54
74920,116.84
74936,114.30
74952,114.30
74968,114.30
74983,114.30
74999,111.76
75015,111.76
75031,111.76
75046,111.76
75063,111.76
75078,111.76
75094,111.76
75110,111.76
75125,111.76
75142,111.76
75157,111.76
75172,111.76
75189,111.76
75204,111.76
75220,114.30
75236,111.76
75252,111.76
75268,111.76
75283,111.76
75299,111.76
75315,111.76
75331,111.76
75346,111.76
75363,111.76
75378,111.76
75394,111.76
75410,111.76
75425,111.76
75442,111.76
75457,111.76
75473,111.76
75489,111.76
75504,111.76
75521,111.76
75536,111.76
75552,114.30
75568,111.76
75583,111.76
75599,111.76
75615,111.76
75631,111.76
75646,111.76
75663,111.76
75678,111.76
75694,111.76
75710,111.76
75725,111.76
75742,111.76
75757,111.76
75773,111.76
75789,111.76
75804,111.76
75821,111.76
75836,111.76
75852,111.76
75868,111.76
75883,111.76
75899,114.30
75915,111.76
75931,111.76
75947,111.76
75963,111.76
75978,111.76
75994,111.76
76010,114.30
76025,114.30
76042,114.30
76057,99.06
76072,96.52
76089,99.06
76104,96.52
76121,96.52
76136,96.52
76151,96.52
76168,96.52
76183,96.52
76199,96.52
76215,93.98
76230,93.98
76247,93.98
76262,93.98
76277,93.98
76294,86.36
76309,78.74
76325,76.20
76341,76.20
76356,76.20
76372,76.20
76388,76.20
76403,76.20
76420,76.20
76435,76.20
76451,73.66
76467,73.66
76482,73.66
76498,73.66
76514,73.66
76529,76.20
76546,73.66
76561,73.66
76577,73.66
76593,73.66
76608,73.66
-1,-1
77624,73.66
77640,73.66
77656,71.12
77672,73.66
77687,73.66
77703,73.66
77719,73.66
77734,73.66
77750,73.66
77766,73.66
77782,73.66
77798,73.66
77813,73.66
77829,73.66
77845,73.66
77860,73.66
77876,73.66
77892,73.66
77907,73.66
77924,73.66
77939,73.66
77955,73.66
77971,73.66
77986,73.66
78003,73.66
78018,73.66
78033,73.66
78050,73.66
78065,73.66
78081,73.66
78097,73.66
78112,73.66
78129,73.66
78144,76.20
78159,76.20
78176,76.20
78191,76.20
78206,76.20
78223,76.20
78238,93.98
78255,96.52
78270,96.52
78285,96.52
78302,96.52
78317,96.52
78332,96.52
78349,96.52
78364,96.52
78381,96.52
78396,96.52
78411,96.52
78428,96.52
78443,114.30
78459,114.30
78475,114.30
78490,111.76
78507,111.76
78522,111.76
78538,111.76
78554,111.76
78570,111.76
78585,111.76
78601,111.76
78617,111.76
78632,111.76
78649,111.76
78664,111.76
78680,111.76
78696,111.76
78711,111.76
78728,111.76
78743,111.76
78759,111.76
78775,111.76
78790,111.76
78807,111.76
78822,111.76
78838,111.76
78854,111.76
78869,111.76
78885,111.76
78901,111.76
78917,111.76
78932,111.76
78949,111.76
78964,111.76
78980,111.76
78996,111.76
79011,111.76
79028,111.76
79043,111.76
79059,111.76
79075,111.76
79090,111.76
79107,111.76
79122,111.76
79138,111.76
79154,111.76
79170,111.76
79185,111.76
79201,111.76
79217,111.76
79233,111.76
79249,111.76
79264,111.76
79280,111.76
79296,111.76
79311,111.76
79328,111.76
79343,111.76
79360,111.76
79375,111.76
79390,111.76
79407,111.76
79422,111.76
79438,111.76
79454,114.30
79470,111.76
79485,111.76
79501,111.76
79517,111.76
79533,116.84
79549,114.30
79564,114.30
79580,132.08
79596,134.62
79611,134.62
79628,134.62
79643,134.62
79660,134.62
79675,106.68
79690,99.06
79707,96.52
79722,96.52
79738,96.52
79754,96.52
79769,96.52
79785,96.52
79801,96.52
79816,96.52
79833,129.54
79848,134.62
79864,134.62
79880,83.82
79895,78.74
79911,78.74
79927,76.20
79943,76.20
79959,76.20
79974,76.20
79990,73.66
80006,73.66
80022,73.66
80037,73.66
80053,76.20
80069,73.66
80084,73.66
80100,73.66
80116,73.66
80132,73.66
80148,73.66
80163,73.66
80179,73.66
80195,73.66
80210,73.66
80226,73.66
80242,73.66
80258,73.66
80274,73.66
80289,73.66
80305,73.66
-1,-1
81320,71.12
81337,71.12
81352,71.12
81368,71.12
81384,71.12
81399,71.12
81416,71.12
81431,71.12
81446,71.12
81463,73.66
81478,73.66
81494,73.66
81510,73.66
81525,73.66
81542,73.66
81557,73.66
81572,73.66
81589,73.66
81604,76.20
81620,73.66
81636,73.66
81651,76.20
81668,73.66
81683,73.66
81698,73.66
81715,73.66
81730,73.66
81746,73.66
81762,73.66
81777,73.66
81794,73.66
81809,73.66
81824,71.12
81841,73.66
81856,73.66
81872,73.66
81888,73.66
81903,73.66
81920,73.66
81935,73.66
81950,73.66
81967,76.20
81982,76.20
81998,76.20
82014,121.92
82029,134.62
82045,134.62
82061,134.62
82077,134.62
82093,132.08
82108,134.62
82124,134.62
82140,137.16
82156,137.16
82171,134.62
82188,134.62
82203,124.46
82219,99.06
82235,96.52
82250,99.06
82267,96.52
82282,96.52
82297,96.52
82314,111.76
82329,111.76
82345,111.76
82361,111.76
82376,111.76
82393,111.76
82408,111.76
82424,111.76
82440,111.76
82455,111.76
82471,111.76
82487,111.76
82503,111.76
82519,111.76
82535,111.76
82550,111.76
82566,111.76
82582,111.76
82597,111.76
82614,111.76
82629,111.76
82646,111.76
82661,111.76
82676,111.76
82693,111.76
82708,111.76
82724,111.76
82740,111.76
82756,111.76
82771,111.76
82787,111.76
82803,111.76
82819,111.76
82835,111.76
82850,111.76
82866,111.76
82882,111.76
82897,111.76
82914,111.76
82929,111.76
82946,111.76
82961,111.76
82976,111.76
82993,111.76
83008,111.76
83024,111.76
83040,111.76
83056,111.76
83072,111.76
83087,111.76
83103,111.76
83119,111.76
83135,111.76
83150,111.76
83166,111.76
83182,114.30
83197,111.76
83214,111.76
83229,114.30
83246,111.76
83261,111.76
83276,111.76
83293,111.76
83308,111.76
83324,114.30
83340,111.76
83356,111.76
83372,111.76
83387,111.76
83403,101.60
83419,96.52
83435,96.52
83450,96.52
83466,96.52
83482,96.52
83497,104.14
83514,134.62
83529,137.16
83545,134.62
83561,137.16
83576,137.16
83593,129.54
83608,99.06
83623,96.52
83640,96.52
83655,96.52
83672,96.52
83687,96.52
83702,81.28
83719,81.28
83734,81.28
83749,78.74
83766,76.20
83781,76.20
83798,76.20
83813,76.20
83828,73.66
83845,73.66
83860,73.66
83875,73.66
83892,73.66
83907,73.66
83923,73.66
83939,73.66
83954,76.20
83971,73.66
83986,76.20
84001,73.66
-1,-1
85017,73.66
85033,73.66
85049,73.66
85065,73.66
85081,73.66
85096,73.66
85112,73.66
85128,73.66
85143,73.66
85159,73.66
85175,73.66
85191,73.66
85207,73.66
85222,73.66
85238,73.66
85254,73.66
85269,73.66
85285,73.66
85301,73.66
85317,73.66
85332,73.66
85348,73.66
85364,73.66
85380,73.66
85395,73.66
85411,73.66
85427,73.66
85443,73.66
85458,73.66
85474,73.66
85490,76.20
85506,76.20
85522,76.20
85537,76.20
85553,78.74
85569,76.20
85584,88.90
85600,93.98
85616,93.98
85632,93.98
85648,93.98
85663,93.98
85679,93.98
85695,96.52
85710,96.52
85726,96.52
85742,132.08
85757,134.62
85774,137.16
85789,119.38
85805,116.84
85821,116.84
85836,114.30
85853,114.30
85868,114.30
85884,111.76
85900,111.76
85915,111.76
85932,111.76
85947,111.76
85963,111.76
85979,111.76
85995,111.76
86010,111.76
86026,111.76
86042,111.76
86057,111.76
86074,111.76
86089,111.76
86105,111.76
86121,114.30
86136,111.76
86153,114.30
86168,111.76
86184,111.76
86200,111.76
86215,111.76
86232,111.76
86247,111.76
86263,111.76
86279,111.76
86295,111.76
86310,111.76
86326,111.76
86342,111.76
86358,111.76
86374,111.76
86389,111.76
86405,111.76
86421,111.76
86436,111.76
86453,111.76
86468,111.76
86484,111.76
86500,111.76
86515,111.76
86532,111.76
86547,111.76
86563,111.76
86579,111.76
86594,111.76
86610,111.76
86626,111.76
86642,111.76
86658,111.76
86674,111.76
86689,111.76
86705,111.76
86721,111.76
86736,111.76
86753,111.76
86768,111.76
86785,111.76
86800,111.76
86815,111.76
86832,111.76
86847,111.76
86863,111.76
86879,111.76
86894,111.76
86910,111.76
86926,114.30
86942,114.30
86958,114.30
86974,119.38
86989,134.62
87005,134.62
87021,134.62
87036,134.62
87053,134.62
87068,134.62
87084,134.62
87100,134.62
87115,134.62
87132,134.62
87147,134.62
87163,134.62
87179,134.62
87194,134.62
87211,134.62
87226,81.28
87242,78.74
87258,78.74
87273,93.98
87289,96.52
87305,96.52
87321,81.28
87336,76.20
87352,76.20
87368,76.20
87384,73.66
87399,73.66
87415,73.66
87431,73.66
87447,73.66
87462,73.66
87478,73.66
87494,73.66
87510,73.66
87525,76.20
87541,73.66
87557,73.66
87573,73.66
87588,73.66
87604,73.66
87620,73.66
87635,73.66
87651,73.66
87667,73.66
87683,73.66
87699,73.66
-1,-1
