14,111.76
30,109.22
46,40.64
61,35.56
77,38.10
93,38.10
108,35.56
123,35.56
140,35.56
155,38.10
171,38.10
186,35.56
202,38.10
218,35.56
233,38.10
249,38.10
265,38.10
280,33.02
295,25.40
312,22.86
327,22.86
343,38.10
359,38.10
374,38.10
390,30.48
405,27.94
421,27.94
437,63.50
452,109.22
468,109.22
484,111.76
499,111.76
516,111.76
531,81.28
546,40.64
563,35.56
578,38.10
593,40.64
609,40.64
625,40.64
641,96.52
656,114.30
672,114.30
688,50.80
703,43.18
719,40.64
735,40.64
750,38.10
765,35.56
782,38.10
797,124.46
813,129.54
829,104.14
844,43.18
860,40.64
876,40.64
891,114.30
907,127.00
923,127.00
939,129.54
954,129.54
970,129.54
986,121.92
1001,119.38
1017,116.84
1033,119.38
1048,116.84
1064,116.84
1080,116.84
1095,114.30
1112,114.30
1127,114.30
1143,114.30
1159,114.30
1174,116.84
1190,114.30
1206,111.76
1221,111.76
1238,111.76
1253,114.30
1269,111.76
1285,114.30
1300,111.76
1316,114.30
1332,53.34
1347,40.64
1363,38.10
1379,55.88
1394,106.68
1411,109.22
1426,78.74
1442,43.18
1458,38.10
1473,38.10
1489,35.56
1505,38.10
1520,38.10
1537,38.10
1552,38.10
1567,38.10
1584,83.82
1599,109.22
1614,106.68
1631,53.34
1646,43.18
1661,38.10
1678,53.34
1693,106.68
1709,109.22
1725,109.22
1740,109.22
1756,109.22
1772,104.14
1787,43.18
1804,40.64
1819,40.64
1835,96.52
1851,109.22
1866,109.22
1882,48.26
1898,40.64
1913,38.10
1929,55.88
1945,73.66
1960,73.66
1976,76.20
1992,76.20
2008,76.20
2023,76.20
2039,76.20
2055,76.20
2070,73.66
2086,40.64
2102,38.10
2117,38.10
2134,38.10
2149,38.10
2164,38.10
2181,35.56
2196,35.56
2211,35.56
2228,53.34
2243,76.20
2258,76.20
2275,50.80
2290,40.64
2306,35.56
2322,38.10
2337,73.66
2353,76.20
2369,71.12
2384,43.18
2400,40.64
2416,38.10
2432,68.58
2447,76.20
2463,76.20
2479,78.74
2494,78.74
2510,78.74
2526,76.20
2541,76.20
2557,76.20
2573,78.74
2588,78.74
2605,78.74
2620,78.74
2635,76.20
2652,76.20
2667,76.20
2682,104.14
-1,-1
3698,38.10
3715,43.18
3730,106.68
3745,109.22
3762,109.22
3777,109.22
3793,109.22
3809,109.22
3824,109.22
3841,109.22
3856,109.22
3871,109.22
3888,109.22
3903,109.22
3919,109.22
3935,109.22
3950,111.76
3966,109.22
3982,109.22
3998,111.76
4014,99.06
4029,81.28
4045,78.74
4061,81.28
4076,106.68
4092,109.22
4108,109.22
4123,78.74
4140,78.74
4155,78.74
4170,76.20
4187,76.20
4202,76.20
4217,76.20
4234,76.20
4249,76.20
4264,76.20
4281,76.20
4296,76.20
4312,76.20
4328,76.20
4343,76.20
4359,76.20
4375,76.20
4390,76.20
4406,76.20
4422,76.20
4438,76.20
4453,76.20
4469,76.20
4485,76.20
4500,76.20
4516,45.72
4532,38.10
4547,35.56
4563,48.26
4579,76.20
4594,76.20
4611,76.20
4626,76.20
4641,76.20
4658,76.20
4673,76.20
4688,76.20
4705,76.20
4720,78.74
4736,78.74
4752,78.74
4767,101.60
4783,106.68
4799,109.22
4814,109.22
4831,109.22
4846,109.22
4861,109.22
4878,109.22
4893,109.22
4909,109.22
4925,109.22
4940,109.22
4957,109.22
4972,109.22
4987,109.22
5004,104.14
5019,40.64
5035,38.10
5051,38.10
5066,96.52
5082,109.22
5098,109.22
5113,48.26
5130,40.64
5145,38.10
5160,73.66
5177,109.22
5192,109.22
5208,60.96
5224,40.64
5239,38.10
5255,38.10
5271,35.56
5286,35.56
5302,35.56
5318,35.56
5334,38.10
5349,38.10
5365,35.56
5381,35.56
5396,35.56
5412,86.36
5428,109.22
5443,109.22
5459,111.76
5475,114.30
5491,111.76
5507,114.30
5522,111.76
5538,111.76
5554,111.76
5569,114.30
5585,114.30
5601,114.30
5617,116.84
5633,116.84
5648,116.84
5664,129.54
5680,132.08
5695,132.08
5711,50.80
5727,43.18
5742,40.64
5758,38.10
5774,38.10
5789,38.10
5806,38.10
5821,38.10
5836,38.10
5853,40.64
5868,40.64
5883,40.64
5900,40.64
5915,38.10
5931,38.10
5947,38.10
5962,99.06
5978,114.30
5994,116.84
6009,48.26
6026,40.64
6041,38.10
6056,40.64
6073,38.10
6088,40.64
6104,38.10
6120,38.10
6135,38.10
6151,38.10
6167,40.64
6182,40.64
6198,40.64
6214,38.10
6230,35.56
6245,38.10
6261,38.10
6277,38.10
6292,38.10
6308,27.94
6324,25.40
6339,22.86
6355,25.40
6371,25.40
-1,-1
7387,35.56
7402,73.66
7417,109.22
7434,109.22
7449,58.42
7465,38.10
7481,38.10
7496,38.10
7513,38.10
7528,38.10
7543,35.56
7560,25.40
7575,22.86
7590,22.86
7607,35.56
7622,35.56
7638,38.10
7654,38.10
7669,38.10
7685,38.10
7701,27.94
7716,25.40
7732,22.86
7748,33.02
7763,35.56
7779,35.56
7795,38.10
7811,38.10
7826,40.64
7842,38.10
7858,38.10
7873,38.10
7889,35.56
7905,35.56
7920,35.56
7937,35.56
7952,38.10
7967,38.10
7984,38.10
7999,38.10
8014,35.56
8031,35.56
8046,38.10
8061,38.10
8078,38.10
8093,38.10
8109,35.56
8125,35.56
8140,35.56
8156,35.56
8172,38.10
8187,38.10
8203,38.10
8219,38.10
8235,38.10
8250,35.56
8266,38.10
8282,38.10
8297,76.20
8313,132.08
8329,132.08
8344,127.00
8360,119.38
8376,119.38
8391,119.38
8408,116.84
8423,116.84
8439,116.84
8455,116.84
8470,116.84
8486,114.30
8502,116.84
8517,116.84
8534,114.30
8549,114.30
8565,111.76
8581,114.30
8596,111.76
8612,111.76
8628,111.76
8643,58.42
8659,40.64
8675,38.10
8690,38.10
8707,38.10
8722,38.10
8737,38.10
8754,38.10
8769,38.10
8784,38.10
8801,35.56
8816,35.56
8832,35.56
8848,35.56
8863,35.56
8879,38.10
8895,35.56
8910,35.56
8926,38.10
8942,35.56
8957,35.56
8973,35.56
8989,45.72
9005,106.68
9020,109.22
9036,106.68
9052,109.22
9068,109.22
9083,111.76
9099,111.76
9115,109.22
9131,109.22
9146,109.22
9162,109.22
9178,109.22
9194,109.22
9209,109.22
9225,109.22
9241,109.22
9256,109.22
9273,109.22
9288,109.22
9304,109.22
9320,109.22
9335,104.14
9351,78.74
9367,78.74
9382,78.74
9398,76.20
9414,78.74
9430,78.74
9445,43.18
9461,40.64
9477,38.10
9492,35.56
9508,35.56
9524,38.10
9539,50.80
9555,73.66
9571,76.20
9586,53.34
9603,43.18
9618,38.10
9633,40.64
9650,73.66
9665,76.20
9680,71.12
9697,40.64
9712,38.10
9728,38.10
9744,38.10
9759,38.10
9775,38.10
9791,63.50
9806,73.66
9822,73.66
9838,76.20
9853,76.20
9869,76.20
9885,78.74
9901,78.74
9916,78.74
9932,78.74
9948,76.20
9963,78.74
9979,76.20
9995,78.74
10010,78.74
10027,78.74
10042,78.74
10058,78.74
-1,-1
11074,106.68
11089,109.22
11105,109.22
11121,109.22
11137,109.22
11153,109.22
11168,109.22
11185,109.22
11200,109.22
11215,109.22
11232,109.22
11247,109.22
11264,109.22
11279,109.22
11294,109.22
11311,109.22
11326,109.22
11342,109.22
11358,109.22
11374,109.22
11389,109.22
11405,111.76
11421,109.22
11437,109.22
11453,109.22
11468,109.22
11485,78.74
11500,78.74
11515,78.74
11532,76.20
11547,76.20
11563,76.20
11579,78.74
11594,78.74
11611,76.20
11626,50.80
11641,40.64
11658,40.64
11673,43.18
11688,73.66
11705,76.20
11720,68.58
11737,40.64
11752,38.10
11767,35.56
11784,71.12
11799,76.20
11814,76.20
11831,43.18
11846,38.10
11863,35.56
11878,38.10
11893,35.56
11910,35.56
11925,50.80
11940,73.66
11957,73.66
11972,53.34
11988,38.10
12004,35.56
12019,35.56
12036,104.14
12051,109.22
12067,111.76
12083,83.82
12098,78.74
12114,78.74
12130,101.60
12146,109.22
12162,109.22
12177,48.26
12193,40.64
12209,40.64
12224,76.20
12240,106.68
12256,106.68
12272,109.22
12288,109.22
12304,109.22
12319,109.22
12335,109.22
12351,109.22
12366,99.06
12383,40.64
12398,38.10
12413,35.56
12430,99.06
12445,109.22
12462,109.22
12477,45.72
12492,40.64
12509,40.64
12524,38.10
12539,35.56
12556,35.56
12571,38.10
12588,38.10
12603,38.10
12618,38.10
12635,35.56
12650,38.10
12665,35.56
12682,35.56
12697,35.56
12713,35.56
12729,35.56
12744,38.10
12761,35.56
12776,93.98
12792,109.22
12808,111.76
12823,111.76
12839,111.76
12855,111.76
12871,111.76
12887,111.76
12902,111.76
12918,111.76
12934,114.30
12950,111.76
12965,114.30
12982,154.94
12997,160.02
13012,160.02
13029,121.92
13044,119.38
13061,119.38
13076,137.16
13091,142.24
13108,142.24
13123,50.80
13139,43.18
13155,40.64
13170,38.10
13187,38.10
13202,38.10
13218,66.04
13234,124.46
13249,127.00
13265,76.20
13281,43.18
13297,38.10
13313,38.10
13328,38.10
13344,38.10
13360,38.10
13375,38.10
13391,35.56
13407,38.10
13423,35.56
13438,35.56
13454,35.56
13470,38.10
13486,35.56
13501,35.56
13517,38.10
13533,35.56
13549,35.56
13564,48.26
13580,109.22
13596,111.76
13612,83.82
13628,40.64
13643,38.10
13659,38.10
13675,38.10
13690,38.10
13706,40.64
13722,38.10
13737,35.56
13754,35.56
-1,-1
14770,38.10
14785,40.64
14800,38.10
14817,38.10
14832,38.10
14848,38.10
14864,38.10
14879,38.10
14896,38.10
14911,76.20
14926,109.22
14943,109.22
14958,58.42
14974,38.10
14990,38.10
15005,40.64
15022,106.68
15037,109.22
15052,96.52
15069,40.64
15084,38.10
15100,38.10
15116,38.10
15131,38.10
15148,38.10
15163,91.44
15179,111.76
15195,111.76
15210,48.26
15226,38.10
15242,35.56
15258,38.10
15273,38.10
15289,38.10
15305,38.10
15321,35.56
15336,35.56
15352,35.56
15368,35.56
15384,35.56
15399,38.10
15415,104.14
15431,111.76
15447,114.30
15463,114.30
15478,114.30
15494,114.30
15510,50.80
15525,43.18
15542,40.64
15557,38.10
15572,38.10
15589,40.64
15604,38.10
15620,38.10
15636,38.10
15651,38.10
15668,111.76
15683,116.84
15698,116.84
15715,129.54
15730,129.54
15747,129.54
15762,149.86
15778,157.48
15794,157.48
15809,127.00
15825,119.38
15841,119.38
15857,119.38
15873,119.38
15888,119.38
15904,119.38
15920,119.38
15936,119.38
15951,119.38
15968,114.30
15983,111.76
15998,111.76
16015,111.76
16030,114.30
16047,106.68
16062,43.18
16077,38.10
16094,38.10
16109,99.06
16125,109.22
16141,109.22
16156,48.26
16173,40.64
16188,38.10
16204,38.10
16220,35.56
16235,38.10
16251,58.42
16267,106.68
16283,106.68
16299,73.66
16314,40.64
16330,38.10
16346,38.10
16361,35.56
16377,35.56
16393,38.10
16409,96.52
16424,106.68
16440,109.22
16456,109.22
16472,109.22
16488,109.22
16503,109.22
16520,109.22
16535,109.22
16550,109.22
16567,109.22
16582,109.22
16599,109.22
16614,109.22
16629,109.22
16646,109.22
16661,109.22
16677,109.22
16693,109.22
16709,81.28
16724,78.74
16740,78.74
16756,78.74
16772,76.20
16787,76.20
16803,45.72
16819,38.10
16835,38.10
16850,50.80
16866,76.20
16882,76.20
16898,50.80
16913,38.10
16929,38.10
16945,38.10
16961,76.20
16976,78.74
16992,76.20
17008,76.20
17024,76.20
17039,76.20
17055,76.20
17071,76.20
17087,78.74
17102,43.18
17118,38.10
17134,38.10
17149,58.42
17165,76.20
17181,76.20
17197,50.80
17213,40.64
17228,38.10
17244,43.18
17260,76.20
17275,76.20
17292,76.20
17307,78.74
17323,78.74
17339,78.74
17354,76.20
17370,76.20
17386,76.20
17401,99.06
17418,109.22
17433,109.22
17448,86.36
-1,-1
18464,109.22
18481,109.22
18496,109.22
18512,109.22
18528,109.22
18543,109.22
18560,109.22
18575,109.22
18591,55.88
18607,40.64
18622,38.10
18638,58.42
18654,109.22
18670,109.22
18685,109.22
18701,109.22
18717,109.22
18733,111.76
18749,109.22
18764,109.22
18781,109.22
18796,109.22
18811,109.22
18828,109.22
18843,78.74
18860,78.74
18875,78.74
18890,76.20
18907,76.20
18922,76.20
18938,78.74
18954,76.20
18969,76.20
18985,76.20
19001,76.20
19016,76.20
19033,63.50
19048,40.64
19064,38.10
19080,38.10
19095,73.66
19111,76.20
19127,76.20
19142,76.20
19159,76.20
19174,76.20
19190,45.72
19206,40.64
19221,38.10
19237,55.88
19253,76.20
19268,76.20
19284,50.80
19300,38.10
19316,35.56
19332,35.56
19347,35.56
19363,38.10
19379,35.56
19394,73.66
19410,76.20
19426,76.20
19442,76.20
19458,76.20
19473,76.20
19489,78.74
19505,78.74
19520,78.74
19536,88.90
19552,106.68
19568,106.68
19584,109.22
19599,109.22
19615,109.22
19631,109.22
19647,109.22
19662,109.22
19679,91.44
19694,43.18
19709,40.64
19726,38.10
19741,101.60
19758,109.22
19773,109.22
19788,45.72
19805,40.64
19820,38.10
19836,35.56
19852,38.10
19867,35.56
19884,35.56
19899,35.56
19914,35.56
19931,50.80
19946,106.68
19962,109.22
19978,81.28
19993,43.18
20009,38.10
20025,38.10
20041,35.56
20057,35.56
20072,35.56
20088,93.98
20104,109.22
20119,106.68
20135,111.76
20151,111.76
20167,111.76
20183,111.76
20199,111.76
20214,111.76
20230,60.96
20246,40.64
20261,38.10
20277,38.10
20293,111.76
20308,114.30
20325,101.60
20340,43.18
20357,38.10
20372,38.10
20387,99.06
20404,116.84
20419,116.84
20434,127.00
20451,129.54
20466,129.54
20483,121.92
20498,119.38
20514,119.38
20530,121.92
20545,121.92
20561,121.92
20577,121.92
20593,124.46
20609,124.46
20625,124.46
20640,116.84
20656,116.84
20672,116.84
20687,116.84
20704,114.30
20719,114.30
20734,114.30
20751,114.30
20766,116.84
20783,114.30
20798,111.76
20814,111.76
20830,111.76
20845,111.76
20861,111.76
20877,58.42
20893,40.64
20909,38.10
20924,35.56
20940,38.10
20956,38.10
20972,38.10
20987,38.10
21003,38.10
21019,38.10
21035,104.14
21050,111.76
21066,111.76
21082,43.18
21098,38.10
21113,35.56
21129,25.40
21145,22.86
-1,-1
22161,35.56
22176,91.44
22193,111.76
22208,111.76
22223,48.26
22240,38.10
22255,38.10
22272,38.10
22287,40.64
22302,38.10
22319,38.10
22334,38.10
22349,38.10
22366,35.56
22381,38.10
22397,35.56
22413,38.10
22428,38.10
22445,40.64
22460,40.64
22475,38.10
22492,38.10
22507,38.10
22523,38.10
22539,38.10
22554,38.10
22571,35.56
22586,35.56
22601,35.56
22618,38.10
22633,38.10
22649,38.10
22665,40.64
22680,109.22
22696,111.76
22712,111.76
22728,116.84
22744,114.30
22759,114.30
22775,111.76
22791,111.76
22807,114.30
22822,114.30
22839,114.30
22854,114.30
22870,116.84
22886,116.84
22901,116.84
22918,116.84
22933,111.76
22949,111.76
22965,66.04
22980,40.64
22996,38.10
23012,35.56
23027,121.92
23044,129.54
23059,129.54
23075,134.62
23091,134.62
23107,134.62
23122,149.86
23138,160.02
23154,160.02
23170,129.54
23186,119.38
23201,119.38
23217,116.84
23233,116.84
23248,116.84
23265,114.30
23280,114.30
23297,114.30
23312,111.76
23327,111.76
23344,114.30
23359,91.44
23375,40.64
23391,38.10
23406,38.10
23422,35.56
23438,38.10
23454,38.10
23470,38.10
23485,35.56
23501,38.10
23517,38.10
23532,38.10
23548,38.10
23564,35.56
23580,38.10
23596,35.56
23611,35.56
23627,35.56
23643,38.10
23658,35.56
23674,104.14
23690,106.68
23706,101.60
23721,43.18
23738,38.10
23753,38.10
23769,35.56
23785,35.56
23800,35.56
23816,35.56
23832,35.56
23847,35.56
23864,73.66
23879,106.68
23895,106.68
23911,109.22
23926,109.22
23943,109.22
23958,109.22
23973,109.22
23990,109.22
24005,109.22
24022,109.22
24037,109.22
24053,109.22
24069,109.22
24084,109.22
24100,109.22
24116,81.28
24132,76.20
24147,78.74
24163,78.74
24179,78.74
24195,78.74
24210,76.20
24226,76.20
24242,76.20
24258,76.20
24273,76.20
24289,78.74
24305,60.96
24321,40.64
24336,38.10
24352,35.56
24368,38.10
24384,35.56
24399,38.10
24415,68.58
24431,73.66
24446,76.20
24463,76.20
24478,76.20
24494,76.20
24510,45.72
24525,40.64
24541,38.10
24557,45.72
24572,73.66
24589,76.20
24604,76.20
24620,76.20
24636,76.20
24651,76.20
24667,76.20
24683,78.74
24698,76.20
24715,76.20
24730,76.20
24745,78.74
24762,99.06
24777,109.22
24793,106.68
24809,86.36
24824,78.74
24841,78.74
-1,-1
25857,109.22
25872,109.22
25887,109.22
25904,109.22
25919,109.22
25935,109.22
25951,109.22
25967,109.22
25982,109.22
25998,109.22
26014,109.22
26030,109.22
26046,109.22
26061,109.22
26078,109.22
26093,109.22
26108,109.22
26125,109.22
26140,109.22
26157,109.22
26172,109.22
26187,109.22
26204,111.76
26219,109.22
26235,109.22
26251,109.22
26267,109.22
26283,109.22
26298,86.36
26314,76.20
26330,76.20
26346,76.20
26361,76.20
26377,76.20
26393,76.20
26408,76.20
26424,76.20
26440,76.20
26456,76.20
26472,76.20
26487,78.74
26503,76.20
26519,76.20
26534,76.20
26550,76.20
26566,76.20
26582,76.20
26598,45.72
26613,40.64
26629,38.10
26645,35.56
26660,38.10
26676,38.10
26692,38.10
26707,38.10
26724,38.10
26739,35.56
26755,71.12
26771,76.20
26786,76.20
26802,76.20
26818,76.20
26833,76.20
26850,78.74
26865,78.74
26881,78.74
26897,88.90
26912,109.22
26929,111.76
26944,109.22
26959,109.22
26976,109.22
26991,111.76
27008,109.22
27023,109.22
27038,109.22
27055,109.22
27070,109.22
27086,109.22
27102,109.22
27118,111.76
27133,109.22
27149,109.22
27165,109.22
27181,109.22
27197,45.72
27212,38.10
27228,38.10
27244,68.58
27259,109.22
27276,109.22
27291,60.96
27307,40.64
27323,38.10
27338,38.10
27355,38.10
27370,35.56
27385,38.10
27402,101.60
27417,106.68
27433,109.22
27449,111.76
27464,111.76
27481,111.76
27496,45.72
27512,38.10
27528,38.10
27543,35.56
27559,35.56
27575,35.56
27590,58.42
27607,109.22
27622,109.22
27638,111.76
27654,111.76
27670,111.76
27685,99.06
27701,45.72
27717,40.64
27732,40.64
27748,104.14
27764,114.30
27780,114.30
27796,139.70
27811,160.02
27828,160.02
27843,142.24
27858,132.08
27875,132.08
27890,63.50
27907,43.18
27922,40.64
27937,40.64
27954,38.10
27969,38.10
27984,38.10
28001,38.10
28016,40.64
28033,40.64
28048,104.14
28063,111.76
28080,114.30
28095,114.30
28111,114.30
28127,114.30
28143,114.30
28158,114.30
28174,114.30
28190,114.30
28206,114.30
28222,114.30
28237,60.96
28253,40.64
28269,38.10
28284,38.10
28301,38.10
28316,35.56
28332,38.10
28348,40.64
28363,40.64
28379,40.64
28395,101.60
28410,111.76
28427,111.76
28442,45.72
28457,38.10
28474,38.10
28489,30.48
28506,27.94
28521,27.94
28536,35.56
-1,-1
29552,35.56
29569,35.56
29584,35.56
29599,35.56
29616,38.10
29631,38.10
29647,38.10
29663,38.10
29678,38.10
29694,38.10
29710,38.10
29725,35.56
29742,25.40
29757,22.86
29773,22.86
29789,22.86
29804,22.86
29820,20.32
29836,35.56
29852,35.56
29868,35.56
29883,38.10
29899,38.10
29915,38.10
29930,38.10
29946,35.56
29962,35.56
29978,38.10
29993,35.56
30009,35.56
30025,38.10
30041,38.10
30056,38.10
30072,40.64
30088,101.60
30104,111.76
30119,111.76
30135,45.72
30151,38.10
30167,35.56
30183,76.20
30198,111.76
30214,114.30
30230,114.30
30245,114.30
30262,114.30
30277,114.30
30294,114.30
30309,114.30
30324,114.30
30341,116.84
30356,116.84
30372,116.84
30388,116.84
30403,116.84
30419,116.84
30435,45.72
30451,40.64
30467,40.64
30482,83.82
30498,121.92
30514,124.46
30530,124.46
30545,157.48
30562,160.02
30577,152.40
30593,132.08
30609,132.08
30624,132.08
30641,114.30
30656,114.30
30671,114.30
30688,111.76
30703,111.76
30720,114.30
30735,111.76
30751,111.76
30767,111.76
30782,111.76
30798,114.30
30814,114.30
30830,111.76
30845,111.76
30861,111.76
30877,55.88
30893,40.64
30909,38.10
30924,35.56
30940,38.10
30956,38.10
30971,38.10
30988,35.56
31003,38.10
31019,35.56
31035,35.56
31050,38.10
31066,38.10
31082,38.10
31097,35.56
31114,35.56
31129,35.56
31144,35.56
31161,35.56
31176,73.66
31192,106.68
31208,106.68
31223,109.22
31240,109.22
31255,109.22
31271,109.22
31287,109.22
31302,109.22
31319,109.22
31334,109.22
31350,109.22
31366,109.22
31382,109.22
31397,109.22
31413,109.22
31429,109.22
31444,109.22
31461,109.22
31476,81.28
31492,78.74
31508,76.20
31523,83.82
31540,111.76
31555,111.76
31570,93.98
31587,76.20
31602,78.74
31619,60.96
31634,40.64
31649,38.10
31666,35.56
31681,35.56
31696,38.10
31713,38.10
31728,66.04
31745,76.20
31760,76.20
31775,43.18
31792,38.10
31807,35.56
31822,53.34
31839,73.66
31854,73.66
31870,76.20
31886,76.20
31901,76.20
31918,60.96
31933,43.18
31949,40.64
31965,40.64
31980,73.66
31996,76.20
32012,76.20
32027,73.66
32044,76.20
32059,76.20
32075,76.20
32091,76.20
32106,76.20
32122,88.90
32138,109.22
32153,109.22
32169,91.44
32185,81.28
32201,78.74
32217,81.28
32232,109.22
-1,-1
33248,38.10
33264,38.10
33280,38.10
33296,35.56
33311,50.80
33327,106.68
33343,109.22
33358,83.82
33375,43.18
33390,38.10
33405,38.10
33422,38.10
33437,38.10
33453,38.10
33469,96.52
33484,109.22
33501,109.22
33516,109.22
33531,106.68
33548,109.22
33563,109.22
33580,109.22
33595,109.22
33611,88.90
33627,76.20
33642,76.20
33658,78.74
33674,76.20
33689,76.20
33705,76.20
33721,76.20
33737,76.20
33753,76.20
33768,76.20
33784,76.20
33800,76.20
33815,43.18
33831,38.10
33847,35.56
33863,55.88
33879,76.20
33894,76.20
33910,48.26
33926,38.10
33941,35.56
33957,43.18
33973,76.20
33989,76.20
34004,63.50
34020,40.64
34036,38.10
34052,35.56
34067,35.56
34083,38.10
34099,35.56
34115,68.58
34130,73.66
34146,76.20
34162,76.20
34178,76.20
34193,76.20
34209,76.20
34225,76.20
34241,76.20
34256,76.20
34272,76.20
34288,76.20
34304,78.74
34319,78.74
34335,78.74
34351,78.74
34367,106.68
34382,109.22
34398,109.22
34414,45.72
34429,40.64
34446,40.64
34461,91.44
34477,109.22
34493,109.22
34508,50.80
34525,40.64
34540,38.10
34555,63.50
34572,106.68
34587,109.22
34604,71.12
34619,40.64
34634,38.10
34651,38.10
34666,104.14
34682,109.22
34698,109.22
34713,43.18
34729,38.10
34745,38.10
34760,35.56
34777,35.56
34792,35.56
34808,35.56
34824,35.56
34839,38.10
34855,63.50
34871,106.68
34887,106.68
34903,106.68
34918,114.30
34934,111.76
34950,91.44
34966,40.64
34981,38.10
34997,35.56
35013,101.60
35028,111.76
35045,114.30
35060,114.30
35076,114.30
35092,114.30
35107,114.30
35124,114.30
35139,114.30
35155,116.84
35171,116.84
35186,116.84
35203,116.84
35218,157.48
35234,160.02
35250,160.02
35266,132.08
35281,132.08
35297,132.08
35313,129.54
35329,129.54
35345,129.54
35360,121.92
35376,121.92
35392,121.92
35407,119.38
35424,116.84
35439,116.84
35456,114.30
35471,114.30
35486,116.84
35503,116.84
35518,114.30
35534,116.84
35550,66.04
35565,40.64
35581,38.10
35597,38.10
35613,109.22
35629,114.30
35644,106.68
35660,40.64
35676,38.10
35692,38.10
35707,38.10
35723,40.64
35739,40.64
35755,40.64
35770,40.64
35786,40.64
35802,38.10
35818,35.56
35833,38.10
35849,38.10
35865,35.56
35880,38.10
35897,38.10
35912,35.56
35928,38.10
-1,-1
36943,50.80
36960,111.76
36975,114.30
36990,71.12
37007,27.94
37022,25.40
37039,25.40
37054,35.56
37069,38.10
37086,38.10
37101,38.10
37117,40.64
37133,38.10
37148,27.94
37165,25.40
37180,22.86
37195,22.86
37212,22.86
37227,22.86
37243,33.02
37259,35.56
37274,35.56
37291,30.48
37306,25.40
37321,22.86
37338,22.86
37353,35.56
37369,35.56
37385,35.56
37400,35.56
37416,35.56
37432,35.56
37447,35.56
37464,35.56
37479,38.10
37495,35.56
37511,38.10
37526,38.10
37542,38.10
37558,38.10
37573,40.64
37590,38.10
37605,38.10
37621,38.10
37637,38.10
37652,106.68
37668,114.30
37684,111.76
37700,114.30
37715,114.30
37731,114.30
37747,127.00
37763,129.54
37779,129.54
37794,121.92
37811,116.84
37826,119.38
37841,121.92
37858,127.00
37873,127.00
37890,124.46
37905,116.84
37921,116.84
37937,116.84
37952,134.62
37968,134.62
37984,134.62
38000,154.94
38016,160.02
38031,160.02
38047,119.38
38063,116.84
38079,116.84
38094,116.84
38111,116.84
38126,114.30
38141,114.30
38158,111.76
38173,114.30
38190,55.88
38205,40.64
38220,38.10
38237,45.72
38252,106.68
38268,109.22
38284,86.36
38299,43.18
38316,38.10
38331,38.10
38347,38.10
38363,38.10
38378,38.10
38394,35.56
38410,35.56
38425,38.10
38441,38.10
38457,35.56
38473,38.10
38489,35.56
38504,35.56
38520,35.56
38536,50.80
38551,106.68
38567,106.68
38583,106.68
38599,109.22
38615,109.22
38631,109.22
38646,109.22
38662,109.22
38678,109.22
38693,109.22
38710,109.22
38725,109.22
38742,109.22
38757,109.22
38772,109.22
38789,50.80
38804,40.64
38820,38.10
38836,66.04
38851,109.22
38867,109.22
38883,96.52
38899,78.74
38915,78.74
38930,66.04
38946,40.64
38962,38.10
38977,38.10
38993,71.12
39009,76.20
39025,76.20
39041,76.20
39056,76.20
39072,76.20
39088,43.18
39103,40.64
39119,40.64
39135,55.88
39151,76.20
39166,76.20
39182,76.20
39198,76.20
39214,76.20
39229,58.42
39245,40.64
39261,38.10
39277,35.56
39292,73.66
39308,76.20
39324,76.20
39340,78.74
39356,78.74
39371,78.74
39387,45.72
39403,40.64
39418,38.10
39434,53.34
39450,76.20
39465,76.20
39482,53.34
39497,43.18
39513,40.64
39529,40.64
39544,73.66
39560,76.20
39576,76.20
39591,78.74
39608,78.74
39623,78.74
-1,-1
40639,104.14
40654,109.22
40671,96.52
40686,43.18
40702,40.64
40718,38.10
40733,96.52
40750,109.22
40765,109.22
40781,109.22
40797,106.68
40812,109.22
40828,109.22
40844,109.22
40860,109.22
40876,109.22
40892,109.22
40907,109.22
40923,109.22
40939,109.22
40954,109.22
40971,106.68
40986,78.74
41001,78.74
41018,78.74
41033,76.20
41050,76.20
41065,76.20
41080,43.18
41097,38.10
41112,40.64
41127,63.50
41144,73.66
41159,73.66
41176,78.74
41191,78.74
41206,78.74
41223,50.80
41238,38.10
41253,35.56
41270,38.10
41285,73.66
41302,76.20
41317,71.12
41332,40.64
41349,38.10
41364,38.10
41379,71.12
41396,76.20
41411,76.20
41427,45.72
41443,40.64
41458,38.10
41475,55.88
41490,76.20
41505,76.20
41522,50.80
41537,43.18
41553,40.64
41569,43.18
41584,76.20
41601,76.20
41616,76.20
41631,76.20
41648,76.20
41663,76.20
41679,76.20
41695,76.20
41710,76.20
41726,45.72
41742,40.64
41757,38.10
41774,81.28
41789,106.68
41805,109.22
41821,55.88
41836,40.64
41852,38.10
41868,50.80
41884,106.68
41900,109.22
41915,109.22
41931,109.22
41947,109.22
41963,109.22
41978,109.22
41995,109.22
42010,109.22
42025,109.22
42042,109.22
42057,109.22
42074,109.22
42089,109.22
42104,109.22
42121,53.34
42136,40.64
42152,38.10
42168,38.10
42183,35.56
42200,35.56
42215,35.56
42231,35.56
42247,35.56
42262,38.10
42278,35.56
42294,35.56
42309,35.56
42326,99.06
42341,109.22
42357,111.76
42373,111.76
42388,111.76
42404,111.76
42420,111.76
42436,111.76
42451,111.76
42468,114.30
42483,116.84
42499,116.84
42515,116.84
42530,154.94
42547,160.02
42562,160.02
42577,116.84
42594,116.84
42609,109.22
42626,45.72
42641,40.64
42656,40.64
42673,96.52
42688,119.38
42704,121.92
42720,127.00
42735,127.00
42752,127.00
42767,119.38
42783,116.84
42799,116.84
42815,116.84
42830,114.30
42846,116.84
42862,114.30
42877,114.30
42894,114.30
42909,91.44
42925,43.18
42941,38.10
42956,38.10
42973,101.60
42988,114.30
43003,114.30
43020,45.72
43035,38.10
43052,35.56
43067,38.10
43082,40.64
43099,40.64
43114,38.10
43130,38.10
43146,38.10
43161,38.10
43177,38.10
43193,38.10
43208,38.10
43225,35.56
43240,38.10
43256,35.56
43272,27.94
43287,27.94
43303,27.94
43319,35.56
-1,-1
44335,38.10
44350,38.10
44366,38.10
44382,38.10
44398,38.10
44413,38.10
44429,38.10
44445,40.64
44461,38.10
44476,35.56
44492,38.10
44508,27.94
44524,25.40
44539,22.86
44555,33.02
44571,35.56
44587,35.56
44602,38.10
44618,40.64
44634,40.64
44650,35.56
44665,25.40
44681,22.86
44697,22.86
44712,35.56
44729,35.56
44744,35.56
44760,35.56
44776,35.56
44791,35.56
44807,35.56
44823,35.56
44838,35.56
44855,38.10
44870,38.10
44886,38.10
44902,38.10
44917,109.22
44933,111.76
44949,101.60
44964,40.64
44981,38.10
44996,38.10
45011,35.56
45028,35.56
45043,38.10
45060,88.90
45075,111.76
45090,111.76
45107,116.84
45122,116.84
45138,116.84
45154,116.84
45169,114.30
45186,114.30
45201,68.58
45217,40.64
45233,38.10
45248,38.10
45264,132.08
45280,157.48
45296,157.48
45312,45.72
45327,40.64
45343,40.64
45359,96.52
45375,111.76
45390,114.30
45406,114.30
45422,114.30
45437,114.30
45454,114.30
45469,111.76
45486,111.76
45501,111.76
45516,114.30
45533,111.76
45548,114.30
45564,111.76
45580,111.76
45596,111.76
45612,114.30
45627,111.76
45643,114.30
45659,43.18
45675,38.10
45690,38.10
45706,93.98
45722,109.22
45737,109.22
45754,50.80
45769,40.64
45785,38.10
45801,38.10
45816,38.10
45832,38.10
45848,38.10
45863,38.10
45880,38.10
45895,38.10
45911,35.56
45927,38.10
45942,35.56
45959,101.60
45974,106.68
45989,106.68
46006,109.22
46021,109.22
46038,109.22
46053,109.22
46068,109.22
46085,109.22
46100,109.22
46116,109.22
46132,109.22
46148,109.22
46163,109.22
46179,109.22
46195,76.20
46211,43.18
46227,38.10
46242,38.10
46258,71.12
46274,73.66
46289,76.20
46305,43.18
46321,40.64
46337,38.10
46353,68.58
46368,76.20
46384,76.20
46400,76.20
46415,76.20
46432,76.20
46447,76.20
46462,73.66
46479,73.66
46494,55.88
46510,40.64
46526,38.10
46541,40.64
46558,71.12
46573,73.66
46588,73.66
46605,43.18
46620,38.10
46636,38.10
46652,71.12
46667,76.20
46684,76.20
46699,73.66
46714,73.66
46731,76.20
46746,76.20
46761,76.20
46778,76.20
46793,76.20
46810,76.20
46825,78.74
46840,76.20
46857,76.20
46872,76.20
46887,76.20
46904,76.20
46919,76.20
46936,76.20
46951,78.74
46966,78.74
46983,78.74
46998,99.06
47013,109.22
-1,-1
48030,109.22
48046,109.22
48061,109.22
48077,109.22
48093,109.22
48109,109.22
48124,109.22
48140,109.22
48156,109.22
48172,109.22
48188,53.34
48203,38.10
48220,35.56
48235,50.80
48250,106.68
48267,106.68
48282,106.68
48299,111.76
48314,111.76
48329,109.22
48346,109.22
48361,109.22
48377,109.22
48393,78.74
48408,78.74
48424,78.74
48440,76.20
48456,76.20
48472,76.20
48487,76.20
48503,78.74
48519,78.74
48534,76.20
48550,76.20
48566,76.20
48582,76.20
48598,76.20
48613,76.20
48629,76.20
48645,76.20
48660,76.20
48676,76.20
48692,76.20
48708,76.20
48723,76.20
48739,45.72
48755,40.64
48771,38.10
48786,60.96
48802,76.20
48818,76.20
48834,76.20
48849,76.20
48865,76.20
48881,55.88
48897,40.64
48912,35.56
48928,35.56
48944,76.20
48960,78.74
48975,78.74
48991,76.20
49007,76.20
49022,76.20
49038,43.18
49054,38.10
49070,35.56
49086,38.10
49101,38.10
49117,38.10
49133,73.66
49148,106.68
49165,109.22
49180,60.96
49196,40.64
49212,38.10
49227,35.56
49243,104.14
49259,109.22
49274,109.22
49291,109.22
49306,109.22
49323,109.22
49338,109.22
49353,109.22
49370,109.22
49385,109.22
49401,109.22
49417,109.22
49433,48.26
49448,38.10
49464,35.56
49480,35.56
49496,35.56
49511,35.56
49527,43.18
49543,104.14
49559,109.22
49574,88.90
49590,43.18
49606,38.10
49622,38.10
49638,35.56
49653,35.56
49669,35.56
49685,91.44
49700,109.22
49717,109.22
49732,111.76
49747,111.76
49764,111.76
49779,111.76
49796,111.76
49811,111.76
49826,111.76
49843,111.76
49858,114.30
49874,111.76
49890,114.30
49906,114.30
49922,116.84
49937,152.40
49953,160.02
49969,160.02
49985,137.16
50000,134.62
50017,134.62
50032,132.08
50048,132.08
50064,129.54
50079,124.46
50096,121.92
50111,121.92
50126,121.92
50143,119.38
50158,119.38
50174,119.38
50190,114.30
50206,114.30
50222,114.30
50237,116.84
50253,114.30
50269,114.30
50285,114.30
50300,116.84
50317,114.30
50332,114.30
50348,114.30
50364,114.30
50379,48.26
50396,40.64
50411,38.10
50426,38.10
50443,38.10
50458,38.10
50473,55.88
50490,91.44
50505,91.44
50522,63.50
50537,40.64
50552,38.10
50569,38.10
50584,104.14
50600,111.76
50616,111.76
50631,43.18
50648,38.10
50663,38.10
50679,30.48
50695,27.94
50710,27.94
-1,-1
51726,25.40
51742,25.40
51758,22.86
51773,35.56
51789,35.56
51805,35.56
51821,35.56
51836,38.10
51852,35.56
51868,35.56
51884,35.56
51899,35.56
51915,30.48
51931,25.40
51947,22.86
51962,22.86
51978,22.86
51994,20.32
52009,22.86
52025,35.56
52041,35.56
52057,35.56
52073,25.40
52088,25.40
52104,22.86
52120,33.02
52135,35.56
52151,35.56
52167,35.56
52183,35.56
52199,35.56
52214,38.10
52230,38.10
52246,38.10
52261,38.10
52277,38.10
52293,38.10
52308,38.10
52325,38.10
52340,40.64
52356,40.64
52372,38.10
52387,35.56
52403,38.10
52419,73.66
52434,114.30
52451,114.30
52466,114.30
52483,114.30
52498,114.30
52513,114.30
52530,114.30
52545,114.30
52561,114.30
52577,129.54
52592,129.54
52609,129.54
52624,129.54
52640,129.54
52656,129.54
52672,129.54
52687,129.54
52703,129.54
52719,119.38
52734,119.38
52751,119.38
52766,124.46
52783,139.70
52798,139.70
52813,137.16
52830,132.08
52845,132.08
52861,132.08
52877,111.76
52892,111.76
52909,114.30
52924,114.30
52940,114.30
52956,114.30
52972,111.76
52987,111.76
53003,111.76
53019,111.76
53035,111.76
53051,111.76
53066,48.26
53082,40.64
53098,38.10
53113,38.10
53130,38.10
53145,38.10
53160,50.80
53177,106.68
53192,109.22
53209,106.68
53224,109.22
53239,109.22
53256,104.14
53271,43.18
53287,40.64
53303,38.10
53318,38.10
53335,35.56
53350,35.56
53366,86.36
53382,106.68
53397,106.68
53413,109.22
53429,109.22
53445,109.22
53460,111.76
53476,109.22
53492,109.22
53508,109.22
53524,109.22
53539,109.22
53556,109.22
53571,109.22
53586,109.22
53603,109.22
53618,83.82
53635,81.28
53650,81.28
53665,104.14
53682,111.76
53697,109.22
53713,81.28
53729,78.74
53744,78.74
53761,78.74
53776,76.20
53791,76.20
53808,76.20
53823,76.20
53839,76.20
53855,60.96
53870,40.64
53886,38.10
53902,35.56
53917,73.66
53934,76.20
53949,76.20
53965,76.20
53981,76.20
53996,76.20
54012,73.66
54028,73.66
54044,73.66
54060,76.20
54075,76.20
54091,76.20
54107,76.20
54122,73.66
54138,73.66
54154,76.20
54170,76.20
54185,76.20
54201,76.20
54217,76.20
54233,76.20
54248,76.20
54264,76.20
54280,76.20
54296,76.20
54311,76.20
54327,76.20
54343,76.20
54359,78.74
54374,78.74
54390,78.74
54406,86.36
-1,-1
55421,109.22
55438,106.68
55453,45.72
55469,38.10
55485,38.10
55500,71.12
55517,109.22
55532,109.22
55547,60.96
55564,40.64
55579,38.10
55596,38.10
55611,35.56
55626,38.10
55643,38.10
55658,101.60
55674,109.22
55690,109.22
55705,111.76
55721,109.22
55737,109.22
55753,109.22
55769,109.22
55784,109.22
55800,83.82
55816,78.74
55832,76.20
55847,76.20
55863,76.20
55879,76.20
55895,76.20
55911,76.20
55926,76.20
55942,76.20
55958,76.20
55973,76.20
55989,76.20
56005,76.20
56020,76.20
56037,76.20
56052,76.20
56068,76.20
56084,76.20
56099,76.20
56116,73.66
56131,73.66
56146,76.20
56163,76.20
56178,76.20
56194,76.20
56210,76.20
56225,76.20
56242,63.50
56257,43.18
56272,40.64
56289,38.10
56304,38.10
56320,35.56
56336,35.56
56351,71.12
56368,78.74
56383,78.74
56398,76.20
56415,76.20
56430,76.20
56445,48.26
56462,43.18
56477,38.10
56494,58.42
56509,106.68
56524,109.22
56541,106.68
56556,109.22
56572,109.22
56588,99.06
56603,43.18
56620,38.10
56635,38.10
56651,99.06
56667,109.22
56682,109.22
56698,109.22
56714,109.22
56730,109.22
56745,109.22
56761,109.22
56777,109.22
56793,53.34
56809,38.10
56824,35.56
56840,35.56
56856,35.56
56871,35.56
56888,35.56
56903,35.56
56919,35.56
56935,35.56
56950,35.56
56966,35.56
56982,35.56
56997,35.56
57014,35.56
57029,35.56
57044,35.56
57061,35.56
57076,35.56
57093,35.56
57108,35.56
57123,38.10
57140,55.88
57155,109.22
57170,109.22
57187,111.76
57202,111.76
57219,111.76
57234,111.76
57250,114.30
57266,114.30
57281,114.30
57297,114.30
57313,114.30
57329,114.30
57345,139.70
57361,160.02
57376,160.02
57392,142.24
57408,134.62
57423,134.62
57440,134.62
57455,132.08
57470,132.08
57487,132.08
57502,132.08
57519,132.08
57534,129.54
57550,116.84
57566,116.84
57581,116.84
57597,119.38
57613,119.38
57629,116.84
57645,116.84
57661,116.84
57676,116.84
57692,48.26
57708,40.64
57723,40.64
57739,38.10
57755,38.10
57771,38.10
57787,38.10
57802,38.10
57818,38.10
57834,38.10
57849,38.10
57866,40.64
57881,40.64
57896,38.10
57913,35.56
57928,35.56
57944,38.10
57960,40.64
57975,40.64
57992,38.10
58007,35.56
58022,38.10
58039,38.10
58054,38.10
58070,38.10
58086,38.10
58101,38.10
-1,-1
59117,35.56
59133,27.94
59149,25.40
59164,22.86
59181,35.56
59196,38.10
59211,40.64
59228,40.64
59243,38.10
59259,35.56
59275,38.10
59290,40.64
59307,40.64
59322,40.64
59338,38.10
59354,38.10
59369,38.10
59385,35.56
59401,35.56
59416,35.56
59432,30.48
59448,27.94
59464,25.40
59480,35.56
59495,38.10
59511,38.10
59527,38.10
59542,38.10
59558,38.10
59574,38.10
59590,35.56
59606,35.56
59621,38.10
59637,38.10
59653,40.64
59669,38.10
59684,99.06
59700,114.30
59716,114.30
59731,114.30
59748,111.76
59763,111.76
59779,114.30
59795,114.30
59810,114.30
59827,114.30
59842,114.30
59857,114.30
59874,114.30
59889,116.84
59906,116.84
59921,116.84
59937,119.38
59953,119.38
59968,119.38
59984,119.38
60000,116.84
60016,116.84
60032,127.00
60048,129.54
60063,129.54
60079,129.54
60095,132.08
60110,132.08
60127,134.62
60142,160.02
60157,160.02
60174,147.32
60189,116.84
60206,116.84
60221,116.84
60237,114.30
60253,116.84
60268,116.84
60284,114.30
60300,111.76
60316,114.30
60332,43.18
60347,38.10
60363,38.10
60379,86.36
60395,111.76
60410,111.76
60426,50.80
60442,38.10
60457,38.10
60474,60.96
60489,109.22
60505,109.22
60521,71.12
60536,38.10
60553,38.10
60568,38.10
60583,35.56
60600,35.56
60615,35.56
60631,35.56
60647,35.56
60662,35.56
60679,38.10
60694,38.10
60709,38.10
60726,83.82
60741,106.68
60758,106.68
60773,109.22
60788,109.22
60805,109.22
60820,109.22
60836,109.22
60852,109.22
60867,109.22
60883,109.22
60899,109.22
60915,109.22
60931,109.22
60947,109.22
60962,109.22
60978,109.22
60994,109.22
61009,109.22
61026,48.26
61041,40.64
61057,38.10
61073,81.28
61088,106.68
61105,106.68
61120,88.90
61135,78.74
61152,78.74
61167,76.20
61184,76.20
61199,76.20
61214,78.74
61231,76.20
61246,76.20
61261,76.20
61278,76.20
61293,76.20
61309,76.20
61325,76.20
61340,76.20
61357,76.20
61372,76.20
61388,76.20
61404,76.20
61419,76.20
61435,76.20
61451,76.20
61466,78.74
61483,76.20
61498,76.20
61514,76.20
61530,76.20
61545,76.20
61561,76.20
61577,76.20
61592,76.20
61608,76.20
61624,76.20
61640,76.20
61656,76.20
61671,76.20
61687,76.20
61703,76.20
61718,78.74
61734,78.74
61750,78.74
61766,83.82
61782,109.22
61797,109.22
-1,-1
62813,53.34
62829,40.64
62844,38.10
62861,53.34
62876,106.68
62892,109.22
62908,78.74
62923,43.18
62940,38.10
62955,38.10
62970,38.10
62987,38.10
63002,38.10
63017,99.06
63034,109.22
63049,109.22
63066,48.26
63081,40.64
63096,38.10
63113,78.74
63128,106.68
63144,109.22
63160,58.42
63175,40.64
63192,38.10
63207,38.10
63223,73.66
63239,76.20
63254,76.20
63270,76.20
63286,76.20
63301,73.66
63318,76.20
63333,76.20
63349,76.20
63365,76.20
63380,76.20
63396,76.20
63412,76.20
63428,76.20
63443,76.20
63459,76.20
63475,76.20
63491,76.20
63506,76.20
63522,76.20
63538,76.20
63554,76.20
63569,73.66
63585,73.66
63601,73.66
63617,76.20
63632,76.20
63648,76.20
63664,45.72
63680,40.64
63695,38.10
63711,63.50
63727,76.20
63742,76.20
63759,83.82
63774,109.22
63790,109.22
63806,91.44
63821,78.74
63837,76.20
63853,78.74
63868,81.28
63885,81.28
63900,81.28
63916,106.68
63932,109.22
63947,109.22
63964,109.22
63979,109.22
63995,109.22
64011,109.22
64026,109.22
64043,109.22
64058,109.22
64074,109.22
64090,109.22
64105,109.22
64121,109.22
64137,109.22
64153,68.58
64168,38.10
64184,35.56
64200,38.10
64216,38.10
64232,38.10
64247,38.10
64263,101.60
64279,106.68
64294,106.68
64311,45.72
64326,40.64
64342,38.10
64358,35.56
64373,35.56
64390,38.10
64405,63.50
64420,109.22
64437,111.76
64452,66.04
64467,38.10
64484,35.56
64499,38.10
64516,106.68
64531,109.22
64546,109.22
64563,111.76
64578,111.76
64594,111.76
64610,111.76
64626,111.76
64642,111.76
64657,114.30
64673,114.30
64689,114.30
64705,116.84
64720,116.84
64737,114.30
64752,114.30
64768,114.30
64784,114.30
64799,116.84
64816,132.08
64831,132.08
64846,132.08
64863,119.38
64878,116.84
64894,119.38
64910,119.38
64926,116.84
64942,119.38
64957,119.38
64973,116.84
64989,116.84
65005,50.80
65020,40.64
65036,38.10
65052,38.10
65068,38.10
65084,38.10
65099,38.10
65115,38.10
65131,38.10
65146,38.10
65162,38.10
65178,38.10
65193,38.10
65210,38.10
65225,38.10
65241,38.10
65257,40.64
65272,40.64
65288,38.10
65304,38.10
65319,38.10
65336,38.10
65351,35.56
65367,38.10
65383,38.10
65398,30.48
65414,27.94
65430,27.94
65445,33.02
65462,38.10
65477,38.10
65492,35.56
-1,-1
66508,25.40
66525,22.86
66540,27.94
66555,38.10
66572,38.10
66587,38.10
66604,38.10
66619,35.56
66634,35.56
66651,27.94
66666,25.40
66682,22.86
66698,35.56
66713,35.56
66729,35.56
66745,27.94
66760,25.40
66777,22.86
66792,22.86
66808,22.86
66824,22.86
66839,27.94
66855,35.56
66871,35.56
66886,35.56
66903,30.48
66918,27.94
66934,27.94
66950,35.56
66965,35.56
66981,38.10
66997,38.10
67012,38.10
67028,38.10
67044,38.10
67060,35.56
67076,35.56
67091,35.56
67107,38.10
67123,35.56
67138,38.10
67154,38.10
67170,35.56
67186,38.10
67202,38.10
67217,40.64
67233,38.10
67249,101.60
67265,114.30
67280,114.30
67296,116.84
67312,116.84
67328,119.38
67344,119.38
67359,119.38
67375,119.38
67391,121.92
67406,129.54
67423,129.54
67438,129.54
67454,157.48
67470,160.02
67485,160.02
67502,116.84
67517,116.84
67533,116.84
67549,111.76
67565,114.30
67580,114.30
67596,114.30
67612,114.30
67628,114.30
67644,114.30
67659,114.30
67675,114.30
67691,111.76
67706,111.76
67723,114.30
67738,58.42
67755,40.64
67770,38.10
67785,35.56
67802,38.10
67817,38.10
67832,38.10
67849,35.56
67864,38.10
67880,38.10
67896,38.10
67911,38.10
67928,40.64
67943,38.10
67958,38.10
67975,35.56
67990,38.10
68006,35.56
68022,38.10
68037,66.04
68054,106.68
68069,109.22
68085,66.04
68101,40.64
68116,38.10
68132,35.56
68148,104.14
68164,109.22
68179,109.22
68195,109.22
68211,109.22
68227,109.22
68243,109.22
68258,109.22
68274,109.22
68290,109.22
68305,109.22
68322,109.22
68337,109.22
68354,109.22
68369,109.22
68384,60.96
68401,43.18
68416,38.10
68432,40.64
68448,76.20
68463,78.74
68480,78.74
68495,109.22
68510,111.76
68527,111.76
68542,45.72
68558,40.64
68574,38.10
68589,68.58
68605,76.20
68621,76.20
68637,43.18
68653,38.10
68668,38.10
68684,48.26
68700,76.20
68716,76.20
68731,76.20
68747,76.20
68763,76.20
68779,76.20
68794,76.20
68810,76.20
68826,76.20
68842,76.20
68857,76.20
68873,76.20
68889,76.20
68904,78.74
68920,76.20
68936,76.20
68952,76.20
68968,76.20
68983,76.20
68999,76.20
69015,76.20
69030,76.20
69046,76.20
69062,76.20
69078,76.20
69094,76.20
69109,76.20
69125,73.66
69141,40.64
69156,38.10
69173,40.64
69188,38.10
-1,-1
70204,109.22
70219,109.22
70236,106.68
70251,109.22
70267,109.22
70283,109.22
70298,109.22
70315,109.22
70330,109.22
70346,109.22
70362,109.22
70378,109.22
70393,109.22
70409,109.22
70425,109.22
70440,109.22
70457,109.22
70472,109.22
70489,109.22
70504,109.22
70519,109.22
70536,109.22
70551,109.22
70567,109.22
70583,83.82
70598,78.74
70615,78.74
70630,78.74
70646,76.20
70662,76.20
70677,76.20
70693,76.20
70709,76.20
70724,76.20
70740,76.20
70756,76.20
70772,76.20
70788,76.20
70803,76.20
70819,55.88
70835,40.64
70851,38.10
70866,38.10
70882,73.66
70898,76.20
70914,76.20
70929,76.20
70945,76.20
70961,76.20
70977,76.20
70992,76.20
71008,76.20
71024,76.20
71040,76.20
71055,76.20
71071,48.26
71087,40.64
71103,40.64
71118,45.72
71134,73.66
71150,73.66
71165,76.20
71181,76.20
71197,76.20
71213,76.20
71229,76.20
71244,76.20
71260,76.20
71276,43.18
71291,40.64
71308,38.10
71323,86.36
71339,106.68
71355,109.22
71370,109.22
71387,109.22
71402,109.22
71417,109.22
71434,109.22
71449,109.22
71465,109.22
71481,109.22
71497,109.22
71513,96.52
71528,43.18
71544,40.64
71560,38.10
71575,101.60
71591,109.22
71607,109.22
71623,45.72
71639,38.10
71655,38.10
71670,35.56
71686,35.56
71702,35.56
71717,66.04
71733,106.68
71749,109.22
71764,66.04
71781,40.64
71796,38.10
71812,38.10
71828,35.56
71843,38.10
71859,35.56
71875,101.60
71890,111.76
71907,109.22
71922,111.76
71939,111.76
71954,111.76
71969,111.76
71986,111.76
72001,111.76
72017,111.76
72033,111.76
72048,111.76
72065,114.30
72080,129.54
72096,129.54
72112,129.54
72128,116.84
72143,116.84
72159,116.84
72175,144.78
72190,157.48
72207,160.02
72222,137.16
72239,134.62
72254,134.62
72269,121.92
72286,119.38
72301,119.38
72317,116.84
72333,116.84
72348,119.38
72365,116.84
72380,114.30
72396,114.30
72412,114.30
72428,116.84
72443,116.84
72459,114.30
72475,114.30
72491,116.84
72507,116.84
72522,114.30
72539,116.84
72554,114.30
72569,45.72
72586,40.64
72601,40.64
72617,86.36
72633,114.30
72648,114.30
72665,50.80
72680,40.64
72696,38.10
72712,35.56
72727,38.10
72743,38.10
72759,35.56
72774,35.56
72791,35.56
72806,33.02
72822,30.48
72838,27.94
72853,27.94
72869,35.56
72885,38.10
-1,-1
73901,30.48
73916,25.40
73932,22.86
73948,22.86
73964,35.56
73979,35.56
73995,35.56
74011,27.94
74027,25.40
74042,22.86
74058,22.86
74074,22.86
74090,22.86
74105,33.02
74121,35.56
74137,35.56
74152,35.56
74168,35.56
74184,35.56
74200,35.56
74216,35.56
74231,35.56
74247,35.56
74263,38.10
74278,38.10
74295,38.10
74310,93.98
74326,111.76
74342,111.76
74357,114.30
74374,114.30
74389,114.30
74404,55.88
74421,40.64
74436,38.10
74452,38.10
74468,35.56
74483,38.10
74500,38.10
74515,109.22
74530,114.30
74547,114.30
74562,111.76
74578,111.76
74594,111.76
74610,114.30
74626,114.30
74641,116.84
74657,114.30
74673,114.30
74689,114.30
74704,121.92
74721,129.54
74736,129.54
74752,121.92
74768,114.30
74783,114.30
74800,116.84
74815,152.40
74830,157.48
74847,157.48
74862,132.08
74878,132.08
74894,132.08
74910,152.40
74926,160.02
74941,157.48
74957,121.92
74973,116.84
74989,116.84
75004,114.30
75021,114.30
75036,116.84
75052,114.30
75068,111.76
75083,111.76
75100,63.50
75115,40.64
75130,38.10
75147,38.10
75162,106.68
75179,111.76
75194,96.52
75209,40.64
75226,38.10
75241,38.10
75257,38.10
75273,35.56
75288,38.10
75304,38.10
75320,38.10
75335,40.64
75352,38.10
75367,35.56
75383,35.56
75399,38.10
75414,38.10
75430,38.10
75446,50.80
75461,106.68
75478,106.68
75493,83.82
75509,43.18
75525,38.10
75540,38.10
75556,38.10
75572,38.10
75588,38.10
75603,96.52
75619,109.22
75635,109.22
75651,109.22
75667,109.22
75682,109.22
75698,109.22
75714,109.22
75729,109.22
75746,109.22
75761,109.22
75778,109.22
75793,109.22
75808,109.22
75825,109.22
75840,109.22
75856,109.22
75872,109.22
75888,109.22
75904,78.74
75919,78.74
75935,78.74
75951,76.20
75966,76.20
75982,76.20
75998,76.20
76014,76.20
76029,76.20
76045,48.26
76061,40.64
76077,38.10
76093,40.64
76108,73.66
76124,73.66
76140,73.66
76155,76.20
76171,76.20
76187,76.20
76203,76.20
76219,76.20
76234,76.20
76250,76.20
76266,76.20
76281,76.20
76297,76.20
76313,76.20
76328,76.20
76345,76.20
76360,76.20
76376,76.20
76392,76.20
76407,76.20
76424,76.20
76439,76.20
76454,76.20
76471,76.20
76486,76.20
76502,78.74
76518,78.74
76533,78.74
76550,104.14
76565,109.22
76580,109.22
-1,-1
77596,109.22
77613,109.22
77628,111.76
77644,109.22
77660,109.22
77676,109.22
77691,109.22
77707,109.22
77723,109.22
77739,50.80
77755,40.64
77770,38.10
77786,71.12
77802,106.68
77817,106.68
77834,109.22
77849,109.22
77864,109.22
77881,109.22
77896,109.22
77913,109.22
77928,109.22
77944,109.22
77960,109.22
77975,109.22
77991,78.74
78007,78.74
78023,78.74
78039,76.20
78054,76.20
78070,76.20
78086,76.20
78102,76.20
78117,76.20
78133,76.20
78149,73.66
78164,73.66
78180,76.20
78196,76.20
78212,76.20
78228,66.04
78243,40.64
78259,38.10
78275,35.56
78290,71.12
78306,76.20
78322,76.20
78338,76.20
78354,76.20
78369,76.20
78385,76.20
78401,76.20
78416,76.20
78432,76.20
78448,76.20
78464,76.20
78480,76.20
78495,76.20
78511,76.20
78527,76.20
78542,76.20
78559,76.20
78574,76.20
78589,76.20
78606,76.20
78621,76.20
78637,43.18
78653,38.10
78668,38.10
78685,40.64
78700,38.10
78715,38.10
78732,76.20
78747,106.68
78763,106.68
78779,109.22
78794,109.22
78811,109.22
78826,109.22
78842,109.22
78858,109.22
78873,109.22
78889,109.22
78905,109.22
78921,109.22
78937,45.72
78952,40.64
78968,38.10
78984,38.10
79000,38.10
79015,40.64
79031,38.10
79047,35.56
79063,35.56
79079,35.56
79094,35.56
79110,35.56
79126,35.56
79141,35.56
79157,35.56
79173,35.56
79188,35.56
79205,35.56
79220,38.10
79236,104.14
79252,109.22
79267,111.76
79284,111.76
79299,111.76
79314,111.76
79331,45.72
79346,38.10
79363,35.56
79378,73.66
79393,111.76
79410,114.30
79425,114.30
79441,114.30
79457,114.30
79473,114.30
79489,152.40
79504,160.02
79520,160.02
79536,162.56
79552,160.02
79567,160.02
79583,134.62
79599,129.54
79614,132.08
79631,50.80
79646,43.18
79662,40.64
79678,83.82
79693,116.84
79710,116.84
79725,116.84
79741,116.84
79757,119.38
79772,119.38
79789,114.30
79804,114.30
79820,83.82
79836,43.18
79851,38.10
79867,38.10
79883,38.10
79899,38.10
79915,38.10
79930,38.10
79946,38.10
79962,40.64
79977,38.10
79993,38.10
80009,38.10
80025,38.10
80040,38.10
80056,38.10
80072,38.10
80088,38.10
80103,38.10
80119,38.10
80135,38.10
80151,38.10
80166,35.56
80182,104.14
80198,109.22
80214,109.22
80230,40.64
80245,38.10
80261,38.10
80277,38.10
-1,-1
81293,111.76
81308,111.76
81325,45.72
81340,40.64
81355,40.64
81372,38.10
81387,35.56
81402,35.56
81419,76.20
81434,111.76
81451,111.76
81466,58.42
81481,40.64
81498,38.10
81513,40.64
81529,106.68
81545,111.76
81560,83.82
81576,27.94
81592,25.40
81608,22.86
81624,101.60
81639,111.76
81655,111.76
81671,111.76
81687,111.76
81702,111.76
81718,50.80
81734,38.10
81750,38.10
81766,40.64
81781,40.64
81797,40.64
81813,38.10
81828,38.10
81845,35.56
81860,35.56
81875,38.10
81892,35.56
81907,38.10
81923,38.10
81939,38.10
81954,38.10
81971,99.06
81986,114.30
82001,114.30
82018,114.30
82033,114.30
82050,114.30
82065,116.84
82080,116.84
82097,116.84
82112,63.50
82128,40.64
82144,40.64
82159,40.64
82176,111.76
82191,116.84
82207,114.30
82223,127.00
82238,127.00
82254,127.00
82270,119.38
82286,116.84
82301,116.84
82318,132.08
82333,157.48
82349,160.02
82365,127.00
82380,116.84
82397,116.84
82412,116.84
82428,114.30
82444,111.76
82459,111.76
82476,114.30
82491,111.76
82507,111.76
82523,111.76
82538,111.76
82554,101.60
82570,40.64
82586,38.10
82601,38.10
82617,38.10
82633,38.10
82649,38.10
82665,88.90
82680,109.22
82696,109.22
82712,50.80
82727,40.64
82744,38.10
82759,38.10
82775,35.56
82791,35.56
82806,35.56
82822,35.56
82838,35.56
82853,35.56
82870,104.14
82885,109.22
82900,109.22
82917,43.18
82932,38.10
82949,38.10
82964,93.98
82979,109.22
82996,109.22
83011,109.22
83027,109.22
83043,109.22
83058,109.22
83075,109.22
83090,109.22
83106,63.50
83122,38.10
83137,38.10
83153,35.56
83169,104.14
83185,109.22
83201,101.60
83217,43.18
83232,38.10
83248,38.10
83264,71.12
83279,76.20
83295,76.20
83311,76.20
83326,76.20
83343,76.20
83358,76.20
83374,76.20
83390,76.20
83405,76.20
83421,76.20
83437,76.20
83452,55.88
83469,40.64
83484,38.10
83500,38.10
83516,73.66
83531,76.20
83547,76.20
83563,76.20
83578,73.66
83595,73.66
83610,76.20
83625,76.20
83642,76.20
83657,76.20
83673,76.20
83689,76.20
83704,76.20
83721,76.20
83736,76.20
83751,76.20
83768,76.20
83783,76.20
83799,76.20
83815,76.20
83830,78.74
83847,76.20
83862,76.20
83877,76.20
83894,76.20
83909,78.74
83924,78.74
83941,78.74
83956,96.52
83973,106.68
-1,-1
84988,35.56
85004,91.44
85019,106.68
85036,109.22
85051,48.26
85067,40.64
85083,38.10
85098,66.04
85114,106.68
85130,106.68
85146,66.04
85161,40.64
85177,38.10
85193,35.56
85209,35.56
85224,35.56
85240,38.10
85256,38.10
85272,38.10
85287,38.10
85303,96.52
85319,106.68
85335,106.68
85351,111.76
85366,109.22
85382,109.22
85398,83.82
85413,78.74
85430,78.74
85445,76.20
85460,78.74
85477,78.74
85492,76.20
85508,76.20
85524,76.20
85539,76.20
85556,76.20
85571,76.20
85586,76.20
85603,76.20
85618,76.20
85634,76.20
85650,76.20
85665,78.74
85682,76.20
85697,45.72
85712,40.64
85729,40.64
85744,40.64
85761,40.64
85776,40.64
85791,40.64
85808,38.10
85823,38.10
85838,38.10
85855,38.10
85870,38.10
85886,38.10
85902,73.66
85917,76.20
85934,76.20
85949,43.18
85964,38.10
85981,38.10
85996,71.12
86012,86.36
86028,86.36
86043,48.26
86060,38.10
86075,35.56
86090,50.80
86107,106.68
86122,109.22
86138,109.22
86154,109.22
86170,109.22
86185,109.22
86201,109.22
86217,109.22
86233,109.22
86249,109.22
86264,109.22
86281,109.22
86296,109.22
86311,109.22
86328,109.22
86343,50.80
86360,38.10
86375,35.56
86390,35.56
86407,35.56
86422,38.10
86437,35.56
86454,35.56
86469,35.56
86486,35.56
86501,35.56
86516,35.56
86533,38.10
86548,35.56
86563,35.56
86580,35.56
86595,35.56
86611,35.56
86627,35.56
86642,78.74
86659,109.22
86674,109.22
86690,53.34
86706,38.10
86721,35.56
86737,48.26
86753,106.68
86769,111.76
86785,111.76
86800,111.76
86816,111.76
86832,111.76
86848,114.30
86863,111.76
86879,111.76
86895,111.76
86910,111.76
86927,111.76
86942,134.62
86959,157.48
86974,160.02
86989,142.24
87006,134.62
87021,134.62
87037,134.62
87053,132.08
87069,132.08
87085,132.08
87100,119.38
87116,119.38
87132,116.84
87148,114.30
87163,116.84
87179,116.84
87195,116.84
87211,116.84
87227,116.84
87242,116.84
87259,114.30
87274,114.30
87289,48.26
87306,40.64
87321,38.10
87337,71.12
87353,109.22
87368,111.76
87385,60.96
87400,38.10
87416,35.56
87432,38.10
87447,40.64
87463,40.64
87479,40.64
87494,38.10
87511,38.10
87526,38.10
87542,38.10
87558,38.10
87573,40.64
87589,38.10
87605,38.10
87620,38.10
87636,35.56
87652,35.56
87668,38.10
-1,-1
