14,111.76
30,111.76
46,111.76
61,111.76
77,111.76
93,114.30
108,114.30
123,114.30
140,114.30
155,114.30
171,114.30
187,114.30
202,114.30
218,114.30
234,114.30
249,114.30
265,114.30
281,114.30
296,111.76
312,111.76
328,111.76
344,114.30
360,114.30
375,114.30
391,114.30
407,116.84
422,114.30
438,114.30
454,111.76
470,111.76
485,116.84
501,114.30
517,114.30
532,114.30
548,114.30
564,116.84
579,114.30
595,114.30
611,114.30
626,114.30
643,114.30
658,114.30
673,114.30
690,81.28
705,78.74
720,81.28
736,78.74
752,78.74
768,81.28
783,78.74
799,78.74
815,78.74
830,78.74
845,78.74
862,78.74
877,78.74
892,127.00
909,127.00
924,129.54
940,78.74
956,78.74
971,78.74
987,76.20
1002,76.20
1018,76.20
1034,76.20
1049,76.20
1065,76.20
1081,78.74
1096,78.74
1113,78.74
1128,78.74
1143,78.74
1160,81.28
1175,78.74
1190,111.76
1207,111.76
1222,111.76
1238,111.76
1254,111.76
1269,111.76
1286,111.76
1301,111.76
1316,111.76
1333,111.76
1348,111.76
1363,111.76
1380,111.76
1395,111.76
1412,111.76
1427,114.30
1442,111.76
1459,111.76
1474,111.76
1490,111.76
1506,111.76
1521,111.76
1538,111.76
1553,111.76
1568,111.76
1585,111.76
1600,111.76
1616,111.76
1632,111.76
1647,111.76
1664,111.76
1679,111.76
1694,111.76
1711,111.76
1726,111.76
1742,114.30
1758,111.76
1773,111.76
1789,111.76
1805,111.76
1820,111.76
1837,111.76
1852,111.76
1868,114.30
1884,111.76
1899,111.76
1915,111.76
1931,111.76
1946,111.76
1963,111.76
1978,111.76
1994,111.76
2010,111.76
2025,114.30
2041,111.76
2057,111.76
2072,116.84
2088,154.94
2104,157.48
2120,154.94
2136,157.48
2151,157.48
2167,157.48
2183,127.00
2198,127.00
2214,127.00
2230,127.00
2246,127.00
2262,127.00
2277,129.54
2293,129.54
2309,132.08
2324,127.00
2340,124.46
2356,124.46
2372,116.84
2387,111.76
2403,111.76
2419,111.76
2435,111.76
2450,111.76
2466,114.30
2482,111.76
2498,111.76
2513,111.76
2529,111.76
2545,111.76
2561,109.22
2576,109.22
2592,109.22
2608,109.22
2624,109.22
2639,109.22
2655,109.22
2671,109.22
2686,111.76
-1,-1
3702,109.22
3718,109.22
3734,109.22
3749,109.22
3766,109.22
3781,109.22
3796,109.22
3813,109.22
3828,109.22
3844,109.22
3860,109.22
3875,109.22
3892,111.76
3907,109.22
3922,109.22
3939,109.22
3954,109.22
3971,109.22
3986,109.22
4001,109.22
4018,109.22
4033,111.76
4048,111.76
4065,109.22
4080,111.76
4097,109.22
4112,111.76
4127,109.22
4144,109.22
4159,111.76
4174,111.76
4191,111.76
4206,111.76
4222,111.76
4238,111.76
4253,111.76
4270,111.76
4285,111.76
4300,111.76
4317,127.00
4332,127.00
4348,127.00
4364,127.00
4379,129.54
4396,127.00
4411,127.00
4426,127.00
4443,127.00
4458,127.00
4474,127.00
4490,127.00
4505,127.00
4521,154.94
4537,157.48
4552,157.48
4569,157.48
4584,160.02
4600,157.48
4616,116.84
4631,114.30
4647,116.84
4663,114.30
4678,114.30
4695,114.30
4710,114.30
4726,111.76
4742,111.76
4757,111.76
4773,114.30
4789,111.76
4804,111.76
4820,111.76
4836,111.76
4852,111.76
4868,111.76
4883,111.76
4899,111.76
4915,111.76
4930,111.76
4946,111.76
4962,111.76
4978,111.76
4994,111.76
5009,111.76
5025,109.22
5041,109.22
5056,114.30
5072,111.76
5088,111.76
5104,111.76
5120,111.76
5135,114.30
5151,111.76
5167,111.76
5182,111.76
5198,111.76
5214,114.30
5230,114.30
5245,111.76
5261,111.76
5277,111.76
5293,111.76
5308,111.76
5324,111.76
5340,111.76
5356,111.76
5371,111.76
5387,111.76
5403,116.84
5419,114.30
5434,116.84
5450,114.30
5466,111.76
5482,111.76
5497,96.52
5513,81.28
5529,78.74
5544,78.74
5560,78.74
5576,78.74
5592,81.28
5607,76.20
5623,76.20
5639,76.20
5654,78.74
5670,78.74
5686,78.74
5701,78.74
5718,76.20
5733,78.74
5748,76.20
5765,76.20
5780,76.20
5795,78.74
5812,139.70
5827,142.24
5842,132.08
5859,78.74
5874,76.20
5890,78.74
5906,139.70
5921,162.56
5938,162.56
5953,132.08
5968,127.00
5985,127.00
6000,116.84
6016,114.30
6032,114.30
6047,114.30
6063,116.84
6079,116.84
6094,114.30
6111,116.84
6126,114.30
6141,114.30
6158,111.76
6173,111.76
6190,111.76
6205,114.30
6220,114.30
6237,114.30
6252,114.30
6267,114.30
6284,114.30
6299,111.76
6316,111.76
6331,111.76
6346,114.30
6363,114.30
6378,114.30
-1,-1
7394,116.84
7409,114.30
7426,114.30
7441,114.30
7457,114.30
7473,114.30
7488,114.30
7504,114.30
7520,114.30
7535,116.84
7552,114.30
7567,114.30
7583,114.30
7599,114.30
7614,114.30
7630,114.30
7646,114.30
7661,114.30
7677,114.30
7693,114.30
7709,111.76
7725,111.76
7740,111.76
7756,111.76
7772,111.76
7787,114.30
7803,114.30
7819,114.30
7835,114.30
7851,114.30
7866,114.30
7882,114.30
7898,114.30
7913,114.30
7929,114.30
7945,114.30
7961,114.30
7976,114.30
7992,116.84
8008,116.84
8024,116.84
8039,81.28
8055,81.28
8071,81.28
8086,78.74
8102,78.74
8118,81.28
8133,78.74
8150,78.74
8165,78.74
8180,78.74
8197,78.74
8212,78.74
8227,78.74
8244,78.74
8259,78.74
8274,78.74
8291,76.20
8306,76.20
8322,78.74
8338,78.74
8353,76.20
8369,76.20
8385,78.74
8400,78.74
8416,78.74
8432,78.74
8448,78.74
8463,78.74
8479,78.74
8495,78.74
8510,78.74
8526,78.74
8542,78.74
8557,78.74
8573,78.74
8589,78.74
8604,78.74
8621,78.74
8636,109.22
8652,111.76
8668,111.76
8683,111.76
8699,111.76
8715,111.76
8730,111.76
8747,111.76
8762,114.30
8778,111.76
8794,111.76
8809,111.76
8825,111.76
8841,111.76
8856,111.76
8872,111.76
8888,109.22
8904,109.22
8920,109.22
8935,109.22
8951,109.22
8967,109.22
8982,109.22
8998,109.22
9014,109.22
9030,109.22
9046,109.22
9061,111.76
9077,111.76
9093,111.76
9108,111.76
9124,111.76
9140,109.22
9156,111.76
9171,111.76
9187,111.76
9203,111.76
9219,111.76
9234,111.76
9250,111.76
9266,111.76
9282,111.76
9297,111.76
9313,114.30
9329,111.76
9345,111.76
9361,111.76
9376,114.30
9392,111.76
9408,111.76
9423,111.76
9439,114.30
9455,111.76
9470,111.76
9487,154.94
9502,157.48
9518,157.48
9534,157.48
9549,157.48
9565,154.94
9581,127.00
9596,127.00
9613,127.00
9628,127.00
9644,127.00
9660,127.00
9675,129.54
9691,127.00
9707,127.00
9722,127.00
9739,129.54
9754,127.00
9769,127.00
9786,124.46
9801,124.46
9817,124.46
9833,111.76
9848,114.30
9865,111.76
9880,111.76
9895,111.76
9912,111.76
9927,111.76
9943,111.76
9959,111.76
9974,111.76
9991,111.76
10006,111.76
10021,109.22
10038,109.22
10053,109.22
10070,109.22
-1,-1
11085,109.22
11101,109.22
11117,109.22
11132,109.22
11148,109.22
11164,109.22
11180,109.22
11196,109.22
11211,109.22
11227,109.22
11243,109.22
11258,109.22
11275,109.22
11290,109.22
11307,109.22
11322,111.76
11337,111.76
11354,109.22
11369,111.76
11385,111.76
11401,111.76
11417,109.22
11432,109.22
11448,109.22
11464,111.76
11480,111.76
11496,111.76
11511,111.76
11527,111.76
11543,114.30
11558,114.30
11575,111.76
11590,111.76
11607,111.76
11622,111.76
11637,111.76
11654,114.30
11669,124.46
11685,124.46
11701,124.46
11717,124.46
11732,124.46
11748,124.46
11764,127.00
11780,127.00
11796,127.00
11811,124.46
11827,124.46
11843,127.00
11858,127.00
11875,127.00
11890,127.00
11907,127.00
11922,157.48
11937,157.48
11954,149.86
11969,114.30
11985,111.76
12001,114.30
12016,111.76
12033,111.76
12048,111.76
12064,111.76
12080,111.76
12096,111.76
12111,111.76
12127,111.76
12143,111.76
12158,111.76
12175,111.76
12190,111.76
12207,111.76
12222,111.76
12237,111.76
12254,111.76
12269,111.76
12285,111.76
12301,114.30
12316,111.76
12333,111.76
12348,111.76
12364,111.76
12380,111.76
12396,111.76
12411,111.76
12427,111.76
12443,111.76
12459,111.76
12475,111.76
12490,111.76
12507,111.76
12522,109.22
12537,111.76
12554,111.76
12569,111.76
12585,111.76
12601,111.76
12616,111.76
12633,111.76
12648,111.76
12664,111.76
12680,111.76
12696,111.76
12711,111.76
12727,111.76
12743,111.76
12759,111.76
12775,111.76
12790,111.76
12807,111.76
12822,111.76
12837,111.76
12854,86.36
12869,78.74
12886,78.74
12901,81.28
12916,78.74
12933,81.28
12948,78.74
12963,78.74
12980,78.74
12995,78.74
13011,78.74
13027,78.74
13042,81.28
13059,76.20
13074,76.20
13089,76.20
13106,76.20
13121,76.20
13137,76.20
13153,76.20
13168,76.20
13185,76.20
13200,76.20
13215,76.20
13232,76.20
13247,76.20
13263,76.20
13279,76.20
13294,78.74
13310,78.74
13326,78.74
13341,78.74
13358,78.74
13373,78.74
13389,78.74
13405,111.76
13420,114.30
13436,114.30
13452,114.30
13468,114.30
13484,114.30
13499,114.30
13515,114.30
13531,114.30
13547,116.84
13562,114.30
13579,116.84
13594,114.30
13609,116.84
13626,114.30
13641,116.84
13658,114.30
13673,114.30
13688,114.30
13705,114.30
13720,114.30
13736,114.30
13752,114.30
13768,114.30
-1,-1
14784,114.30
14799,114.30
14815,114.30
14831,114.30
14846,114.30
14863,114.30
14878,114.30
14895,114.30
14910,114.30
14925,114.30
14942,114.30
14957,114.30
14973,114.30
14989,114.30
15005,114.30
15021,114.30
15036,114.30
15052,114.30
15068,116.84
15084,116.84
15099,114.30
15115,114.30
15131,114.30
15147,114.30
15163,114.30
15178,114.30
15195,111.76
15210,111.76
15225,111.76
15242,114.30
15257,111.76
15273,111.76
15289,116.84
15305,114.30
15321,114.30
15336,114.30
15352,114.30
15368,114.30
15384,116.84
15399,114.30
15415,114.30
15431,93.98
15447,81.28
15463,81.28
15478,81.28
15494,78.74
15510,78.74
15525,78.74
15542,78.74
15557,78.74
15572,78.74
15589,76.20
15604,76.20
15620,76.20
15636,76.20
15651,76.20
15668,76.20
15683,76.20
15698,76.20
15715,76.20
15730,76.20
15746,76.20
15762,76.20
15777,76.20
15794,76.20
15809,76.20
15824,78.74
15841,78.74
15856,78.74
15872,78.74
15888,109.22
15903,114.30
15920,114.30
15935,111.76
15950,111.76
15967,111.76
15982,111.76
15998,111.76
16014,111.76
16030,111.76
16046,111.76
16061,111.76
16077,111.76
16093,111.76
16109,111.76
16124,111.76
16141,111.76
16156,111.76
16172,111.76
16188,111.76
16203,111.76
16220,111.76
16235,111.76
16250,111.76
16267,111.76
16282,111.76
16299,111.76
16314,111.76
16330,111.76
16346,111.76
16361,109.22
16377,109.22
16393,109.22
16409,111.76
16424,111.76
16441,111.76
16456,111.76
16472,111.76
16488,111.76
16503,111.76
16520,111.76
16535,111.76
16550,114.30
16567,114.30
16582,111.76
16599,111.76
16614,111.76
16630,114.30
16646,111.76
16661,111.76
16677,111.76
16693,111.76
16709,111.76
16724,111.76
16741,111.76
16756,111.76
16772,114.30
16788,114.30
16803,111.76
16820,111.76
16835,111.76
16850,111.76
16867,111.76
16882,114.30
16899,114.30
16914,114.30
16930,127.00
16946,127.00
16961,127.00
16977,124.46
16993,124.46
17009,124.46
17025,127.00
17040,127.00
17056,127.00
17072,127.00
17088,127.00
17103,127.00
17120,127.00
17135,127.00
17150,127.00
17167,129.54
17182,114.30
17199,114.30
17214,116.84
17229,114.30
17246,114.30
17261,111.76
17277,111.76
17293,111.76
17309,111.76
17325,109.22
17340,111.76
17356,109.22
17372,109.22
17388,111.76
17403,109.22
17420,111.76
17435,111.76
17451,114.30
17467,111.76
-1,-1
18483,109.22
18498,109.22
18514,109.22
18530,109.22
18545,109.22
18562,109.22
18577,109.22
18593,111.76
18609,111.76
18625,109.22
18640,109.22
18656,109.22
18672,111.76
18688,111.76
18704,109.22
18719,109.22
18736,109.22
18751,111.76
18766,109.22
18783,109.22
18798,109.22
18814,111.76
18830,111.76
18845,109.22
18862,111.76
18877,111.76
18893,114.30
18909,114.30
18925,111.76
18940,111.76
18956,111.76
18972,111.76
18988,111.76
19004,111.76
19019,114.30
19036,116.84
19051,114.30
19066,124.46
19083,124.46
19098,124.46
19115,124.46
19130,124.46
19145,124.46
19162,127.00
19177,127.00
19193,127.00
19209,127.00
19225,127.00
19240,127.00
19256,127.00
19272,127.00
19288,127.00
19304,124.46
19319,114.30
19335,114.30
19351,116.84
19366,114.30
19383,114.30
19398,114.30
19415,114.30
19430,114.30
19445,111.76
19462,111.76
19477,111.76
19493,111.76
19509,111.76
19524,111.76
19540,111.76
19556,111.76
19572,111.76
19588,111.76
19604,111.76
19619,111.76
19635,111.76
19651,111.76
19666,111.76
19683,111.76
19698,111.76
19715,111.76
19730,111.76
19745,111.76
19762,111.76
19777,111.76
19793,111.76
19809,111.76
19824,111.76
19841,111.76
19856,111.76
19872,111.76
19888,111.76
19904,111.76
19919,111.76
19935,114.30
19951,114.30
19966,111.76
19983,111.76
19998,111.76
20015,114.30
20030,114.30
20045,114.30
20062,111.76
20077,111.76
20093,114.30
20109,111.76
20124,111.76
20141,111.76
20156,111.76
20172,111.76
20188,111.76
20204,114.30
20219,114.30
20235,114.30
20251,88.90
20267,78.74
20283,78.74
20298,83.82
20314,114.30
20330,114.30
20345,114.30
20362,129.54
20377,129.54
20392,129.54
20409,127.00
20424,127.00
20441,127.00
20456,127.00
20472,129.54
20488,129.54
20503,83.82
20519,81.28
20535,81.28
20551,81.28
20567,78.74
20582,78.74
20598,78.74
20614,78.74
20629,78.74
20645,78.74
20661,78.74
20677,78.74
20692,78.74
20708,111.76
20724,114.30
20740,114.30
20756,114.30
20771,114.30
20787,114.30
20803,114.30
20818,114.30
20835,114.30
20850,111.76
20866,114.30
20882,111.76
20897,111.76
20914,111.76
20929,111.76
20945,111.76
20961,111.76
20976,111.76
20993,114.30
21008,111.76
21024,111.76
21040,111.76
21056,114.30
21071,114.30
21087,114.30
21103,114.30
21118,114.30
21135,114.30
21150,114.30
21166,114.30
-1,-1
22182,111.76
22198,111.76
22213,111.76
22230,111.76
22245,114.30
22261,114.30
22277,114.30
22292,114.30
22308,114.30
22324,114.30
22340,114.30
22355,111.76
22372,111.76
22387,111.76
22403,111.76
22419,111.76
22434,114.30
22451,111.76
22466,114.30
22482,114.30
22498,114.30
22513,114.30
22530,114.30
22545,111.76
22561,111.76
22577,111.76
22592,114.30
22608,114.30
22624,114.30
22640,114.30
22656,114.30
22672,114.30
22687,114.30
22703,114.30
22719,114.30
22734,116.84
22751,114.30
22766,114.30
22781,91.44
22798,78.74
22813,78.74
22830,78.74
22845,78.74
22860,78.74
22877,81.28
22892,78.74
22907,78.74
22924,78.74
22939,78.74
22956,78.74
22971,78.74
22986,76.20
23003,76.20
23018,78.74
23034,76.20
23050,78.74
23065,78.74
23081,76.20
23097,76.20
23112,76.20
23129,76.20
23144,76.20
23160,76.20
23176,76.20
23191,76.20
23207,76.20
23223,76.20
23238,78.74
23255,78.74
23270,78.74
23286,78.74
23302,78.74
23317,78.74
23333,101.60
23349,111.76
23364,111.76
23380,111.76
23396,111.76
23412,111.76
23428,111.76
23444,111.76
23459,111.76
23475,111.76
23491,111.76
23506,111.76
23523,111.76
23538,111.76
23555,111.76
23570,111.76
23585,111.76
23602,111.76
23617,111.76
23633,109.22
23649,109.22
23664,109.22
23681,111.76
23696,114.30
23712,111.76
23728,111.76
23744,111.76
23759,111.76
23775,111.76
23791,109.22
23806,109.22
23823,109.22
23838,109.22
23855,109.22
23870,109.22
23885,111.76
23902,111.76
23917,111.76
23933,111.76
23949,111.76
23964,111.76
23981,111.76
23996,111.76
24012,111.76
24028,111.76
24044,111.76
24059,111.76
24075,114.30
24091,111.76
24107,111.76
24123,111.76
24138,111.76
24155,111.76
24170,111.76
24185,111.76
24202,114.30
24217,114.30
24233,114.30
24249,114.30
24264,114.30
24281,139.70
24296,157.48
24312,157.48
24328,121.92
24344,114.30
24359,114.30
24375,127.00
24391,129.54
24407,129.54
24423,129.54
24438,127.00
24455,127.00
24470,127.00
24485,127.00
24502,127.00
24517,127.00
24534,124.46
24549,124.46
24564,124.46
24581,114.30
24596,114.30
24612,111.76
24628,111.76
24644,111.76
24659,111.76
24675,111.76
24691,111.76
24707,111.76
24723,111.76
24738,111.76
24754,109.22
24770,109.22
24785,109.22
24802,109.22
24817,111.76
24834,109.22
24849,109.22
24864,111.76
-1,-1
25880,109.22
25896,109.22
25912,109.22
25928,109.22
25944,109.22
25960,109.22
25975,109.22
25991,109.22
26007,109.22
26022,109.22
26039,109.22
26054,111.76
26071,109.22
26086,109.22
26101,109.22
26118,109.22
26133,109.22
26149,109.22
26165,109.22
26180,109.22
26196,109.22
26212,109.22
26228,109.22
26244,109.22
26260,111.76
26275,111.76
26291,111.76
26307,111.76
26322,111.76
26339,111.76
26354,111.76
26370,111.76
26386,111.76
26401,111.76
26418,111.76
26433,111.76
26449,111.76
26465,121.92
26480,124.46
26497,124.46
26512,124.46
26528,124.46
26544,124.46
26560,127.00
26575,127.00
26591,127.00
26607,129.54
26622,129.54
26639,129.54
26654,124.46
26670,116.84
26686,114.30
26701,114.30
26718,111.76
26733,111.76
26749,111.76
26765,114.30
26780,114.30
26797,111.76
26812,111.76
26828,111.76
26844,111.76
26860,111.76
26875,111.76
26891,111.76
26907,111.76
26923,111.76
26939,111.76
26954,111.76
26970,111.76
26986,114.30
27001,111.76
27018,111.76
27033,111.76
27049,111.76
27065,111.76
27080,111.76
27097,111.76
27112,109.22
27128,109.22
27144,109.22
27160,109.22
27175,109.22
27191,109.22
27207,111.76
27223,111.76
27239,111.76
27254,111.76
27270,111.76
27286,111.76
27301,111.76
27318,111.76
27333,111.76
27350,114.30
27365,111.76
27380,114.30
27397,111.76
27412,111.76
27428,111.76
27444,111.76
27460,114.30
27475,111.76
27491,114.30
27507,111.76
27523,111.76
27539,111.76
27554,111.76
27570,111.76
27586,114.30
27601,111.76
27618,111.76
27633,111.76
27650,114.30
27665,114.30
27680,116.84
27697,114.30
27712,129.54
27728,129.54
27744,124.46
27760,81.28
27776,81.28
27791,81.28
27807,78.74
27823,81.28
27838,78.74
27854,76.20
27870,76.20
27886,76.20
27901,76.20
27917,76.20
27933,76.20
27949,78.74
27964,78.74
27980,78.74
27996,78.74
28012,78.74
28027,78.74
28043,78.74
28059,114.30
28075,116.84
28091,116.84
28106,116.84
28122,116.84
28138,116.84
28153,81.28
28170,78.74
28185,78.74
28200,106.68
28217,114.30
28232,114.30
28249,114.30
28264,114.30
28279,114.30
28296,114.30
28311,114.30
28327,114.30
28343,114.30
28359,114.30
28375,114.30
28390,114.30
28406,114.30
28422,114.30
28438,114.30
28453,114.30
28469,114.30
28485,114.30
28500,114.30
28517,114.30
28532,114.30
28549,111.76
28564,111.76
-1,-1
29580,114.30
29595,114.30
29612,114.30
29627,114.30
29643,116.84
29659,114.30
29675,114.30
29690,114.30
29706,114.30
29722,116.84
29737,114.30
29754,114.30
29769,114.30
29785,114.30
29801,114.30
29816,114.30
29833,114.30
29848,111.76
29864,111.76
29880,111.76
29895,114.30
29912,114.30
29927,114.30
29943,114.30
29959,114.30
29975,114.30
29990,111.76
30006,111.76
30022,111.76
30038,114.30
30054,114.30
30069,114.30
30085,114.30
30101,114.30
30116,114.30
30133,114.30
30148,114.30
30164,114.30
30180,114.30
30195,114.30
30212,114.30
30227,109.22
30243,78.74
30259,81.28
30274,81.28
30290,111.76
30306,114.30
30322,114.30
30338,127.00
30353,129.54
30369,129.54
30385,129.54
30401,129.54
30416,129.54
30433,88.90
30448,76.20
30464,76.20
30480,76.20
30495,78.74
30511,76.20
30527,78.74
30542,78.74
30559,78.74
30574,78.74
30589,124.46
30606,127.00
30621,127.00
30638,127.00
30653,127.00
30668,127.00
30685,83.82
30700,81.28
30716,78.74
30732,99.06
30747,114.30
30764,114.30
30779,111.76
30795,111.76
30811,111.76
30826,114.30
30842,111.76
30858,111.76
30874,111.76
30889,111.76
30906,111.76
30921,111.76
30937,111.76
30953,111.76
30968,111.76
30985,111.76
31000,111.76
31016,111.76
31032,111.76
31047,111.76
31064,111.76
31079,111.76
31095,111.76
31111,111.76
31126,111.76
31142,111.76
31158,111.76
31174,111.76
31190,111.76
31206,114.30
31221,111.76
31237,111.76
31253,111.76
31268,114.30
31285,111.76
31300,111.76
31316,111.76
31332,114.30
31347,111.76
31364,114.30
31379,111.76
31395,111.76
31411,111.76
31426,111.76
31442,111.76
31458,111.76
31474,114.30
31490,114.30
31506,111.76
31521,111.76
31537,111.76
31553,111.76
31568,114.30
31585,111.76
31600,111.76
31616,111.76
31632,116.84
31647,116.84
31664,116.84
31679,139.70
31695,157.48
31711,160.02
31726,134.62
31742,127.00
31758,127.00
31774,124.46
31790,124.46
31806,124.46
31821,127.00
31837,127.00
31853,127.00
31868,127.00
31885,124.46
31900,124.46
31916,127.00
31932,124.46
31947,127.00
31964,124.46
31979,114.30
31995,111.76
32011,111.76
32026,111.76
32043,111.76
32058,111.76
32074,111.76
32090,111.76
32106,111.76
32121,111.76
32137,111.76
32153,111.76
32168,111.76
32185,109.22
32200,109.22
32216,109.22
32232,109.22
32247,111.76
32264,109.22
-1,-1
33280,109.22
33295,109.22
33311,109.22
33327,109.22
33342,109.22
33358,109.22
33374,111.76
33390,109.22
33405,109.22
33422,109.22
33437,109.22
33453,109.22
33469,109.22
33484,109.22
33501,109.22
33516,109.22
33532,109.22
33548,111.76
33563,109.22
33580,109.22
33595,109.22
33611,109.22
33627,109.22
33642,109.22
33658,111.76
33674,111.76
33690,111.76
33705,111.76
33722,114.30
33737,111.76
33753,111.76
33769,114.30
33784,111.76
33801,111.76
33816,111.76
33832,111.76
33848,111.76
33863,124.46
33880,124.46
33895,124.46
33911,124.46
33927,124.46
33942,124.46
33958,129.54
33974,129.54
33990,129.54
34006,129.54
34022,124.46
34037,124.46
34053,124.46
34069,129.54
34084,127.00
34101,127.00
34116,111.76
34131,111.76
34148,111.76
34163,111.76
34180,111.76
34195,111.76
34211,114.30
34227,111.76
34242,111.76
34258,111.76
34274,111.76
34290,111.76
34306,111.76
34322,111.76
34337,111.76
34353,111.76
34369,111.76
34384,111.76
34401,111.76
34416,111.76
34432,111.76
34448,111.76
34463,111.76
34480,111.76
34495,111.76
34511,114.30
34527,111.76
34542,111.76
34558,111.76
34574,109.22
34590,111.76
34606,109.22
34622,109.22
34637,111.76
34653,111.76
34669,111.76
34684,111.76
34701,111.76
34716,111.76
34733,114.30
34748,111.76
34763,111.76
34780,111.76
34795,114.30
34811,111.76
34827,114.30
34842,114.30
34859,111.76
34874,114.30
34890,114.30
34906,111.76
34922,111.76
34937,111.76
34953,114.30
34969,111.76
34984,111.76
35001,111.76
35016,111.76
35033,111.76
35048,114.30
35063,114.30
35080,114.30
35095,114.30
35111,127.00
35127,127.00
35142,127.00
35159,127.00
35174,127.00
35190,127.00
35206,129.54
35222,129.54
35237,129.54
35253,129.54
35269,129.54
35284,129.54
35301,86.36
35316,76.20
35332,78.74
35348,78.74
35363,78.74
35380,78.74
35395,78.74
35410,76.20
35427,76.20
35442,76.20
35458,76.20
35474,78.74
35489,76.20
35506,78.74
35521,78.74
35536,81.28
35553,106.68
35568,114.30
35584,114.30
35600,114.30
35615,114.30
35632,114.30
35647,114.30
35663,114.30
35679,114.30
35694,114.30
35710,114.30
35726,114.30
35742,114.30
35758,114.30
35774,114.30
35789,114.30
35805,114.30
35821,114.30
35836,114.30
35853,114.30
35868,114.30
35884,114.30
35900,111.76
35915,114.30
35932,114.30
35947,114.30
35963,114.30
-1,-1
36979,114.30
36995,114.30
37010,114.30
37026,114.30
37042,114.30
37058,114.30
37073,114.30
37090,114.30
37105,114.30
37121,114.30
37137,114.30
37152,114.30
37169,114.30
37184,114.30
37200,114.30
37216,114.30
37231,114.30
37248,114.30
37263,114.30
37279,116.84
37295,114.30
37310,114.30
37326,114.30
37342,114.30
37358,116.84
37373,116.84
37390,114.30
37405,114.30
37421,114.30
37437,116.84
37452,116.84
37469,116.84
37484,114.30
37500,114.30
37516,114.30
37531,114.30
37548,114.30
37563,114.30
37579,114.30
37595,114.30
37610,114.30
37626,114.30
37642,114.30
37658,114.30
37673,114.30
37690,81.28
37705,81.28
37721,78.74
37737,78.74
37752,78.74
37768,78.74
37784,78.74
37799,78.74
37816,78.74
37831,78.74
37847,76.20
37863,76.20
37878,76.20
37894,76.20
37910,76.20
37925,78.74
37942,78.74
37957,78.74
37972,78.74
37989,121.92
38004,127.00
38021,127.00
38036,127.00
38051,127.00
38068,127.00
38083,83.82
38099,78.74
38115,81.28
38130,78.74
38147,78.74
38162,78.74
38178,86.36
38194,111.76
38209,111.76
38225,111.76
38241,111.76
38257,111.76
38273,111.76
38288,111.76
38304,114.30
38320,111.76
38336,111.76
38351,111.76
38368,111.76
38383,109.22
38398,109.22
38415,109.22
38430,111.76
38447,111.76
38462,111.76
38477,111.76
38494,109.22
38509,109.22
38525,111.76
38541,111.76
38557,111.76
38573,111.76
38588,111.76
38604,111.76
38620,111.76
38636,111.76
38651,109.22
38668,109.22
38683,111.76
38699,111.76
38715,114.30
38730,114.30
38747,111.76
38762,111.76
38777,111.76
38794,111.76
38809,111.76
38825,111.76
38841,111.76
38857,111.76
38873,111.76
38888,111.76
38904,111.76
38920,111.76
38936,111.76
38951,111.76
38968,111.76
38983,111.76
38999,111.76
39015,111.76
39030,139.70
39047,154.94
39062,157.48
39077,121.92
39094,114.30
39109,114.30
39126,124.46
39141,127.00
39157,127.00
39173,129.54
39188,129.54
39204,129.54
39220,129.54
39236,124.46
39251,124.46
39268,124.46
39283,124.46
39299,124.46
39315,124.46
39330,127.00
39347,127.00
39362,127.00
39377,114.30
39394,111.76
39409,114.30
39426,111.76
39441,111.76
39457,111.76
39473,111.76
39488,111.76
39504,111.76
39520,114.30
39536,111.76
39552,111.76
39567,111.76
39583,111.76
39599,114.30
39615,111.76
39630,111.76
39647,111.76
39662,111.76
-1,-1
40678,109.22
40693,109.22
40710,109.22
40725,109.22
40741,109.22
40757,109.22
40773,109.22
40788,109.22
40804,111.76
40820,109.22
40836,109.22
40852,109.22
40867,109.22
40884,109.22
40899,109.22
40914,109.22
40931,109.22
40946,109.22
40963,109.22
40978,109.22
40994,109.22
41010,111.76
41025,111.76
41041,111.76
41057,111.76
41073,111.76
41089,111.76
41104,111.76
41120,111.76
41136,111.76
41152,111.76
41167,111.76
41184,111.76
41199,111.76
41214,111.76
41231,111.76
41246,111.76
41263,111.76
41278,114.30
41294,111.76
41310,121.92
41325,124.46
41341,124.46
41357,127.00
41373,127.00
41389,127.00
41404,127.00
41420,157.48
41436,157.48
41452,157.48
41467,157.48
41484,157.48
41499,157.48
41515,116.84
41531,114.30
41546,114.30
41563,149.86
41578,160.02
41593,157.48
41610,124.46
41625,114.30
41641,114.30
41657,114.30
41673,111.76
41689,111.76
41704,111.76
41720,114.30
41736,111.76
41752,111.76
41767,111.76
41784,111.76
41799,114.30
41815,111.76
41831,111.76
41846,111.76
41863,111.76
41878,111.76
41893,111.76
41910,111.76
41925,111.76
41942,111.76
41957,111.76
41973,111.76
41989,111.76
42004,111.76
42020,111.76
42036,111.76
42052,111.76
42067,111.76
42083,111.76
42099,111.76
42115,111.76
42131,111.76
42146,111.76
42163,111.76
42178,111.76
42193,111.76
42210,111.76
42225,111.76
42242,111.76
42257,116.84
42273,116.84
42289,116.84
42304,114.30
42320,114.30
42336,114.30
42352,114.30
42368,111.76
42383,111.76
42399,111.76
42415,111.76
42431,111.76
42446,114.30
42463,119.38
42478,116.84
42493,116.84
42510,114.30
42525,114.30
42542,114.30
42557,127.00
42573,127.00
42589,127.00
42604,83.82
42620,81.28
42636,81.28
42651,78.74
42668,76.20
42683,76.20
42699,76.20
42715,76.20
42730,76.20
42746,78.74
42762,78.74
42777,78.74
42793,78.74
42809,78.74
42825,81.28
42841,81.28
42856,114.30
42872,116.84
42888,116.84
42904,81.28
42919,78.74
42935,81.28
42951,78.74
42967,78.74
42983,78.74
42998,96.52
43014,114.30
43030,114.30
43045,114.30
43062,114.30
43077,114.30
43092,114.30
43109,114.30
43124,114.30
43141,114.30
43156,114.30
43171,114.30
43188,114.30
43203,114.30
43219,114.30
43235,114.30
43251,114.30
43267,114.30
43282,114.30
43298,114.30
43314,114.30
43330,114.30
43345,114.30
43362,116.84
-1,-1
44378,114.30
44393,114.30
44408,114.30
44425,114.30
44440,114.30
44456,114.30
44472,114.30
44488,116.84
44504,116.84
44519,114.30
44535,114.30
44551,114.30
44567,116.84
44582,114.30
44598,114.30
44614,114.30
44630,114.30
44646,111.76
44661,111.76
44678,111.76
44693,111.76
44708,111.76
44725,111.76
44740,114.30
44756,114.30
44772,116.84
44788,111.76
44804,111.76
44819,111.76
44835,114.30
44851,114.30
44867,114.30
44882,114.30
44898,114.30
44914,114.30
44930,116.84
44946,114.30
44961,114.30
44978,114.30
44993,114.30
45008,116.84
45025,116.84
45040,81.28
45057,78.74
45072,78.74
45087,78.74
45104,81.28
45119,78.74
45134,78.74
45151,78.74
45166,78.74
45182,78.74
45198,78.74
45213,78.74
45230,81.28
45245,78.74
45261,78.74
45277,78.74
45292,76.20
45308,76.20
45324,76.20
45339,78.74
45356,78.74
45371,78.74
45387,121.92
45403,127.00
45418,127.00
45434,127.00
45450,127.00
45466,127.00
45481,86.36
45497,78.74
45513,78.74
45529,96.52
45545,129.54
45560,129.54
45576,124.46
45592,111.76
45607,111.76
45624,111.76
45639,111.76
45655,111.76
45671,111.76
45686,114.30
45703,111.76
45718,111.76
45734,111.76
45750,111.76
45765,111.76
45782,111.76
45797,111.76
45813,111.76
45829,111.76
45845,111.76
45860,111.76
45876,114.30
45892,111.76
45907,111.76
45924,111.76
45939,111.76
45955,111.76
45971,111.76
45986,114.30
46003,111.76
46018,111.76
46034,111.76
46050,111.76
46065,111.76
46082,111.76
46097,111.76
46113,111.76
46129,111.76
46145,111.76
46160,111.76
46176,111.76
46192,111.76
46208,111.76
46224,111.76
46239,111.76
46255,111.76
46271,111.76
46286,114.30
46303,111.76
46318,114.30
46334,111.76
46350,114.30
46365,111.76
46382,111.76
46397,111.76
46413,111.76
46429,124.46
46445,127.00
46460,127.00
46476,116.84
46492,114.30
46508,114.30
46524,119.38
46539,154.94
46555,154.94
46571,154.94
46586,160.02
46603,160.02
46618,157.48
46635,124.46
46650,127.00
46665,127.00
46682,129.54
46697,129.54
46713,129.54
46729,127.00
46744,127.00
46760,127.00
46776,114.30
46792,111.76
46808,114.30
46824,111.76
46839,111.76
46855,111.76
46871,111.76
46886,114.30
46903,111.76
46918,111.76
46934,111.76
46950,111.76
46965,111.76
46982,111.76
46997,111.76
47013,111.76
47029,109.22
47044,109.22
47060,109.22
-1,-1
48076,109.22
48092,109.22
48108,109.22
48123,109.22
48140,109.22
48155,109.22
48171,109.22
48187,109.22
48202,109.22
48219,109.22
48234,109.22
48250,111.76
48266,111.76
48281,109.22
48297,109.22
48313,109.22
48329,111.76
48345,109.22
48361,111.76
48376,111.76
48392,111.76
48408,111.76
48423,109.22
48440,109.22
48455,109.22
48471,109.22
48487,109.22
48502,109.22
48519,114.30
48534,111.76
48550,111.76
48566,111.76
48581,111.76
48598,111.76
48613,111.76
48629,114.30
48645,111.76
48661,124.46
48676,127.00
48692,127.00
48708,127.00
48723,124.46
48740,124.46
48755,127.00
48771,127.00
48787,127.00
48802,127.00
48819,127.00
48834,127.00
48850,127.00
48866,152.40
48881,157.48
48898,157.48
48913,119.38
48929,116.84
48945,114.30
48960,114.30
48976,114.30
48992,114.30
49008,114.30
49024,111.76
49040,111.76
49055,111.76
49071,111.76
49087,111.76
49102,111.76
49119,111.76
49134,111.76
49150,111.76
49166,111.76
49181,111.76
49198,111.76
49213,111.76
49229,111.76
49245,111.76
49260,111.76
49276,111.76
49292,111.76
49308,111.76
49324,111.76
49340,111.76
49355,111.76
49371,111.76
49387,111.76
49402,111.76
49419,111.76
49434,114.30
49451,114.30
49466,111.76
49481,111.76
49498,111.76
49513,111.76
49529,111.76
49545,111.76
49560,111.76
49576,111.76
49592,111.76
49608,114.30
49624,111.76
49640,114.30
49655,111.76
49671,111.76
49687,111.76
49702,111.76
49719,111.76
49734,111.76
49751,114.30
49766,111.76
49781,111.76
49798,111.76
49813,111.76
49829,111.76
49845,111.76
49860,114.30
49876,114.30
49892,114.30
49908,81.28
49924,78.74
49940,81.28
49955,78.74
49971,78.74
49987,78.74
50002,76.20
50018,76.20
50034,76.20
50050,76.20
50066,76.20
50081,76.20
50097,76.20
50113,76.20
50128,76.20
50144,76.20
50160,76.20
50176,76.20
50192,76.20
50207,76.20
50223,76.20
50239,76.20
50254,78.74
50270,78.74
50286,78.74
50301,76.20
50318,76.20
50333,76.20
50349,78.74
50365,78.74
50380,78.74
50396,88.90
50412,114.30
50427,114.30
50444,114.30
50459,114.30
50476,114.30
50491,114.30
50506,114.30
50523,114.30
50538,114.30
50554,114.30
50570,114.30
50585,114.30
50601,111.76
50617,114.30
50633,111.76
50649,111.76
50665,111.76
50680,111.76
50696,111.76
50712,114.30
50727,114.30
50744,114.30
50759,114.30
-1,-1
51775,114.30
51791,114.30
51807,114.30
51822,114.30
51838,114.30
51854,114.30
51870,114.30
51886,114.30
51901,114.30
51917,114.30
51933,116.84
51949,114.30
51964,114.30
51981,116.84
51996,114.30
52012,116.84
52028,114.30
52043,114.30
52060,114.30
52075,116.84
52091,116.84
52107,114.30
52122,116.84
52139,116.84
52154,116.84
52170,114.30
52186,114.30
52201,114.30
52217,114.30
52233,114.30
52249,114.30
52264,114.30
52281,114.30
52296,114.30
52312,114.30
52328,114.30
52343,114.30
52360,114.30
52375,114.30
52390,114.30
52407,114.30
52422,114.30
52439,81.28
52454,81.28
52470,81.28
52486,78.74
52501,78.74
52517,81.28
52533,78.74
52548,76.20
52564,76.20
52580,76.20
52596,76.20
52612,76.20
52627,76.20
52643,76.20
52659,76.20
52674,76.20
52690,76.20
52706,76.20
52722,76.20
52738,76.20
52753,76.20
52769,76.20
52785,78.74
52800,78.74
52816,78.74
52832,78.74
52848,78.74
52864,78.74
52879,78.74
52895,78.74
52911,78.74
52926,81.28
52942,111.76
52958,111.76
52974,111.76
52989,111.76
53005,111.76
53021,111.76
53037,111.76
53053,111.76
53068,111.76
53085,111.76
53100,111.76
53115,111.76
53132,111.76
53147,111.76
53164,111.76
53179,111.76
53195,111.76
53211,111.76
53226,111.76
53242,111.76
53258,111.76
53274,111.76
53289,111.76
53305,111.76
53321,111.76
53337,114.30
53353,111.76
53368,111.76
53385,111.76
53400,114.30
53415,111.76
53432,111.76
53447,111.76
53464,111.76
53479,111.76
53495,111.76
53511,111.76
53526,111.76
53542,111.76
53558,111.76
53574,111.76
53590,111.76
53605,111.76
53621,114.30
53637,114.30
53653,111.76
53668,111.76
53685,111.76
53700,111.76
53715,111.76
53732,111.76
53747,111.76
53764,111.76
53779,114.30
53795,114.30
53811,114.30
53826,139.70
53842,160.02
53858,160.02
53874,129.54
53890,116.84
53905,116.84
53921,119.38
53937,127.00
53953,127.00
53968,127.00
53985,129.54
54000,129.54
54016,129.54
54032,127.00
54047,127.00
54064,127.00
54079,124.46
54094,124.46
54111,124.46
54126,114.30
54142,111.76
54158,111.76
54174,111.76
54190,111.76
54205,111.76
54221,111.76
54237,111.76
54253,111.76
54268,111.76
54285,111.76
54300,111.76
54316,111.76
54332,109.22
54347,109.22
54364,111.76
54379,111.76
54394,111.76
54411,111.76
54426,109.22
54443,109.22
54458,109.22
-1,-1
55474,109.22
55490,109.22
55505,109.22
55521,109.22
55537,109.22
55553,109.22
55569,111.76
55584,109.22
55601,109.22
55616,109.22
55631,109.22
55648,109.22
55663,109.22
55680,109.22
55695,109.22
55711,109.22
55727,109.22
55742,111.76
55758,109.22
55774,109.22
55790,109.22
55805,109.22
55822,111.76
55837,111.76
55853,111.76
55869,111.76
55884,111.76
55901,111.76
55916,111.76
55931,111.76
55948,111.76
55963,111.76
55980,111.76
55995,111.76
56011,114.30
56027,116.84
56042,116.84
56058,119.38
56074,124.46
56090,124.46
56105,124.46
56122,127.00
56137,127.00
56153,127.00
56169,127.00
56184,127.00
56201,127.00
56216,127.00
56231,127.00
56248,127.00
56263,116.84
56280,116.84
56295,114.30
56311,114.30
56327,114.30
56342,114.30
56358,114.30
56374,111.76
56390,111.76
56406,111.76
56421,111.76
56437,111.76
56453,111.76
56469,111.76
56484,114.30
56501,114.30
56516,111.76
56531,111.76
56548,111.76
56563,111.76
56580,111.76
56595,111.76
56611,111.76
56627,111.76
56642,111.76
56658,111.76
56674,111.76
56690,111.76
56706,111.76
56721,111.76
56737,111.76
56753,111.76
56769,111.76
56784,111.76
56801,111.76
56816,111.76
56832,111.76
56848,114.30
56863,111.76
56880,114.30
56895,111.76
56911,111.76
56927,111.76
56942,114.30
56958,111.76
56974,111.76
56990,111.76
57006,111.76
57021,111.76
57037,114.30
57053,111.76
57069,111.76
57084,111.76
57101,111.76
57116,111.76
57132,111.76
57148,111.76
57163,111.76
57180,111.76
57195,111.76
57210,114.30
57227,114.30
57242,114.30
57259,116.84
57274,116.84
57290,116.84
57306,81.28
57321,81.28
57337,81.28
57353,78.74
57369,76.20
57384,78.74
57400,78.74
57416,78.74
57432,78.74
57447,78.74
57463,78.74
57479,78.74
57495,78.74
57510,76.20
57526,76.20
57542,76.20
57558,76.20
57573,76.20
57589,76.20
57605,78.74
57621,78.74
57636,78.74
57652,78.74
57668,78.74
57683,78.74
57699,78.74
57715,78.74
57731,78.74
57747,88.90
57762,114.30
57778,114.30
57794,114.30
57809,116.84
57826,114.30
57841,114.30
57857,114.30
57873,114.30
57888,114.30
57905,114.30
57920,114.30
57936,114.30
57952,114.30
57967,114.30
57984,116.84
57999,114.30
58015,114.30
58031,114.30
58047,114.30
58062,116.84
58078,114.30
58094,114.30
58109,114.30
58126,111.76
58141,111.76
58157,111.76
-1,-1
59173,114.30
59189,111.76
59204,111.76
59220,111.76
59236,114.30
59252,116.84
59268,114.30
59283,114.30
59299,111.76
59315,111.76
59331,111.76
59346,114.30
59363,114.30
59378,114.30
59394,114.30
59410,114.30
59425,114.30
59442,116.84
59457,116.84
59473,116.84
59489,116.84
59504,116.84
59521,116.84
59536,116.84
59552,114.30
59568,114.30
59583,114.30
59599,111.76
59615,111.76
59631,111.76
59646,114.30
59663,114.30
59678,114.30
59694,114.30
59710,114.30
59725,114.30
59742,114.30
59757,114.30
59772,114.30
59789,114.30
59804,116.84
59821,114.30
59836,114.30
59852,114.30
59868,114.30
59883,88.90
59899,81.28
59915,78.74
59931,78.74
59947,78.74
59962,78.74
59978,78.74
59994,78.74
60009,78.74
60025,81.28
60041,76.20
60057,76.20
60072,76.20
60088,76.20
60104,76.20
60120,76.20
60136,78.74
60151,78.74
60167,78.74
60183,111.76
60198,127.00
60214,127.00
60230,127.00
60246,127.00
60262,127.00
60277,96.52
60294,78.74
60309,78.74
60324,81.28
60341,78.74
60356,78.74
60371,78.74
60388,109.22
60403,111.76
60420,111.76
60435,111.76
60450,111.76
60467,111.76
60482,114.30
60498,111.76
60514,111.76
60530,114.30
60546,114.30
60561,111.76
60577,111.76
60593,111.76
60609,111.76
60624,111.76
60641,111.76
60656,111.76
60672,111.76
60688,114.30
60703,114.30
60720,111.76
60735,109.22
60750,109.22
60767,109.22
60782,109.22
60798,109.22
60814,109.22
60830,111.76
60846,111.76
60861,111.76
60877,111.76
60893,111.76
60909,111.76
60924,111.76
60941,111.76
60956,111.76
60972,111.76
60988,111.76
61003,111.76
61020,111.76
61035,111.76
61050,111.76
61067,114.30
61082,111.76
61099,111.76
61114,111.76
61130,111.76
61146,111.76
61161,111.76
61177,111.76
61193,111.76
61209,114.30
61224,111.76
61241,111.76
61256,111.76
61272,116.84
61288,127.00
61303,127.00
61320,127.00
61335,129.54
61350,129.54
61367,132.08
61382,129.54
61399,129.54
61414,129.54
61430,127.00
61446,129.54
61461,129.54
61477,127.00
61493,127.00
61509,127.00
61524,116.84
61541,116.84
61556,116.84
61572,124.46
61588,127.00
61603,127.00
61620,119.38
61635,111.76
61650,114.30
61667,111.76
61682,111.76
61699,111.76
61714,111.76
61730,111.76
61746,111.76
61761,111.76
61777,111.76
61793,111.76
61809,111.76
61825,111.76
61841,111.76
61856,111.76
-1,-1
62872,109.22
62887,111.76
62904,109.22
62919,109.22
62936,109.22
62951,109.22
62967,109.22
62983,109.22
62998,109.22
63014,109.22
63030,109.22
63046,109.22
63062,109.22
63077,109.22
63093,111.76
63109,111.76
63125,109.22
63140,109.22
63157,111.76
63172,109.22
63187,109.22
63204,109.22
63219,109.22
63236,109.22
63251,111.76
63267,109.22
63283,109.22
63298,109.22
63314,109.22
63330,109.22
63346,109.22
63362,111.76
63378,111.76
63393,111.76
63409,111.76
63425,111.76
63440,111.76
63457,114.30
63472,114.30
63488,114.30
63504,114.30
63519,127.00
63536,127.00
63551,127.00
63567,127.00
63583,127.00
63598,127.00
63614,152.40
63630,160.02
63646,160.02
63662,132.08
63678,127.00
63693,129.54
63709,116.84
63725,114.30
63740,114.30
63757,114.30
63772,114.30
63788,114.30
63804,114.30
63819,111.76
63836,114.30
63851,114.30
63867,111.76
63883,111.76
63898,111.76
63915,111.76
63930,114.30
63946,111.76
63962,111.76
63978,111.76
63993,114.30
64009,114.30
64025,111.76
64040,111.76
64057,111.76
64072,111.76
64088,111.76
64104,111.76
64119,111.76
64136,111.76
64151,111.76
64167,111.76
64183,111.76
64198,111.76
64215,111.76
64230,114.30
64246,111.76
64262,111.76
64278,111.76
64293,114.30
64309,114.30
64325,111.76
64340,111.76
64357,111.76
64372,114.30
64388,111.76
64404,111.76
64419,111.76
64436,114.30
64451,111.76
64467,111.76
64483,114.30
64498,111.76
64515,111.76
64530,111.76
64546,111.76
64562,111.76
64578,111.76
64593,114.30
64609,111.76
64625,111.76
64641,111.76
64657,111.76
64672,111.76
64688,114.30
64704,83.82
64719,78.74
64736,78.74
64751,109.22
64766,124.46
64783,124.46
64798,127.00
64815,129.54
64830,129.54
64846,99.06
64862,78.74
64877,76.20
64893,78.74
64909,78.74
64924,78.74
64941,78.74
64956,78.74
64972,78.74
64988,78.74
65003,78.74
65019,78.74
65035,78.74
65050,78.74
65067,78.74
65082,78.74
65098,93.98
65114,116.84
65129,116.84
65145,116.84
65161,114.30
65177,114.30
65192,116.84
65208,114.30
65224,114.30
65240,114.30
65256,114.30
65271,114.30
65288,114.30
65303,114.30
65318,114.30
65335,114.30
65350,114.30
65367,114.30
65382,114.30
65398,114.30
65414,114.30
65429,114.30
65445,114.30
65461,111.76
65477,111.76
65492,114.30
65508,111.76
65524,111.76
65540,114.30
65556,114.30
-1,-1
66572,114.30
66587,114.30
66604,114.30
66619,114.30
66634,114.30
66651,114.30
66666,114.30
66682,114.30
66698,114.30
66714,114.30
66729,114.30
66745,116.84
66761,114.30
66777,114.30
66793,114.30
66808,114.30
66824,114.30
66840,114.30
66855,114.30
66872,114.30
66887,114.30
66904,114.30
66919,114.30
66934,114.30
66951,111.76
66966,111.76
66982,114.30
66998,114.30
67014,114.30
67030,114.30
67045,114.30
67061,114.30
67077,114.30
67093,116.84
67108,114.30
67124,114.30
67140,114.30
67155,114.30
67172,114.30
67187,114.30
67204,114.30
67219,116.84
67234,116.84
67251,114.30
67266,116.84
67282,116.84
67298,116.84
67314,116.84
67330,91.44
67345,76.20
67361,76.20
67377,78.74
67392,78.74
67408,78.74
67424,78.74
67440,78.74
67456,78.74
67471,78.74
67487,78.74
67503,78.74
67518,78.74
67534,78.74
67550,78.74
67566,78.74
67581,78.74
67597,78.74
67613,78.74
67629,78.74
67644,78.74
67660,78.74
67676,81.28
67692,111.76
67707,114.30
67723,114.30
67739,111.76
67755,111.76
67771,111.76
67786,111.76
67803,111.76
67818,111.76
67833,111.76
67850,111.76
67865,111.76
67881,111.76
67897,114.30
67913,111.76
67929,111.76
67944,111.76
67960,111.76
67976,111.76
67992,111.76
68007,111.76
68023,111.76
68039,114.30
68055,114.30
68071,111.76
68086,111.76
68103,111.76
68118,114.30
68133,111.76
68150,109.22
68165,109.22
68182,111.76
68197,111.76
68213,111.76
68229,111.76
68244,111.76
68260,111.76
68276,111.76
68292,111.76
68307,111.76
68323,114.30
68339,111.76
68355,114.30
68371,111.76
68386,111.76
68403,111.76
68418,114.30
68433,111.76
68450,111.76
68465,111.76
68482,111.76
68497,114.30
68513,111.76
68529,111.76
68544,111.76
68560,111.76
68576,111.76
68592,111.76
68608,111.76
68623,114.30
68639,114.30
68655,114.30
68671,116.84
68686,157.48
68703,157.48
68718,154.94
68733,116.84
68750,116.84
68765,114.30
68782,127.00
68797,127.00
68813,127.00
68829,127.00
68844,127.00
68860,127.00
68876,127.00
68892,124.46
68908,124.46
68923,114.30
68939,111.76
68955,111.76
68971,111.76
68986,111.76
69003,111.76
69018,111.76
69033,111.76
69050,111.76
69065,111.76
69082,111.76
69097,111.76
69112,111.76
69129,109.22
69144,109.22
69160,109.22
69176,109.22
69192,109.22
69208,109.22
69223,111.76
69239,109.22
69255,111.76
-1,-1
70270,109.22
70287,109.22
70302,109.22
70319,109.22
70334,109.22
70349,111.76
70366,109.22
70381,109.22
70397,109.22
70413,109.22
70429,111.76
70445,111.76
70460,109.22
70476,109.22
70492,109.22
70508,109.22
70523,109.22
70540,111.76
70555,109.22
70571,109.22
70587,109.22
70602,109.22
70619,109.22
70634,109.22
70649,109.22
70666,111.76
70681,109.22
70697,111.76
70713,111.76
70729,111.76
70745,111.76
70760,111.76
70776,111.76
70792,111.76
70808,111.76
70823,111.76
70840,114.30
70855,114.30
70871,114.30
70887,114.30
70902,116.84
70919,124.46
70934,124.46
70949,124.46
70966,127.00
70981,127.00
70998,127.00
71013,127.00
71029,127.00
71045,127.00
71060,127.00
71076,127.00
71092,127.00
71108,119.38
71123,116.84
71139,116.84
71155,116.84
71171,114.30
71187,114.30
71202,116.84
71219,114.30
71234,114.30
71249,114.30
71266,111.76
71281,114.30
71298,111.76
71313,111.76
71329,111.76
71345,114.30
71360,114.30
71376,111.76
71392,114.30
71408,111.76
71424,111.76
71439,111.76
71455,111.76
71471,111.76
71487,111.76
71502,114.30
71519,111.76
71534,111.76
71549,111.76
71566,111.76
71581,111.76
71598,111.76
71613,111.76
71629,111.76
71645,111.76
71660,114.30
71676,111.76
71692,111.76
71708,111.76
71724,114.30
71739,114.30
71755,111.76
71771,111.76
71787,111.76
71802,111.76
71819,111.76
71834,111.76
71849,111.76
71866,111.76
71881,111.76
71898,111.76
71913,111.76
71929,111.76
71945,111.76
71960,111.76
71976,111.76
71992,111.76
72008,111.76
72024,111.76
72039,114.30
72055,83.82
72071,78.74
72087,78.74
72102,78.74
72118,78.74
72134,78.74
72150,78.74
72166,81.28
72181,81.28
72197,78.74
72213,76.20
72228,76.20
72244,78.74
72260,76.20
72275,76.20
72292,76.20
72307,76.20
72323,76.20
72339,76.20
72354,76.20
72370,76.20
72386,76.20
72401,76.20
72418,76.20
72433,76.20
72449,76.20
72465,76.20
72480,76.20
72496,78.74
72512,78.74
72527,81.28
72544,81.28
72559,111.76
72574,114.30
72591,114.30
72606,114.30
72623,114.30
72638,114.30
72653,114.30
72670,114.30
72685,114.30
72701,114.30
72717,114.30
72733,114.30
72749,114.30
72764,114.30
72780,114.30
72796,114.30
72812,114.30
72827,114.30
72844,114.30
72859,114.30
72875,114.30
72891,116.84
72906,116.84
72923,116.84
72938,116.84
72953,114.30
-1,-1
73970,114.30
73986,116.84
74001,114.30
74017,116.84
74033,116.84
74049,114.30
74064,114.30
74080,114.30
74096,114.30
74112,114.30
74128,114.30
74143,114.30
74160,114.30
74175,114.30
74190,111.76
74207,111.76
74222,114.30
74238,114.30
74254,116.84
74269,116.84
74286,114.30
74301,114.30
74317,114.30
74333,114.30
74349,111.76
74364,114.30
74380,114.30
74396,114.30
74412,114.30
74428,114.30
74443,116.84
74460,114.30
74475,114.30
74490,116.84
74507,114.30
74522,114.30
74539,114.30
74554,114.30
74570,114.30
74586,86.36
74601,78.74
74617,78.74
74633,101.60
74648,157.48
74664,162.56
74680,139.70
74696,114.30
74712,114.30
74728,99.06
74743,78.74
74759,78.74
74775,78.74
74790,76.20
74807,78.74
74822,76.20
74838,76.20
74854,76.20
74869,78.74
74885,76.20
74901,76.20
74916,76.20
74933,78.74
74948,78.74
74963,78.74
74980,78.74
74995,78.74
75011,78.74
75027,81.28
75042,78.74
75059,78.74
75074,78.74
75089,111.76
75106,114.30
75121,114.30
75138,111.76
75153,111.76
75168,111.76
75185,111.76
75200,111.76
75216,111.76
75232,111.76
75248,111.76
75264,111.76
75279,111.76
75295,111.76
75311,111.76
75327,111.76
75342,111.76
75358,114.30
75374,111.76
75389,111.76
75406,114.30
75421,111.76
75438,111.76
75453,111.76
75468,114.30
75485,111.76
75500,109.22
75516,109.22
75532,111.76
75548,111.76
75564,114.30
75579,111.76
75595,111.76
75611,114.30
75627,114.30
75642,111.76
75658,111.76
75674,111.76
75689,111.76
75706,111.76
75721,111.76
75738,111.76
75753,111.76
75768,114.30
75785,111.76
75800,111.76
75816,111.76
75832,111.76
75848,111.76
75864,111.76
75879,111.76
75895,111.76
75911,111.76
75927,111.76
75942,111.76
75958,111.76
75974,111.76
75990,111.76
76006,111.76
76021,111.76
76038,111.76
76053,111.76
76068,111.76
76085,127.00
76100,127.00
76116,127.00
76132,127.00
76148,127.00
76164,127.00
76179,127.00
76195,127.00
76211,127.00
76227,127.00
76242,127.00
76258,127.00
76274,127.00
76290,127.00
76306,127.00
76321,116.84
76338,111.76
76353,111.76
76368,114.30
76385,111.76
76400,111.76
76417,111.76
76432,111.76
76448,114.30
76464,111.76
76479,109.22
76495,111.76
76511,111.76
76527,111.76
76542,111.76
76558,109.22
76574,109.22
76590,109.22
76606,111.76
76621,109.22
76638,109.22
76653,109.22
-1,-1
77669,109.22
77684,109.22
77701,109.22
77716,111.76
77732,111.76
77748,109.22
77764,109.22
77779,109.22
77795,109.22
77811,109.22
77827,109.22
77843,109.22
77858,111.76
77875,109.22
77890,109.22
77905,109.22
77922,109.22
77937,109.22
77954,109.22
77969,111.76
77984,109.22
78001,109.22
78016,109.22
78032,109.22
78048,109.22
78064,111.76
78080,111.76
78095,111.76
78111,109.22
78127,109.22
78143,109.22
78158,111.76
78175,111.76
78190,114.30
78205,111.76
78222,111.76
78237,111.76
78254,111.76
78269,124.46
78284,121.92
78301,124.46
78316,124.46
78332,124.46
78348,127.00
78364,127.00
78380,127.00
78395,127.00
78411,132.08
78427,129.54
78443,129.54
78458,116.84
78475,114.30
78490,116.84
78505,114.30
78522,114.30
78537,111.76
78554,111.76
78569,111.76
78584,111.76
78601,111.76
78616,111.76
78632,111.76
78648,111.76
78664,111.76
78680,111.76
78695,111.76
78711,111.76
78727,111.76
78743,111.76
78758,111.76
78775,111.76
78790,114.30
78806,111.76
78822,111.76
78837,111.76
78854,111.76
78869,111.76
78884,111.76
78901,111.76
78916,111.76
78932,111.76
78948,111.76
78964,109.22
78980,109.22
78995,111.76
79011,111.76
79027,109.22
79043,109.22
79058,109.22
79075,109.22
79090,111.76
79106,111.76
79122,114.30
79137,111.76
79154,111.76
79169,111.76
79184,111.76
79201,111.76
79216,111.76
79233,111.76
79248,111.76
79264,111.76
79280,111.76
79295,114.30
79311,111.76
79327,111.76
79343,111.76
79358,111.76
79375,111.76
79390,114.30
79406,114.30
79422,114.30
79437,114.30
79454,83.82
79469,81.28
79484,81.28
79501,78.74
79516,78.74
79533,78.74
79548,78.74
79563,78.74
79580,78.74
79595,78.74
79610,78.74
79627,78.74
79642,78.74
79659,76.20
79674,76.20
79689,76.20
79706,76.20
79721,76.20
79736,76.20
79753,78.74
79768,78.74
79784,78.74
79800,78.74
79815,78.74
79832,78.74
79847,76.20
79863,76.20
79879,76.20
79894,78.74
79910,78.74
79926,78.74
79941,78.74
79958,111.76
79973,114.30
79989,114.30
80005,114.30
80020,114.30
80036,114.30
80052,114.30
80068,114.30
80083,114.30
80100,114.30
80115,114.30
80131,114.30
80147,50.80
80162,43.18
80179,40.64
80194,40.64
80209,38.10
80226,38.10
80241,38.10
80257,38.10
80273,40.64
80288,38.10
80305,38.10
80320,38.10
80335,38.10
80352,38.10
-1,-1
81368,114.30
81383,114.30
81399,114.30
81415,114.30
81430,83.82
81446,40.64
81462,40.64
81478,38.10
81494,109.22
81509,114.30
81525,114.30
81541,114.30
81557,114.30
81572,114.30
81588,116.84
81604,116.84
81619,116.84
81636,50.80
81651,40.64
81668,38.10
81683,63.50
81698,114.30
81715,119.38
81730,71.12
81745,40.64
81762,38.10
81777,38.10
81794,109.22
81809,114.30
81824,114.30
81841,114.30
81856,114.30
81872,114.30
81888,116.84
81904,116.84
81920,116.84
81935,116.84
81951,116.84
81967,119.38
81983,121.92
81998,127.00
82015,127.00
82030,96.52
82045,81.28
82062,78.74
82077,81.28
82093,78.74
82109,78.74
82124,78.74
82141,78.74
82156,78.74
82171,78.74
82188,76.20
82203,76.20
82219,76.20
82235,76.20
82250,76.20
82267,78.74
82282,78.74
82297,78.74
82314,76.20
82329,76.20
82344,76.20
82361,76.20
82376,78.74
82393,78.74
82408,78.74
82423,78.74
82440,78.74
82455,78.74
82470,78.74
82487,78.74
82502,78.74
82519,78.74
82534,106.68
82549,111.76
82566,111.76
82581,111.76
82597,111.76
82613,111.76
82628,111.76
82644,111.76
82660,111.76
82676,111.76
82692,111.76
82708,111.76
82723,111.76
82739,111.76
82755,114.30
82770,111.76
82787,111.76
82802,111.76
82819,114.30
82834,111.76
82849,111.76
82866,111.76
82881,111.76
82897,111.76
82913,111.76
82928,111.76
82945,111.76
82960,111.76
82976,114.30
82992,111.76
83008,111.76
83023,111.76
83039,111.76
83055,111.76
83070,111.76
83087,111.76
83102,111.76
83119,111.76
83134,111.76
83149,111.76
83166,111.76
83181,111.76
83197,111.76
83213,111.76
83228,111.76
83245,111.76
83260,111.76
83276,111.76
83292,111.76
83308,111.76
83323,114.30
83339,114.30
83355,114.30
83371,114.30
83387,114.30
83402,114.30
83419,114.30
83434,114.30
83449,114.30
83466,114.30
83481,124.46
83497,124.46
83513,124.46
83528,129.54
83545,129.54
83560,129.54
83576,144.78
83592,157.48
83608,157.48
83623,137.16
83639,129.54
83655,129.54
83671,127.00
83687,127.00
83702,127.00
83718,124.46
83734,114.30
83749,114.30
83766,114.30
83781,114.30
83798,116.84
83813,114.30
83828,111.76
83845,111.76
83860,111.76
83876,111.76
83892,111.76
83908,109.22
83923,111.76
83939,111.76
83955,111.76
83971,109.22
83987,109.22
84002,111.76
84018,109.22
84034,109.22
84049,111.76
-1,-1
85065,109.22
85082,109.22
85097,109.22
85113,109.22
85129,109.22
85144,109.22
85160,109.22
85176,109.22
85192,109.22
85208,109.22
85224,109.22
85239,111.76
85255,109.22
85271,109.22
85286,109.22
85303,109.22
85318,111.76
85335,109.22
85350,111.76
85365,109.22
85382,111.76
85397,111.76
85413,109.22
85429,109.22
85444,111.76
85460,109.22
85476,109.22
85492,109.22
85508,111.76
85524,111.76
85539,114.30
85555,111.76
85571,111.76
85586,111.76
85603,111.76
85618,114.30
85635,111.76
85650,111.76
85665,124.46
85682,124.46
85697,124.46
85713,124.46
85729,124.46
85744,124.46
85761,127.00
85776,127.00
85792,127.00
85808,127.00
85824,124.46
85839,124.46
85855,124.46
85871,157.48
85886,157.48
85903,149.86
85918,114.30
85934,111.76
85950,111.76
85965,111.76
85982,111.76
85997,111.76
86013,111.76
86029,114.30
86044,114.30
86061,111.76
86076,114.30
86092,114.30
86108,111.76
86124,111.76
86139,114.30
86155,111.76
86171,111.76
86187,111.76
86203,111.76
86218,111.76
86234,111.76
86250,111.76
86265,111.76
86282,111.76
86297,111.76
86313,111.76
86329,109.22
86344,111.76
86361,109.22
86376,109.22
86392,109.22
86408,111.76
86424,111.76
86439,111.76
86455,109.22
86471,109.22
86487,111.76
86503,111.76
86518,111.76
86534,111.76
86550,114.30
86565,111.76
86582,111.76
86597,111.76
86614,111.76
86629,114.30
86644,111.76
86661,111.76
86676,111.76
86692,111.76
86708,111.76
86724,111.76
86739,111.76
86755,111.76
86771,114.30
86787,111.76
86803,111.76
86818,111.76
86834,111.76
86850,114.30
86865,114.30
86882,114.30
86897,91.44
86914,78.74
86929,81.28
86944,78.74
86961,76.20
86976,76.20
86991,76.20
87008,76.20
87023,76.20
87040,78.74
87055,78.74
87070,78.74
87087,78.74
87102,78.74
87117,78.74
87134,76.20
87149,76.20
87165,76.20
87181,76.20
87196,78.74
87213,78.74
87228,78.74
87243,83.82
87260,129.54
87275,129.54
87291,129.54
87307,114.30
87323,114.30
87339,114.30
87354,81.28
87370,78.74
87386,81.28
87401,109.22
87417,114.30
87433,114.30
87449,114.30
87464,114.30
87481,114.30
87496,111.76
87512,111.76
87528,111.76
87543,111.76
87560,111.76
87575,111.76
87591,111.76
87607,114.30
87622,114.30
87639,114.30
87654,114.30
87670,114.30
87686,116.84
87701,116.84
87717,114.30
87733,114.30
87749,111.76
-1,-1
