14,76.20
30,76.20
46,76.20
61,76.20
76,76.20
93,76.20
108,76.20
123,76.20
140,73.66
155,73.66
171,76.20
186,73.66
202,76.20
218,76.20
233,76.20
249,76.20
265,76.20
280,76.20
295,76.20
312,78.74
327,78.74
343,78.74
359,78.74
374,78.74
390,76.20
405,76.20
421,76.20
437,78.74
452,76.20
468,264.16
484,261.62
499,259.08
516,266.70
531,266.70
546,266.70
563,264.16
578,261.62
593,261.62
610,261.62
625,261.62
641,261.62
657,170.18
672,142.24
688,142.24
704,142.24
719,139.70
735,139.70
751,139.70
766,137.16
782,139.70
798,137.16
814,134.62
829,134.62
845,142.24
861,134.62
876,134.62
892,137.16
908,134.62
923,134.62
940,134.62
955,134.62
970,134.62
987,137.16
1002,137.16
1017,137.16
1034,134.62
1049,137.16
1064,114.30
1081,111.76
1096,114.30
1112,111.76
1128,111.76
1143,111.76
1160,111.76
1175,114.30
1190,114.30
1207,111.76
1222,114.30
1238,111.76
1254,111.76
1269,111.76
1286,111.76
1301,111.76
1316,114.30
1333,111.76
1348,114.30
1363,111.76
1380,111.76
1395,111.76
1412,109.22
1427,109.22
1442,109.22
1459,109.22
1474,109.22
1490,111.76
1506,109.22
1521,109.22
1538,109.22
1553,109.22
1568,109.22
1585,111.76
1600,114.30
1616,111.76
1632,111.76
1647,111.76
1664,114.30
1679,114.30
1694,111.76
1711,111.76
1726,114.30
1742,116.84
1758,119.38
1773,119.38
1789,127.00
1805,127.00
1820,124.46
1837,119.38
1852,127.00
1868,116.84
1884,116.84
1899,124.46
1915,132.08
1931,137.16
1946,132.08
1963,132.08
1978,129.54
1994,129.54
2010,129.54
2025,134.62
2041,124.46
2057,124.46
2072,119.38
2088,124.46
2104,144.78
2120,144.78
2136,144.78
2151,144.78
2167,157.48
2183,157.48
2198,149.86
2214,149.86
2230,149.86
2246,149.86
2262,144.78
2277,144.78
2293,139.70
2309,137.16
2324,134.62
2340,142.24
2356,142.24
2372,139.70
2387,142.24
2403,139.70
2419,139.70
2435,139.70
2450,137.16
2466,142.24
2482,139.70
2498,81.28
2513,83.82
2529,83.82
2545,83.82
2561,78.74
2576,81.28
2592,78.74
2608,78.74
2623,78.74
2639,81.28
2655,81.28
2670,81.28
2686,78.74
-1,-1
3701,76.20
3718,76.20
3733,76.20
3748,78.74
3765,83.82
3780,76.20
3795,76.20
3812,76.20
3827,76.20
3843,76.20
3859,76.20
3874,76.20
3890,76.20
3906,76.20
3921,76.20
3937,76.20
3953,76.20
3969,81.28
3984,78.74
4000,78.74
4016,78.74
4031,78.74
4047,78.74
4063,78.74
4078,81.28
4094,81.28
4110,78.74
4126,139.70
4142,139.70
4157,139.70
4173,81.28
4189,83.82
4204,86.36
4220,142.24
4236,144.78
4251,147.32
4268,144.78
4283,144.78
4299,144.78
4315,142.24
4330,147.32
4346,147.32
4362,154.94
4377,139.70
4393,142.24
4409,149.86
4425,152.40
4441,149.86
4456,157.48
4472,152.40
4488,149.86
4503,144.78
4519,144.78
4535,142.24
4551,142.24
4567,124.46
4582,124.46
4598,121.92
4614,121.92
4629,119.38
4645,121.92
4661,119.38
4677,119.38
4692,121.92
4708,114.30
4724,114.30
4740,116.84
4755,114.30
4771,114.30
4787,114.30
4803,114.30
4818,114.30
4834,114.30
4850,114.30
4866,114.30
4881,114.30
4897,114.30
4913,114.30
4929,114.30
4944,114.30
4960,114.30
4976,114.30
4992,114.30
5007,111.76
5023,111.76
5039,111.76
5055,111.76
5070,111.76
5086,111.76
5102,111.76
5117,111.76
5133,111.76
5149,111.76
5165,109.22
5181,111.76
5196,111.76
5212,111.76
5228,109.22
5243,111.76
5259,111.76
5275,111.76
5291,111.76
5307,114.30
5322,111.76
5338,111.76
5354,111.76
5369,114.30
5385,114.30
5401,111.76
5416,114.30
5433,111.76
5448,114.30
5464,111.76
5480,111.76
5495,111.76
5512,111.76
5527,111.76
5542,111.76
5559,111.76
5574,111.76
5590,114.30
5606,121.92
5621,137.16
5638,137.16
5653,137.16
5668,134.62
5685,134.62
5700,134.62
5715,134.62
5732,137.16
5747,134.62
5764,134.62
5779,134.62
5794,134.62
5811,137.16
5826,134.62
5841,134.62
5858,137.16
5873,139.70
5890,137.16
5905,139.70
5920,139.70
5937,139.70
5952,139.70
5967,256.54
5984,256.54
5999,256.54
6016,261.62
6031,259.08
6046,259.08
6063,264.16
6078,264.16
6093,264.16
6110,81.28
6125,83.82
6141,83.82
6157,160.02
6172,264.16
6189,261.62
6204,81.28
6219,81.28
6236,83.82
6251,78.74
6266,76.20
6283,76.20
6298,76.20
6313,78.74
6330,76.20
6345,76.20
6361,76.20
6377,78.74
-1,-1
7393,73.66
7408,73.66
7424,73.66
7440,76.20
7455,76.20
7471,76.20
7487,76.20
7502,73.66
7518,73.66
7534,76.20
7549,73.66
7565,73.66
7581,73.66
7597,76.20
7612,76.20
7628,78.74
7644,76.20
7659,76.20
7675,76.20
7691,73.66
7706,73.66
7723,73.66
7738,76.20
7753,76.20
7770,76.20
7785,76.20
7800,261.62
7817,261.62
7832,76.20
7847,76.20
7864,78.74
7879,78.74
7895,264.16
7911,259.08
7926,259.08
7942,261.62
7958,261.62
7973,261.62
7990,264.16
8005,261.62
8020,264.16
8037,139.70
8052,139.70
8068,139.70
8084,137.16
8099,139.70
8116,139.70
8131,139.70
8146,137.16
8163,137.16
8178,139.70
8194,137.16
8210,134.62
8225,137.16
8242,134.62
8257,134.62
8272,134.62
8289,134.62
8304,134.62
8321,137.16
8336,137.16
8351,134.62
8368,137.16
8383,134.62
8398,134.62
8415,134.62
8430,114.30
8446,111.76
8462,114.30
8477,111.76
8494,111.76
8509,111.76
8524,111.76
8541,111.76
8556,111.76
8572,111.76
8588,111.76
8603,111.76
8620,111.76
8635,114.30
8650,111.76
8667,111.76
8682,111.76
8698,111.76
8714,114.30
8729,109.22
8745,109.22
8761,109.22
8776,111.76
8793,111.76
8808,111.76
8824,109.22
8840,109.22
8855,109.22
8871,109.22
8887,109.22
8902,111.76
8919,111.76
8934,111.76
8950,114.30
8966,111.76
8981,111.76
8997,111.76
9013,111.76
9029,111.76
9044,111.76
9060,114.30
9076,111.76
9092,111.76
9107,114.30
9123,111.76
9139,111.76
9155,111.76
9170,111.76
9186,111.76
9202,111.76
9218,111.76
9233,114.30
9249,114.30
9265,114.30
9281,114.30
9296,114.30
9312,114.30
9328,116.84
9344,116.84
9359,114.30
9375,111.76
9391,114.30
9407,116.84
9422,121.92
9438,121.92
9454,124.46
9469,119.38
9485,119.38
9501,119.38
9517,144.78
9533,142.24
9548,144.78
9564,139.70
9580,137.16
9595,139.70
9611,139.70
9627,139.70
9643,142.24
9659,139.70
9674,142.24
9690,139.70
9706,137.16
9721,142.24
9737,142.24
9753,144.78
9768,139.70
9785,139.70
9800,139.70
9816,139.70
9832,139.70
9847,139.70
9863,101.60
9879,104.14
9894,104.14
9911,86.36
9926,78.74
9942,81.28
9958,81.28
9973,81.28
9989,78.74
10005,78.74
10020,81.28
10036,81.28
10052,81.28
10067,81.28
-1,-1
11083,78.74
11099,81.28
11115,78.74
11130,78.74
11147,86.36
11162,81.28
11177,81.28
11194,81.28
11209,81.28
11225,81.28
11241,81.28
11256,81.28
11273,83.82
11288,81.28
11303,81.28
11320,81.28
11335,81.28
11351,81.28
11367,81.28
11382,81.28
11399,81.28
11414,81.28
11429,81.28
11446,81.28
11461,251.46
11478,251.46
11493,251.46
11508,144.78
11525,147.32
11540,147.32
11556,101.60
11572,101.60
11587,101.60
11603,139.70
11619,139.70
11635,139.70
11651,139.70
11667,139.70
11682,139.70
11698,137.16
11714,137.16
11729,139.70
11746,137.16
11761,139.70
11778,137.16
11793,139.70
11808,137.16
11825,137.16
11840,137.16
11856,134.62
11872,134.62
11887,137.16
11904,137.16
11919,137.16
11935,137.16
11951,116.84
11967,116.84
11982,116.84
11998,111.76
12014,114.30
12029,124.46
12046,114.30
12061,114.30
12078,114.30
12093,114.30
12108,114.30
12125,114.30
12140,114.30
12156,114.30
12172,114.30
12187,111.76
12204,114.30
12219,114.30
12235,114.30
12251,114.30
12267,114.30
12282,114.30
12298,114.30
12314,111.76
12329,114.30
12346,111.76
12361,111.76
12377,111.76
12393,111.76
12408,111.76
12425,114.30
12440,111.76
12456,111.76
12472,111.76
12487,114.30
12504,114.30
12519,114.30
12535,111.76
12551,111.76
12567,114.30
12582,111.76
12598,109.22
12614,109.22
12630,109.22
12646,114.30
12661,114.30
12677,111.76
12693,111.76
12708,114.30
12725,114.30
12740,114.30
12756,111.76
12772,111.76
12787,111.76
12804,111.76
12819,111.76
12835,111.76
12851,111.76
12867,111.76
12882,111.76
12898,111.76
12914,111.76
12930,111.76
12946,111.76
12961,114.30
12977,111.76
12993,134.62
13008,134.62
13025,134.62
13040,137.16
13057,134.62
13072,134.62
13087,137.16
13104,134.62
13119,137.16
13135,134.62
13151,134.62
13166,134.62
13182,134.62
13198,134.62
13214,134.62
13230,139.70
13246,137.16
13261,139.70
13277,137.16
13293,139.70
13308,137.16
13325,137.16
13340,144.78
13357,144.78
13372,144.78
13387,259.08
13404,256.54
13419,256.54
13435,73.66
13451,73.66
13466,76.20
13483,236.22
13498,261.62
13514,259.08
13530,78.74
13545,78.74
13561,78.74
13577,76.20
13593,78.74
13608,76.20
13624,76.20
13640,76.20
13656,78.74
13671,76.20
13687,73.66
13703,76.20
13718,73.66
13734,73.66
13750,73.66
13766,76.20
-1,-1
14782,73.66
14797,73.66
14813,73.66
14829,73.66
14844,73.66
14861,73.66
14876,73.66
14892,73.66
14908,73.66
14923,73.66
14939,73.66
14955,73.66
14970,73.66
14987,73.66
15002,73.66
15017,73.66
15034,73.66
15049,73.66
15065,78.74
15081,76.20
15096,78.74
15113,76.20
15128,76.20
15143,76.20
15160,76.20
15175,76.20
15191,76.20
15207,78.74
15222,76.20
15239,78.74
15254,78.74
15269,261.62
15286,259.08
15301,259.08
15318,259.08
15333,259.08
15348,261.62
15365,144.78
15380,144.78
15396,144.78
15412,137.16
15427,139.70
15443,139.70
15459,139.70
15475,139.70
15491,139.70
15507,137.16
15522,137.16
15538,137.16
15554,137.16
15569,137.16
15586,134.62
15601,137.16
15618,134.62
15633,137.16
15648,137.16
15665,137.16
15680,134.62
15696,134.62
15712,134.62
15727,137.16
15744,134.62
15759,134.62
15775,134.62
15791,134.62
15807,114.30
15822,111.76
15838,114.30
15854,111.76
15869,111.76
15886,114.30
15901,111.76
15918,111.76
15933,114.30
15948,114.30
15965,114.30
15980,111.76
15996,111.76
16012,111.76
16027,114.30
16044,111.76
16059,114.30
16075,114.30
16091,114.30
16107,114.30
16122,111.76
16138,111.76
16154,111.76
16169,111.76
16186,111.76
16201,111.76
16218,111.76
16233,111.76
16248,109.22
16265,109.22
16280,109.22
16296,116.84
16312,116.84
16327,116.84
16344,114.30
16359,109.22
16375,109.22
16391,111.76
16407,111.76
16422,111.76
16438,111.76
16454,111.76
16470,111.76
16486,114.30
16501,111.76
16518,111.76
16533,111.76
16548,114.30
16565,114.30
16580,116.84
16596,114.30
16612,114.30
16627,116.84
16644,114.30
16659,114.30
16675,116.84
16691,114.30
16707,114.30
16722,114.30
16738,114.30
16754,114.30
16770,116.84
16786,116.84
16801,116.84
16818,116.84
16833,116.84
16848,116.84
16865,121.92
16880,119.38
16897,144.78
16912,147.32
16927,154.94
16944,142.24
16959,144.78
16975,142.24
16991,144.78
17007,144.78
17022,142.24
17038,142.24
17054,137.16
17070,142.24
17086,144.78
17101,144.78
17118,137.16
17133,137.16
17148,142.24
17165,142.24
17180,142.24
17197,139.70
17212,139.70
17227,139.70
17244,81.28
17259,81.28
17275,81.28
17291,81.28
17306,246.38
17323,246.38
17338,246.38
17354,256.54
17370,254.00
17385,81.28
17401,83.82
17417,83.82
17433,83.82
17448,78.74
17464,78.74
-1,-1
18480,78.74
18496,78.74
18511,78.74
18528,78.74
18543,78.74
18558,78.74
18575,76.20
18590,76.20
18606,76.20
18622,81.28
18637,78.74
18654,78.74
18669,78.74
18684,78.74
18701,78.74
18716,78.74
18732,78.74
18748,78.74
18763,78.74
18780,78.74
18795,78.74
18810,78.74
18827,78.74
18842,78.74
18857,78.74
18874,76.20
18889,264.16
18906,261.62
18921,259.08
18936,248.92
18953,251.46
18968,88.90
18984,99.06
19000,99.06
19015,101.60
19032,142.24
19047,142.24
19063,139.70
19079,139.70
19095,139.70
19110,139.70
19126,137.16
19142,137.16
19158,137.16
19174,137.16
19189,137.16
19205,137.16
19221,134.62
19236,137.16
19253,137.16
19268,137.16
19284,137.16
19300,137.16
19315,119.38
19332,119.38
19347,119.38
19363,119.38
19379,119.38
19395,119.38
19410,116.84
19426,114.30
19442,116.84
19458,114.30
19474,116.84
19489,116.84
19505,114.30
19521,114.30
19536,114.30
19553,114.30
19568,114.30
19585,114.30
19600,114.30
19615,111.76
19632,114.30
19647,114.30
19663,114.30
19679,114.30
19695,114.30
19710,114.30
19726,114.30
19742,114.30
19758,114.30
19774,111.76
19789,111.76
19805,111.76
19821,111.76
19836,111.76
19853,111.76
19868,111.76
19885,111.76
19900,111.76
19915,111.76
19932,114.30
19947,111.76
19963,111.76
19979,111.76
19995,111.76
20011,114.30
20026,111.76
20042,111.76
20058,111.76
20074,111.76
20089,111.76
20105,111.76
20121,111.76
20136,114.30
20153,114.30
20168,111.76
20185,111.76
20200,111.76
20215,111.76
20232,111.76
20247,111.76
20263,111.76
20279,111.76
20295,114.30
20311,114.30
20326,111.76
20342,111.76
20358,114.30
20374,114.30
20389,114.30
20405,134.62
20421,134.62
20436,137.16
20453,134.62
20468,134.62
20485,134.62
20500,134.62
20515,134.62
20532,137.16
20547,134.62
20563,134.62
20579,134.62
20595,134.62
20611,137.16
20626,137.16
20642,134.62
20658,137.16
20674,137.16
20689,137.16
20705,137.16
20721,137.16
20737,139.70
20753,81.28
20768,76.20
20784,78.74
20800,76.20
20815,76.20
20832,76.20
20847,76.20
20862,76.20
20879,73.66
20894,76.20
20911,73.66
20926,73.66
20941,73.66
20958,73.66
20973,76.20
20988,73.66
21005,73.66
21020,73.66
21037,73.66
21052,73.66
21067,73.66
21084,73.66
21099,73.66
21114,73.66
21131,76.20
21146,73.66
21163,73.66
-1,-1
22178,73.66
22194,76.20
22209,76.20
22225,76.20
22241,73.66
22256,76.20
22273,76.20
22288,73.66
22304,76.20
22320,76.20
22335,73.66
22351,73.66
22367,73.66
22382,73.66
22398,73.66
22414,76.20
22430,73.66
22446,73.66
22461,73.66
22477,76.20
22493,76.20
22508,73.66
22524,73.66
22540,73.66
22556,76.20
22572,73.66
22587,73.66
22603,73.66
22619,73.66
22634,76.20
22650,76.20
22666,76.20
22682,76.20
22697,76.20
22713,76.20
22729,81.28
22745,76.20
22760,76.20
22776,76.20
22792,137.16
22808,137.16
22823,137.16
22839,137.16
22855,137.16
22871,137.16
22887,137.16
22902,137.16
22919,137.16
22934,137.16
22949,134.62
22966,137.16
22981,134.62
22998,137.16
23013,134.62
23029,134.62
23045,134.62
23060,137.16
23076,134.62
23092,134.62
23108,134.62
23123,134.62
23140,134.62
23155,137.16
23171,134.62
23187,114.30
23202,114.30
23219,116.84
23234,114.30
23249,114.30
23266,114.30
23281,111.76
23298,114.30
23313,111.76
23329,111.76
23345,111.76
23360,111.76
23376,111.76
23392,111.76
23408,111.76
23424,111.76
23440,111.76
23455,114.30
23471,111.76
23487,111.76
23502,111.76
23519,111.76
23534,111.76
23549,111.76
23566,111.76
23581,109.22
23598,111.76
23613,111.76
23629,109.22
23645,109.22
23660,109.22
23676,109.22
23692,109.22
23708,109.22
23724,109.22
23740,109.22
23755,111.76
23771,109.22
23787,109.22
23802,109.22
23819,116.84
23834,111.76
23849,111.76
23866,111.76
23881,111.76
23898,114.30
23913,111.76
23929,114.30
23945,114.30
23960,114.30
23976,114.30
23992,114.30
24008,114.30
24024,114.30
24040,114.30
24055,114.30
24071,111.76
24087,114.30
24102,114.30
24119,116.84
24134,111.76
24150,111.76
24166,114.30
24181,111.76
24198,114.30
24213,116.84
24229,116.84
24245,116.84
24260,116.84
24276,137.16
24292,137.16
24308,137.16
24324,134.62
24340,137.16
24355,137.16
24371,137.16
24387,137.16
24402,137.16
24419,137.16
24434,134.62
24450,137.16
24466,137.16
24481,137.16
24498,139.70
24513,99.06
24529,96.52
24545,96.52
24560,96.52
24577,139.70
24592,137.16
24608,137.16
24624,139.70
24639,139.70
24655,139.70
24671,78.74
24687,78.74
24702,78.74
24718,243.84
24734,261.62
24750,261.62
24766,226.06
24781,251.46
24797,251.46
24813,81.28
24828,81.28
24845,83.82
24860,78.74
-1,-1
25876,76.20
25891,76.20
25908,76.20
25923,76.20
25939,76.20
25955,76.20
25970,76.20
25987,76.20
26002,76.20
26017,76.20
26034,76.20
26049,78.74
26065,78.74
26081,78.74
26096,78.74
26113,78.74
26128,78.74
26143,78.74
26160,78.74
26175,78.74
26191,78.74
26207,78.74
26222,78.74
26238,78.74
26254,78.74
26269,78.74
26286,76.20
26301,78.74
26317,78.74
26333,78.74
26348,78.74
26364,78.74
26380,78.74
26395,139.70
26412,137.16
26427,137.16
26443,137.16
26459,137.16
26475,137.16
26490,137.16
26506,139.70
26522,142.24
26537,139.70
26554,137.16
26569,137.16
26585,137.16
26601,137.16
26616,137.16
26633,137.16
26648,134.62
26664,137.16
26680,137.16
26695,134.62
26712,137.16
26727,137.16
26743,119.38
26759,119.38
26775,119.38
26790,114.30
26806,114.30
26822,114.30
26838,111.76
26854,111.76
26869,111.76
26885,111.76
26901,111.76
26916,111.76
26933,111.76
26948,111.76
26964,111.76
26980,114.30
26995,111.76
27012,111.76
27027,111.76
27043,114.30
27059,114.30
27075,114.30
27090,111.76
27106,111.76
27122,114.30
27138,114.30
27154,111.76
27169,114.30
27185,114.30
27201,114.30
27216,114.30
27233,114.30
27248,111.76
27265,111.76
27280,111.76
27295,109.22
27312,109.22
27327,109.22
27343,111.76
27359,111.76
27375,109.22
27390,111.76
27406,109.22
27422,114.30
27438,116.84
27454,116.84
27469,116.84
27485,114.30
27501,114.30
27516,114.30
27533,114.30
27548,114.30
27565,114.30
27580,114.30
27595,114.30
27612,114.30
27627,114.30
27643,114.30
27659,111.76
27675,111.76
27691,111.76
27706,111.76
27722,114.30
27738,114.30
27754,114.30
27769,114.30
27785,134.62
27801,134.62
27816,134.62
27833,137.16
27848,137.16
27865,137.16
27880,137.16
27895,134.62
27912,134.62
27927,134.62
27943,137.16
27959,134.62
27975,134.62
27991,134.62
28006,137.16
28022,137.16
28038,134.62
28054,134.62
28069,134.62
28085,142.24
28101,142.24
28116,139.70
28133,139.70
28148,142.24
28165,139.70
28180,142.24
28195,256.54
28212,256.54
28227,256.54
28243,264.16
28259,264.16
28275,81.28
28291,76.20
28306,76.20
28322,76.20
28338,76.20
28353,76.20
28369,76.20
28385,76.20
28401,78.74
28417,76.20
28432,78.74
28448,76.20
28464,76.20
28479,76.20
28495,76.20
28511,76.20
28527,73.66
28542,76.20
28558,73.66
-1,-1
29574,73.66
29590,73.66
29605,73.66
29621,73.66
29637,76.20
29652,76.20
29669,73.66
29684,73.66
29700,76.20
29716,73.66
29731,73.66
29747,76.20
29763,73.66
29778,73.66
29795,73.66
29810,73.66
29826,73.66
29842,73.66
29857,73.66
29873,73.66
29889,73.66
29904,73.66
29921,73.66
29936,73.66
29952,78.74
29968,76.20
29983,76.20
29999,73.66
30015,78.74
30030,78.74
30047,81.28
30062,76.20
30077,76.20
30094,76.20
30109,76.20
30126,261.62
30141,259.08
30156,261.62
30173,261.62
30188,261.62
30204,142.24
30220,142.24
30235,142.24
30252,142.24
30267,139.70
30283,139.70
30299,137.16
30315,139.70
30330,139.70
30346,139.70
30362,137.16
30377,137.16
30394,137.16
30409,137.16
30426,137.16
30441,137.16
30456,137.16
30473,137.16
30488,137.16
30504,137.16
30520,137.16
30536,137.16
30552,134.62
30567,137.16
30583,137.16
30599,104.14
30615,111.76
30630,114.30
30646,114.30
30662,111.76
30678,111.76
30694,114.30
30709,111.76
30726,114.30
30741,114.30
30756,111.76
30773,111.76
30788,111.76
30804,114.30
30820,111.76
30836,114.30
30852,111.76
30867,114.30
30883,111.76
30899,111.76
30915,111.76
30930,111.76
30946,114.30
30962,111.76
30978,114.30
30994,111.76
31009,111.76
31026,111.76
31041,111.76
31056,109.22
31073,111.76
31088,111.76
31105,111.76
31120,111.76
31136,111.76
31152,111.76
31167,114.30
31183,111.76
31199,111.76
31215,111.76
31230,114.30
31246,114.30
31262,114.30
31278,114.30
31294,111.76
31309,114.30
31326,114.30
31341,114.30
31356,114.30
31373,114.30
31388,114.30
31405,114.30
31420,111.76
31436,111.76
31452,114.30
31467,111.76
31483,111.76
31499,114.30
31515,111.76
31531,111.76
31546,114.30
31562,111.76
31578,114.30
31594,114.30
31609,116.84
31626,116.84
31641,114.30
31656,114.30
31673,114.30
31688,129.54
31705,137.16
31720,137.16
31736,137.16
31752,137.16
31767,134.62
31783,137.16
31799,134.62
31815,134.62
31831,134.62
31846,137.16
31862,134.62
31878,134.62
31894,134.62
31909,137.16
31926,137.16
31941,137.16
31956,139.70
31973,139.70
31988,99.06
32005,99.06
32020,99.06
32035,114.30
32052,142.24
32067,142.24
32083,93.98
32099,96.52
32114,99.06
32131,71.12
32146,73.66
32162,73.66
32178,73.66
32193,264.16
32209,261.62
32225,259.08
32241,78.74
32257,78.74
-1,-1
33272,73.66
33288,73.66
33304,73.66
33319,73.66
33335,76.20
33351,76.20
33367,73.66
33383,73.66
33398,76.20
33414,73.66
33430,73.66
33445,76.20
33461,76.20
33477,73.66
33492,73.66
33509,76.20
33524,73.66
33540,73.66
33556,73.66
33571,78.74
33587,78.74
33603,78.74
33618,78.74
33635,78.74
33650,78.74
33666,78.74
33682,76.20
33697,78.74
33713,78.74
33729,264.16
33744,261.62
33761,261.62
33776,142.24
33793,142.24
33808,142.24
33823,139.70
33840,137.16
33855,139.70
33871,137.16
33887,137.16
33902,137.16
33918,134.62
33934,137.16
33950,137.16
33966,137.16
33982,137.16
33997,137.16
34013,137.16
34029,137.16
34044,137.16
34061,137.16
34076,137.16
34092,137.16
34108,137.16
34123,119.38
34140,119.38
34155,119.38
34171,116.84
34187,114.30
34202,116.84
34219,111.76
34234,111.76
34250,114.30
34266,111.76
34282,111.76
34297,111.76
34313,111.76
34329,114.30
34344,111.76
34361,111.76
34376,111.76
34392,114.30
34408,111.76
34423,114.30
34440,114.30
34455,114.30
34471,111.76
34487,114.30
34502,111.76
34519,111.76
34534,111.76
34550,111.76
34566,111.76
34582,111.76
34597,114.30
34613,114.30
34629,114.30
34644,111.76
34661,109.22
34676,109.22
34693,111.76
34708,109.22
34723,109.22
34740,109.22
34755,109.22
34771,111.76
34787,109.22
34802,111.76
34819,114.30
34834,114.30
34850,114.30
34866,114.30
34882,111.76
34897,111.76
34913,111.76
34929,111.76
34945,124.46
34961,111.76
34976,114.30
34993,114.30
35008,111.76
35023,111.76
35040,114.30
35055,111.76
35072,111.76
35087,111.76
35102,116.84
35119,114.30
35134,116.84
35150,116.84
35166,137.16
35182,137.16
35197,137.16
35213,134.62
35229,134.62
35245,137.16
35261,134.62
35276,137.16
35293,137.16
35308,137.16
35323,137.16
35340,137.16
35355,134.62
35372,137.16
35387,134.62
35402,139.70
35419,137.16
35434,137.16
35450,139.70
35466,137.16
35482,137.16
35497,139.70
35513,139.70
35529,137.16
35545,139.70
35561,139.70
35576,139.70
35593,139.70
35608,76.20
35623,76.20
35640,76.20
35655,76.20
35671,76.20
35687,76.20
35702,73.66
35719,73.66
35734,73.66
35749,73.66
35766,73.66
35781,76.20
35796,76.20
35813,73.66
35828,76.20
35845,73.66
35860,73.66
35875,76.20
35892,76.20
35907,76.20
35923,76.20
35939,76.20
35954,76.20
-1,-1
36970,73.66
36986,73.66
37002,73.66
37017,73.66
37033,76.20
37049,73.66
37065,73.66
37081,73.66
37096,73.66
37112,73.66
37128,73.66
37143,76.20
37159,73.66
37175,73.66
37191,73.66
37207,73.66
37222,76.20
37238,76.20
37254,73.66
37269,76.20
37285,73.66
37301,73.66
37317,76.20
37332,76.20
37348,73.66
37364,73.66
37380,73.66
37395,76.20
37411,73.66
37427,81.28
37443,76.20
37458,76.20
37474,76.20
37490,264.16
37506,259.08
37522,259.08
37537,76.20
37553,76.20
37569,76.20
37584,137.16
37601,137.16
37616,137.16
37632,139.70
37648,137.16
37663,137.16
37680,137.16
37695,137.16
37710,137.16
37727,137.16
37742,137.16
37758,137.16
37774,137.16
37790,137.16
37806,139.70
37821,137.16
37837,137.16
37853,134.62
37869,137.16
37884,134.62
37901,134.62
37916,137.16
37932,134.62
37948,134.62
37963,134.62
37980,119.38
37995,119.38
38010,119.38
38027,114.30
38042,114.30
38059,114.30
38074,111.76
38090,111.76
38106,114.30
38121,114.30
38137,116.84
38153,114.30
38169,116.84
38184,111.76
38201,114.30
38216,114.30
38232,111.76
38248,111.76
38263,111.76
38280,114.30
38295,111.76
38310,111.76
38327,109.22
38342,111.76
38359,111.76
38374,116.84
38390,116.84
38406,116.84
38421,111.76
38437,114.30
38453,111.76
38469,109.22
38484,109.22
38501,109.22
38516,111.76
38532,109.22
38548,109.22
38563,111.76
38580,111.76
38595,114.30
38610,114.30
38627,111.76
38642,111.76
38659,111.76
38674,111.76
38690,111.76
38706,111.76
38721,116.84
38737,116.84
38753,114.30
38769,111.76
38785,111.76
38800,111.76
38816,111.76
38832,111.76
38848,111.76
38863,111.76
38880,111.76
38895,111.76
38910,111.76
38927,114.30
38942,116.84
38959,114.30
38974,114.30
38990,114.30
39006,114.30
39021,114.30
39037,116.84
39053,114.30
39069,137.16
39085,137.16
39100,137.16
39116,137.16
39132,137.16
39148,137.16
39163,134.62
39180,137.16
39195,137.16
39211,134.62
39227,134.62
39242,134.62
39259,134.62
39274,134.62
39290,137.16
39306,134.62
39321,142.24
39337,142.24
39353,142.24
39369,137.16
39385,139.70
39400,137.16
39416,101.60
39432,104.14
39448,101.60
39463,78.74
39480,78.74
39495,78.74
39511,81.28
39527,261.62
39542,261.62
39559,259.08
39574,248.92
39589,248.92
39606,68.58
39621,81.28
39638,83.82
39653,66.04
-1,-1
40669,78.74
40684,78.74
40700,76.20
40716,76.20
40731,76.20
40748,73.66
40763,73.66
40779,73.66
40795,73.66
40810,76.20
40826,73.66
40842,76.20
40857,73.66
40873,76.20
40889,76.20
40905,76.20
40921,76.20
40936,76.20
40952,73.66
40968,76.20
40983,73.66
40999,76.20
41015,76.20
41031,78.74
41047,76.20
41062,76.20
41078,78.74
41094,78.74
41109,78.74
41125,78.74
41141,104.14
41157,139.70
41172,139.70
41188,96.52
41204,99.06
41220,99.06
41236,99.06
41251,137.16
41267,139.70
41283,137.16
41298,99.06
41315,99.06
41330,96.52
41346,142.24
41362,142.24
41377,142.24
41394,134.62
41409,134.62
41424,134.62
41441,134.62
41456,134.62
41473,134.62
41488,119.38
41504,119.38
41520,119.38
41535,119.38
41551,114.30
41567,114.30
41583,114.30
41598,114.30
41615,111.76
41630,111.76
41646,114.30
41662,111.76
41677,111.76
41694,111.76
41709,111.76
41724,111.76
41741,111.76
41756,111.76
41773,111.76
41788,111.76
41804,111.76
41820,111.76
41835,111.76
41851,111.76
41867,111.76
41883,111.76
41899,111.76
41915,111.76
41930,111.76
41946,111.76
41962,111.76
41977,111.76
41994,109.22
42009,109.22
42024,109.22
42041,111.76
42056,109.22
42073,111.76
42088,109.22
42104,111.76
42120,111.76
42135,109.22
42151,109.22
42167,109.22
42183,114.30
42199,111.76
42215,111.76
42230,111.76
42246,111.76
42262,109.22
42277,109.22
42294,111.76
42309,111.76
42324,114.30
42341,114.30
42356,114.30
42373,114.30
42388,111.76
42404,114.30
42420,111.76
42435,111.76
42451,111.76
42467,111.76
42483,114.30
42499,111.76
42515,111.76
42530,116.84
42546,116.84
42562,116.84
42577,132.08
42594,134.62
42609,134.62
42625,134.62
42641,134.62
42656,134.62
42673,134.62
42688,134.62
42704,134.62
42720,134.62
42735,134.62
42752,134.62
42767,134.62
42783,134.62
42799,134.62
42814,137.16
42830,137.16
42846,139.70
42862,139.70
42877,137.16
42894,139.70
42909,137.16
42925,137.16
42941,139.70
42956,139.70
42973,139.70
42988,137.16
43004,139.70
43020,68.58
43035,73.66
43052,76.20
43067,73.66
43082,76.20
43099,73.66
43114,76.20
43130,76.20
43146,76.20
43161,76.20
43177,73.66
43193,73.66
43208,73.66
43225,76.20
43240,76.20
43256,76.20
43272,76.20
43287,73.66
43303,76.20
43319,76.20
43335,73.66
43351,73.66
-1,-1
44366,73.66
44382,76.20
44398,73.66
44413,73.66
44429,73.66
44445,73.66
44461,76.20
44477,73.66
44492,73.66
44508,76.20
44524,76.20
44539,73.66
44555,73.66
44571,76.20
44587,76.20
44603,76.20
44618,73.66
44634,73.66
44650,73.66
44665,73.66
44681,73.66
44697,73.66
44712,73.66
44729,76.20
44744,73.66
44760,73.66
44776,76.20
44791,76.20
44807,76.20
44823,76.20
44838,76.20
44855,78.74
44870,78.74
44886,76.20
44902,76.20
44917,76.20
44933,76.20
44949,76.20
44964,137.16
44981,137.16
44996,137.16
45011,137.16
45028,137.16
45043,139.70
45060,137.16
45075,137.16
45091,137.16
45107,139.70
45122,137.16
45138,137.16
45154,134.62
45170,134.62
45186,134.62
45201,134.62
45217,134.62
45233,134.62
45249,134.62
45264,134.62
45281,134.62
45296,134.62
45312,134.62
45328,134.62
45343,137.16
45360,134.62
45375,134.62
45391,134.62
45407,111.76
45422,111.76
45438,114.30
45454,111.76
45470,111.76
45486,114.30
45502,111.76
45517,111.76
45533,111.76
45549,111.76
45564,111.76
45581,114.30
45596,111.76
45612,111.76
45628,111.76
45643,111.76
45660,111.76
45675,111.76
45691,111.76
45707,111.76
45722,111.76
45739,111.76
45754,111.76
45770,111.76
45786,111.76
45802,109.22
45817,109.22
45833,109.22
45849,109.22
45864,111.76
45881,111.76
45896,109.22
45912,111.76
45928,111.76
45943,114.30
45960,111.76
45975,111.76
45991,111.76
46007,111.76
46022,111.76
46039,111.76
46054,111.76
46070,114.30
46086,114.30
46102,111.76
46117,111.76
46133,111.76
46149,111.76
46164,111.76
46181,111.76
46196,111.76
46212,111.76
46228,111.76
46243,111.76
46260,111.76
46275,111.76
46291,111.76
46307,111.76
46322,111.76
46339,111.76
46354,111.76
46370,111.76
46386,114.30
46402,114.30
46417,114.30
46433,114.30
46449,116.84
46465,114.30
46481,116.84
46496,137.16
46512,137.16
46528,137.16
46543,134.62
46560,134.62
46575,134.62
46592,134.62
46607,134.62
46622,134.62
46639,134.62
46654,134.62
46670,137.16
46686,134.62
46701,134.62
46717,137.16
46733,134.62
46749,142.24
46765,142.24
46781,142.24
46796,96.52
46812,96.52
46828,99.06
46843,76.20
46860,78.74
46875,76.20
46891,78.74
46907,78.74
46922,78.74
46938,76.20
46954,78.74
46969,78.74
46986,78.74
47001,78.74
47016,78.74
47033,76.20
47048,78.74
-1,-1
48064,76.20
48079,76.20
48096,76.20
48111,76.20
48128,78.74
48143,78.74
48158,78.74
48175,76.20
48190,73.66
48205,73.66
48222,76.20
48237,76.20
48253,76.20
48269,78.74
48284,76.20
48301,78.74
48316,78.74
48331,78.74
48348,78.74
48363,78.74
48379,76.20
48395,76.20
48410,76.20
48427,254.00
48442,248.92
48458,246.38
48474,78.74
48489,78.74
48505,78.74
48521,76.20
48536,76.20
48552,78.74
48568,139.70
48584,139.70
48600,139.70
48615,137.16
48631,139.70
48647,139.70
48663,137.16
48678,134.62
48695,134.62
48710,137.16
48726,134.62
48742,134.62
48757,134.62
48774,134.62
48789,134.62
48805,134.62
48821,134.62
48836,134.62
48852,137.16
48868,137.16
48884,134.62
48900,137.16
48915,119.38
48931,114.30
48947,114.30
48963,111.76
48978,111.76
48995,114.30
49010,114.30
49026,111.76
49042,111.76
49057,111.76
49074,111.76
49089,111.76
49105,111.76
49121,111.76
49136,111.76
49153,114.30
49168,114.30
49184,111.76
49200,114.30
49215,111.76
49231,111.76
49247,111.76
49263,111.76
49278,111.76
49295,114.30
49310,111.76
49326,111.76
49342,111.76
49357,109.22
49374,111.76
49389,111.76
49405,109.22
49421,111.76
49436,111.76
49453,111.76
49468,111.76
49484,109.22
49500,111.76
49515,109.22
49531,109.22
49547,111.76
49563,111.76
49579,111.76
49595,111.76
49610,114.30
49626,111.76
49642,114.30
49657,111.76
49674,111.76
49689,114.30
49705,111.76
49721,111.76
49736,114.30
49753,119.38
49768,111.76
49784,111.76
49800,111.76
49815,114.30
49831,114.30
49847,114.30
49863,111.76
49879,111.76
49895,111.76
49910,111.76
49926,111.76
49942,111.76
49957,114.30
49974,114.30
49989,114.30
50006,137.16
50021,134.62
50036,134.62
50053,134.62
50068,134.62
50084,134.62
50100,137.16
50115,137.16
50131,137.16
50147,134.62
50163,134.62
50179,137.16
50195,137.16
50210,137.16
50226,134.62
50242,134.62
50257,134.62
50274,137.16
50289,137.16
50306,139.70
50321,139.70
50336,139.70
50353,78.74
50368,78.74
50384,78.74
50400,76.20
50415,78.74
50432,78.74
50447,76.20
50462,76.20
50479,76.20
50494,73.66
50510,73.66
50526,73.66
50541,73.66
50557,76.20
50573,76.20
50588,73.66
50605,73.66
50620,73.66
50636,73.66
50652,76.20
50667,73.66
50683,76.20
50699,73.66
50714,76.20
50731,76.20
50746,73.66
-1,-1
51762,73.66
51778,76.20
51793,78.74
51809,76.20
51825,76.20
51841,73.66
51857,73.66
51872,76.20
51888,73.66
51904,73.66
51919,73.66
51935,73.66
51951,73.66
51966,73.66
51983,78.74
51998,78.74
52014,78.74
52030,76.20
52045,73.66
52061,73.66
52077,73.66
52092,73.66
52109,73.66
52124,73.66
52140,73.66
52156,76.20
52171,73.66
52187,73.66
52203,73.66
52218,76.20
52235,73.66
52250,73.66
52265,73.66
52282,73.66
52297,73.66
52313,73.66
52329,78.74
52344,76.20
52361,76.20
52376,76.20
52391,76.20
52408,76.20
52423,76.20
52439,134.62
52455,134.62
52470,134.62
52487,134.62
52502,134.62
52518,137.16
52534,137.16
52549,134.62
52566,137.16
52581,134.62
52597,134.62
52613,134.62
52628,137.16
52644,137.16
52660,137.16
52676,134.62
52691,134.62
52708,134.62
52723,134.62
52739,134.62
52755,134.62
52770,134.62
52787,116.84
52802,119.38
52818,116.84
52834,114.30
52849,114.30
52866,114.30
52881,111.76
52897,114.30
52913,114.30
52928,111.76
52944,111.76
52960,111.76
52976,111.76
52992,111.76
53008,111.76
53023,111.76
53039,111.76
53055,111.76
53070,111.76
53087,111.76
53102,111.76
53118,111.76
53134,111.76
53149,109.22
53166,109.22
53181,111.76
53197,111.76
53213,111.76
53228,109.22
53244,109.22
53260,109.22
53276,111.76
53292,111.76
53308,111.76
53323,111.76
53339,111.76
53355,111.76
53370,111.76
53387,111.76
53402,114.30
53419,111.76
53434,111.76
53449,111.76
53466,111.76
53481,111.76
53497,111.76
53513,111.76
53528,111.76
53544,111.76
53560,111.76
53576,111.76
53592,114.30
53608,114.30
53623,111.76
53639,111.76
53655,111.76
53670,111.76
53687,111.76
53702,114.30
53719,111.76
53734,111.76
53749,111.76
53766,116.84
53781,116.84
53797,114.30
53813,114.30
53828,114.30
53844,114.30
53860,116.84
53876,137.16
53892,137.16
53908,137.16
53923,134.62
53939,137.16
53955,137.16
53970,134.62
53987,134.62
54002,137.16
54019,137.16
54034,134.62
54049,134.62
54066,139.70
54081,139.70
54097,139.70
54113,139.70
54128,139.70
54145,139.70
54160,139.70
54176,139.70
54192,139.70
54208,139.70
54223,137.16
54239,137.16
54255,137.16
54270,248.92
54287,246.38
54302,246.38
54319,81.28
54334,83.82
54349,81.28
54366,76.20
54381,78.74
54396,78.74
54413,76.20
54428,78.74
54445,78.74
-1,-1
55460,73.66
55476,76.20
55491,76.20
55507,73.66
55523,76.20
55538,76.20
55555,73.66
55570,73.66
55586,73.66
55602,76.20
55617,76.20
55633,73.66
55649,73.66
55665,73.66
55681,76.20
55696,73.66
55712,76.20
55728,73.66
55743,73.66
55759,76.20
55775,73.66
55791,81.28
55806,78.74
55822,78.74
55838,78.74
55854,76.20
55869,76.20
55885,78.74
55901,76.20
55917,76.20
55932,78.74
55948,78.74
55964,76.20
55980,78.74
55995,78.74
56011,76.20
56027,76.20
56043,142.24
56058,139.70
56074,137.16
56090,137.16
56105,137.16
56122,137.16
56137,137.16
56154,134.62
56169,134.62
56184,134.62
56201,137.16
56216,137.16
56232,137.16
56248,137.16
56264,137.16
56280,137.16
56295,134.62
56311,134.62
56327,134.62
56343,119.38
56358,119.38
56374,119.38
56390,114.30
56406,111.76
56422,111.76
56437,111.76
56454,111.76
56469,111.76
56484,111.76
56501,111.76
56516,111.76
56532,111.76
56548,111.76
56564,111.76
56580,114.30
56595,111.76
56611,111.76
56627,114.30
56643,114.30
56658,111.76
56674,111.76
56690,111.76
56706,111.76
56722,111.76
56737,111.76
56754,111.76
56769,111.76
56784,111.76
56801,111.76
56816,111.76
56833,111.76
56848,111.76
56864,111.76
56880,114.30
56895,111.76
56911,111.76
56927,111.76
56943,111.76
56958,114.30
56974,111.76
56990,114.30
57006,116.84
57022,114.30
57037,114.30
57054,114.30
57069,111.76
57084,111.76
57101,111.76
57116,111.76
57133,111.76
57148,114.30
57164,111.76
57180,111.76
57195,111.76
57211,111.76
57227,111.76
57243,111.76
57259,114.30
57274,114.30
57290,111.76
57306,111.76
57322,111.76
57337,111.76
57354,111.76
57369,111.76
57384,137.16
57401,139.70
57416,137.16
57433,134.62
57448,134.62
57464,134.62
57480,134.62
57495,134.62
57511,134.62
57527,134.62
57543,134.62
57559,134.62
57574,137.16
57590,134.62
57606,134.62
57622,134.62
57637,134.62
57654,134.62
57669,134.62
57684,139.70
57701,139.70
57716,137.16
57733,137.16
57748,137.16
57764,139.70
57780,78.74
57795,78.74
57811,76.20
57827,78.74
57842,261.62
57859,259.08
57874,81.28
57890,76.20
57906,78.74
57921,78.74
57937,76.20
57953,78.74
57969,76.20
57985,76.20
58000,76.20
58016,76.20
58032,76.20
58047,76.20
58063,76.20
58079,73.66
58095,73.66
58110,76.20
58126,73.66
58142,76.20
-1,-1
59158,73.66
59173,73.66
59189,73.66
59205,81.28
59220,78.74
59237,76.20
59252,76.20
59268,76.20
59284,78.74
59299,76.20
59315,73.66
59331,73.66
59346,73.66
59363,78.74
59378,76.20
59394,76.20
59410,76.20
59425,76.20
59441,76.20
59457,76.20
59472,76.20
59489,76.20
59504,78.74
59520,76.20
59536,76.20
59551,76.20
59567,261.62
59583,259.08
59598,259.08
59615,73.66
59630,76.20
59646,76.20
59662,243.84
59677,256.54
59694,256.54
59709,256.54
59725,264.16
59741,261.62
59756,139.70
59772,142.24
59788,142.24
59804,142.24
59820,139.70
59836,137.16
59851,139.70
59867,139.70
59883,139.70
59898,139.70
59915,137.16
59930,137.16
59945,137.16
59962,137.16
59977,137.16
59994,139.70
60009,139.70
60025,137.16
60041,137.16
60056,134.62
60072,137.16
60088,134.62
60104,137.16
60120,134.62
60136,137.16
60151,134.62
60167,134.62
60183,134.62
60198,119.38
60215,119.38
60230,119.38
60246,116.84
60262,111.76
60277,114.30
60294,111.76
60309,114.30
60325,114.30
60341,114.30
60356,111.76
60372,111.76
60388,114.30
60404,114.30
60420,111.76
60436,114.30
60451,111.76
60467,111.76
60483,111.76
60498,111.76
60515,111.76
60530,111.76
60546,111.76
60562,109.22
60577,109.22
60594,114.30
60609,111.76
60625,114.30
60641,111.76
60656,109.22
60673,109.22
60688,109.22
60704,114.30
60720,111.76
60736,114.30
60751,111.76
60767,111.76
60783,111.76
60798,111.76
60815,111.76
60830,111.76
60847,114.30
60862,111.76
60877,111.76
60894,114.30
60909,111.76
60925,111.76
60941,111.76
60956,111.76
60973,111.76
60988,111.76
61004,111.76
61020,111.76
61036,111.76
61051,111.76
61067,114.30
61083,111.76
61099,111.76
61115,111.76
61130,111.76
61147,111.76
61162,111.76
61177,111.76
61194,116.84
61209,116.84
61225,116.84
61241,137.16
61256,137.16
61273,139.70
61288,134.62
61304,137.16
61320,137.16
61336,134.62
61351,134.62
61367,137.16
61383,137.16
61399,134.62
61415,134.62
61430,134.62
61447,93.98
61462,93.98
61477,96.52
61494,137.16
61509,137.16
61524,137.16
61541,99.06
61556,101.60
61573,101.60
61588,139.70
61604,137.16
61620,137.16
61635,81.28
61651,78.74
61667,78.74
61683,76.20
61699,76.20
61714,76.20
61730,76.20
61746,76.20
61761,76.20
61777,76.20
61793,73.66
61809,76.20
61825,73.66
61840,73.66
-1,-1
62856,73.66
62872,76.20
62887,76.20
62903,76.20
62919,76.20
62935,76.20
62951,76.20
62966,76.20
62982,73.66
62998,73.66
63013,76.20
63029,76.20
63045,73.66
63060,76.20
63077,73.66
63092,73.66
63108,76.20
63124,73.66
63139,76.20
63156,76.20
63171,78.74
63186,78.74
63203,78.74
63218,76.20
63234,76.20
63250,76.20
63265,76.20
63282,76.20
63297,76.20
63312,76.20
63329,76.20
63344,76.20
63360,76.20
63376,137.16
63391,137.16
63408,139.70
63423,137.16
63439,137.16
63455,139.70
63470,137.16
63486,137.16
63502,137.16
63518,134.62
63534,137.16
63549,137.16
63565,134.62
63581,134.62
63597,137.16
63612,134.62
63629,134.62
63644,134.62
63660,134.62
63676,134.62
63691,134.62
63708,134.62
63723,116.84
63739,116.84
63755,116.84
63770,114.30
63787,114.30
63802,114.30
63818,111.76
63834,111.76
63849,114.30
63865,111.76
63881,111.76
63897,114.30
63912,111.76
63929,111.76
63944,111.76
63960,111.76
63976,111.76
63991,111.76
64008,109.22
64023,111.76
64039,111.76
64055,111.76
64070,114.30
64087,111.76
64102,111.76
64118,111.76
64134,114.30
64149,114.30
64165,111.76
64181,111.76
64197,114.30
64212,114.30
64229,111.76
64244,111.76
64260,109.22
64276,109.22
64291,109.22
64308,114.30
64323,111.76
64339,111.76
64355,111.76
64370,114.30
64387,111.76
64402,114.30
64418,114.30
64434,111.76
64449,111.76
64465,111.76
64481,111.76
64497,111.76
64513,111.76
64529,114.30
64544,114.30
64560,114.30
64576,114.30
64591,114.30
64608,111.76
64623,111.76
64640,114.30
64655,111.76
64670,111.76
64687,111.76
64702,116.84
64718,111.76
64734,111.76
64749,116.84
64765,114.30
64781,114.30
64797,114.30
64813,134.62
64829,134.62
64844,134.62
64860,134.62
64876,137.16
64891,134.62
64908,134.62
64923,134.62
64940,137.16
64955,134.62
64970,134.62
64987,134.62
65002,137.16
65018,137.16
65034,137.16
65049,139.70
65065,137.16
65081,137.16
65097,137.16
65113,144.78
65129,144.78
65144,144.78
65160,259.08
65176,259.08
65191,256.54
65208,261.62
65223,261.62
65240,261.62
65255,261.62
65270,261.62
65287,261.62
65302,261.62
65318,261.62
65334,261.62
65349,264.16
65366,276.86
65381,276.86
65397,78.74
65413,78.74
65428,78.74
65444,78.74
65460,269.24
65476,266.70
65491,91.44
65507,76.20
65523,78.74
65539,78.74
-1,-1
66554,76.20
66571,76.20
66586,76.20
66601,76.20
66618,78.74
66633,73.66
66649,73.66
66665,73.66
66680,78.74
66697,76.20
66712,76.20
66727,76.20
66744,76.20
66759,76.20
66775,76.20
66791,76.20
66806,76.20
66823,76.20
66838,76.20
66853,416.56
66870,411.48
66885,78.74
66902,78.74
66917,78.74
66932,78.74
66949,78.74
66964,78.74
66979,78.74
66996,386.08
67011,396.24
67027,86.36
67043,78.74
67058,78.74
67075,78.74
67090,261.62
67106,261.62
67122,259.08
67137,121.92
67153,121.92
67169,124.46
67185,137.16
67201,137.16
67217,139.70
67232,139.70
67248,137.16
67264,139.70
67279,137.16
67296,137.16
67311,137.16
67326,134.62
67343,134.62
67358,137.16
67375,134.62
67390,134.62
67406,134.62
67422,134.62
67437,134.62
67453,137.16
67469,134.62
67485,134.62
67501,134.62
67517,134.62
67532,137.16
67548,134.62
67564,134.62
67579,116.84
67596,119.38
67611,116.84
67627,111.76
67643,114.30
67658,114.30
67675,111.76
67690,111.76
67706,111.76
67722,114.30
67737,114.30
67753,114.30
67769,114.30
67785,111.76
67801,111.76
67817,111.76
67832,111.76
67848,111.76
67864,111.76
67879,111.76
67896,111.76
67911,111.76
67927,111.76
67943,111.76
67958,111.76
67975,111.76
67990,111.76
68006,111.76
68022,109.22
68037,111.76
68054,111.76
68069,114.30
68085,111.76
68101,111.76
68116,111.76
68132,111.76
68148,111.76
68164,111.76
68179,111.76
68196,114.30
68211,111.76
68227,111.76
68243,111.76
68258,111.76
68275,111.76
68290,111.76
68306,111.76
68322,111.76
68337,114.30
68354,111.76
68369,111.76
68385,111.76
68401,114.30
68416,111.76
68432,111.76
68448,111.76
68464,111.76
68480,111.76
68496,111.76
68511,111.76
68527,111.76
68543,111.76
68558,111.76
68575,114.30
68590,114.30
68606,114.30
68622,114.30
68637,114.30
68654,114.30
68669,134.62
68685,134.62
68701,134.62
68716,134.62
68732,134.62
68748,134.62
68764,134.62
68780,137.16
68796,134.62
68811,134.62
68827,134.62
68843,134.62
68858,134.62
68875,134.62
68890,134.62
68907,137.16
68922,137.16
68937,137.16
68954,139.70
68969,76.20
68985,78.74
69001,78.74
69016,78.74
69032,78.74
69048,78.74
69063,76.20
69080,76.20
69095,78.74
69111,76.20
69127,76.20
69142,78.74
69158,73.66
69174,73.66
69190,73.66
69206,73.66
69221,73.66
69237,73.66
-1,-1
70253,76.20
70268,73.66
70284,76.20
70300,73.66
70316,73.66
70332,73.66
70347,76.20
70363,73.66
70379,76.20
70394,73.66
70410,73.66
70426,73.66
70441,73.66
70458,73.66
70473,73.66
70489,76.20
70505,73.66
70520,76.20
70536,76.20
70552,73.66
70567,73.66
70584,73.66
70599,73.66
70615,76.20
70631,76.20
70646,73.66
70662,76.20
70678,76.20
70693,78.74
70710,76.20
70725,78.74
70740,76.20
70757,76.20
70772,76.20
70789,76.20
70804,76.20
70819,76.20
70836,76.20
70851,137.16
70866,137.16
70883,137.16
70898,137.16
70915,137.16
70930,134.62
70946,134.62
70962,134.62
70977,134.62
70993,137.16
71009,134.62
71025,134.62
71041,137.16
71057,134.62
71072,134.62
71088,116.84
71104,116.84
71119,119.38
71136,116.84
71151,116.84
71166,114.30
71183,116.84
71198,111.76
71215,111.76
71230,111.76
71246,111.76
71262,114.30
71277,114.30
71293,114.30
71309,114.30
71325,114.30
71341,111.76
71357,111.76
71372,111.76
71388,111.76
71404,114.30
71419,114.30
71436,111.76
71451,111.76
71468,111.76
71483,111.76
71498,114.30
71515,114.30
71530,114.30
71546,111.76
71562,111.76
71577,111.76
71593,111.76
71609,111.76
71625,111.76
71641,111.76
71657,111.76
71672,111.76
71688,111.76
71704,111.76
71719,111.76
71736,111.76
71751,111.76
71768,114.30
71783,111.76
71798,111.76
71815,111.76
71830,111.76
71846,111.76
71862,114.30
71877,111.76
71894,111.76
71909,111.76
71925,111.76
71941,114.30
71957,111.76
71972,111.76
71988,111.76
72004,114.30
72019,114.30
72036,111.76
72051,111.76
72068,111.76
72083,111.76
72098,111.76
72115,111.76
72130,114.30
72146,114.30
72162,114.30
72177,137.16
72194,137.16
72209,137.16
72225,137.16
72241,134.62
72257,134.62
72272,137.16
72288,134.62
72304,137.16
72320,137.16
72336,134.62
72351,134.62
72368,134.62
72383,134.62
72398,134.62
72415,134.62
72430,142.24
72446,142.24
72462,142.24
72477,137.16
72494,137.16
72509,139.70
72525,139.70
72541,142.24
72557,139.70
72572,139.70
72588,256.54
72604,256.54
72620,256.54
72636,261.62
72651,261.62
72668,172.72
72683,78.74
72698,78.74
72715,78.74
72730,256.54
72747,261.62
72762,261.62
72777,78.74
72794,78.74
72809,78.74
72824,76.20
72841,76.20
72856,78.74
72872,73.66
72888,73.66
72903,73.66
72920,73.66
72935,73.66
-1,-1
73951,73.66
73967,73.66
73982,73.66
73998,73.66
74014,73.66
74030,73.66
74045,73.66
74061,73.66
74077,73.66
74093,73.66
74108,73.66
74124,73.66
74140,73.66
74156,73.66
74171,73.66
74187,73.66
74203,76.20
74219,73.66
74234,73.66
74250,73.66
74266,73.66
74281,73.66
74297,73.66
74313,76.20
74329,76.20
74345,78.74
74360,76.20
74376,76.20
74392,76.20
74407,73.66
74424,73.66
74439,73.66
74455,73.66
74471,259.08
74486,259.08
74502,170.18
74518,119.38
74533,119.38
74550,121.92
74565,139.70
74582,139.70
74597,139.70
74612,137.16
74629,139.70
74644,139.70
74660,139.70
74676,137.16
74692,137.16
74707,137.16
74723,139.70
74739,137.16
74755,134.62
74771,134.62
74786,137.16
74802,137.16
74818,134.62
74833,134.62
74850,134.62
74865,134.62
74882,134.62
74897,134.62
74912,134.62
74929,137.16
74944,134.62
74960,116.84
74976,116.84
74992,116.84
75008,116.84
75023,114.30
75039,116.84
75055,111.76
75071,111.76
75086,114.30
75102,114.30
75118,111.76
75133,114.30
75150,111.76
75165,111.76
75182,111.76
75197,111.76
75212,111.76
75229,111.76
75244,111.76
75260,111.76
75276,111.76
75292,111.76
75308,111.76
75323,111.76
75339,111.76
75355,111.76
75371,111.76
75386,114.30
75402,109.22
75418,109.22
75433,109.22
75450,109.22
75465,109.22
75482,109.22
75497,109.22
75512,109.22
75529,109.22
75544,111.76
75560,111.76
75576,111.76
75592,111.76
75608,111.76
75623,111.76
75639,111.76
75655,111.76
75671,111.76
75686,111.76
75702,111.76
75718,111.76
75734,111.76
75750,111.76
75765,111.76
75782,111.76
75797,111.76
75812,111.76
75829,114.30
75844,111.76
75860,111.76
75876,111.76
75892,111.76
75908,111.76
75923,111.76
75939,111.76
75955,111.76
75971,111.76
75986,119.38
76002,114.30
76018,114.30
76034,114.30
76050,137.16
76065,137.16
76082,134.62
76097,134.62
76112,134.62
76129,134.62
76144,134.62
76161,134.62
76176,134.62
76192,134.62
76208,137.16
76223,134.62
76239,142.24
76255,142.24
76271,142.24
76286,139.70
76303,137.16
76318,137.16
76334,137.16
76350,137.16
76365,139.70
76382,76.20
76397,81.28
76412,81.28
76429,81.28
76444,78.74
76461,76.20
76476,78.74
76491,76.20
76508,76.20
76523,76.20
76538,73.66
76555,73.66
76570,73.66
76587,73.66
76602,73.66
76617,76.20
76634,76.20
-1,-1
77649,73.66
77665,76.20
77680,76.20
77697,76.20
77712,76.20
77728,76.20
77744,73.66
77759,76.20
77775,73.66
77791,76.20
77807,76.20
77822,73.66
77838,76.20
77854,76.20
77870,73.66
77885,73.66
77901,76.20
77917,76.20
77933,76.20
77948,76.20
77964,73.66
77980,73.66
77996,76.20
78011,76.20
78027,76.20
78043,73.66
78059,76.20
78074,78.74
78090,78.74
78106,76.20
78121,76.20
78138,78.74
78153,78.74
78169,96.52
78185,96.52
78200,96.52
78216,119.38
78232,139.70
78247,139.70
78264,137.16
78279,137.16
78296,137.16
78311,137.16
78326,137.16
78343,134.62
78358,134.62
78374,134.62
78390,134.62
78405,134.62
78422,134.62
78437,134.62
78453,134.62
78469,134.62
78485,134.62
78500,134.62
78516,116.84
78532,116.84
78547,116.84
78564,111.76
78579,111.76
78595,114.30
78611,111.76
78626,111.76
78643,111.76
78658,111.76
78674,111.76
78690,111.76
78705,111.76
78722,111.76
78737,114.30
78753,111.76
78769,114.30
78785,111.76
78800,111.76
78816,111.76
78832,111.76
78848,114.30
78864,111.76
78879,114.30
78895,111.76
78911,111.76
78926,111.76
78943,111.76
78958,114.30
78974,114.30
78990,114.30
79005,111.76
79022,109.22
79037,109.22
79053,111.76
79069,109.22
79085,109.22
79100,109.22
79116,109.22
79132,111.76
79148,111.76
79164,111.76
79179,111.76
79196,111.76
79211,111.76
79226,114.30
79243,111.76
79258,111.76
79275,111.76
79290,111.76
79305,111.76
79322,111.76
79337,111.76
79353,111.76
79369,111.76
79385,111.76
79400,111.76
79416,111.76
79432,114.30
79448,111.76
79464,111.76
79479,111.76
79496,111.76
79511,111.76
79526,111.76
79543,111.76
79558,137.16
79575,137.16
79590,139.70
79605,134.62
79622,134.62
79637,134.62
79653,134.62
79669,134.62
79685,134.62
79700,134.62
79716,134.62
79732,134.62
79748,134.62
79764,134.62
79779,134.62
79796,134.62
79811,139.70
79826,137.16
79843,137.16
79858,137.16
79875,137.16
79890,139.70
79905,137.16
79922,137.16
79937,137.16
79953,139.70
79969,261.62
79985,259.08
80001,78.74
80016,81.28
80032,81.28
80048,81.28
80064,259.08
80079,256.54
80095,78.74
80111,81.28
80126,78.74
80142,78.74
80158,76.20
80174,78.74
80190,78.74
80205,76.20
80221,76.20
80237,76.20
80252,76.20
80268,76.20
80284,76.20
80300,73.66
80316,73.66
80331,76.20
-1,-1
81347,73.66
81362,73.66
81379,73.66
81394,73.66
81410,73.66
81426,73.66
81441,73.66
81458,73.66
81473,73.66
81488,73.66
81505,73.66
81520,73.66
81537,73.66
81552,73.66
81567,73.66
81584,73.66
81599,73.66
81614,73.66
81631,73.66
81646,73.66
81662,73.66
81678,73.66
81693,73.66
81710,73.66
81725,73.66
81740,73.66
81757,73.66
81772,73.66
81788,76.20
81804,76.20
81819,76.20
81836,76.20
81851,73.66
81866,76.20
81883,78.74
81898,78.74
81914,78.74
81930,139.70
81945,139.70
81961,137.16
81977,137.16
81993,137.16
82009,137.16
82024,137.16
82040,137.16
82056,137.16
82072,137.16
82087,137.16
82104,137.16
82119,137.16
82135,137.16
82151,134.62
82166,137.16
82183,134.62
82198,134.62
82214,137.16
82230,134.62
82245,134.62
82262,134.62
82277,134.62
82293,137.16
82309,134.62
82324,134.62
82340,134.62
82356,134.62
82372,104.14
82387,111.76
82404,111.76
82419,111.76
82435,111.76
82451,111.76
82466,111.76
82483,111.76
82498,111.76
82514,114.30
82530,111.76
82545,111.76
82562,111.76
82577,111.76
82593,111.76
82609,111.76
82624,111.76
82640,111.76
82656,111.76
82672,114.30
82688,111.76
82704,111.76
82719,111.76
82735,111.76
82751,111.76
82766,111.76
82783,109.22
82798,109.22
82814,111.76
82830,109.22
82845,109.22
82862,109.22
82877,111.76
82893,111.76
82909,109.22
82924,109.22
82940,109.22
82956,109.22
82972,109.22
82988,109.22
83004,109.22
83019,111.76
83035,111.76
83051,111.76
83066,111.76
83083,111.76
83098,111.76
83115,111.76
83130,111.76
83145,111.76
83162,111.76
83177,111.76
83193,111.76
83209,111.76
83224,111.76
83240,111.76
83256,114.30
83272,111.76
83288,111.76
83304,111.76
83319,111.76
83335,114.30
83351,111.76
83366,114.30
83383,114.30
83398,116.84
83415,139.70
83430,134.62
83445,134.62
83462,134.62
83477,134.62
83493,134.62
83509,134.62
83524,134.62
83540,134.62
83556,134.62
83572,134.62
83588,134.62
83604,134.62
83619,134.62
83635,134.62
83651,134.62
83666,139.70
83683,139.70
83698,139.70
83715,96.52
83730,96.52
83745,99.06
83762,96.52
83777,96.52
83792,96.52
83809,68.58
83824,68.58
83841,71.12
83856,81.28
83871,78.74
83888,78.74
83903,78.74
83918,76.20
83935,73.66
83950,73.66
83966,73.66
83982,76.20
83997,76.20
84014,73.66
84029,73.66
-1,-1
85045,73.66
85060,73.66
85076,76.20
85092,73.66
85108,73.66
85124,73.66
85139,73.66
85155,73.66
85171,73.66
85187,73.66
85202,73.66
85218,73.66
85234,73.66
85250,76.20
85265,76.20
85281,78.74
85297,78.74
85313,76.20
85328,76.20
85344,73.66
85360,73.66
85376,73.66
85391,73.66
85407,73.66
85423,73.66
85439,81.28
85454,76.20
85470,76.20
85486,78.74
85501,76.20
85517,76.20
85533,76.20
85549,137.16
85565,137.16
85580,137.16
85596,139.70
85612,139.70
85627,139.70
85644,134.62
85659,137.16
85676,137.16
85691,134.62
85706,137.16
85723,137.16
85738,134.62
85754,134.62
85770,134.62
85786,134.62
85801,137.16
85817,137.16
85833,134.62
85849,134.62
85865,134.62
85880,134.62
85896,134.62
85912,134.62
85927,137.16
85944,111.76
85959,111.76
85976,114.30
85991,111.76
86006,111.76
86023,111.76
86038,114.30
86054,111.76
86070,111.76
86086,111.76
86102,111.76
86117,114.30
86133,111.76
86149,111.76
86165,111.76
86180,111.76
86196,111.76
86212,114.30
86227,111.76
86244,111.76
86259,114.30
86276,114.30
86291,111.76
86306,111.76
86323,111.76
86338,111.76
86354,111.76
86370,111.76
86386,109.22
86402,109.22
86417,109.22
86433,111.76
86449,111.76
86465,111.76
86480,111.76
86496,109.22
86512,109.22
86528,109.22
86544,109.22
86559,109.22
86576,109.22
86591,116.84
86606,116.84
86623,114.30
86638,114.30
86654,111.76
86670,111.76
86686,111.76
86702,111.76
86717,111.76
86733,114.30
86749,111.76
86765,111.76
86780,111.76
86796,111.76
86812,111.76
86828,114.30
86844,114.30
86859,114.30
86876,111.76
86891,111.76
86906,111.76
86923,111.76
86938,111.76
86955,111.76
86970,111.76
86986,139.70
87002,137.16
87017,137.16
87033,134.62
87049,134.62
87065,137.16
87080,137.16
87097,134.62
87112,134.62
87128,134.62
87144,134.62
87159,134.62
87176,139.70
87191,137.16
87206,137.16
87223,137.16
87238,137.16
87255,137.16
87270,137.16
87286,137.16
87302,137.16
87317,137.16
87333,137.16
87349,137.16
87365,139.70
87380,78.74
87396,78.74
87412,78.74
87428,76.20
87444,78.74
87459,78.74
87475,73.66
87491,76.20
87506,76.20
87522,78.74
87538,78.74
87554,78.74
87570,76.20
87585,73.66
87601,76.20
87617,73.66
87632,73.66
87648,73.66
87664,76.20
87680,76.20
87696,73.66
87711,73.66
87727,73.66
-1,-1
