14,114.30
30,114.30
46,114.30
61,114.30
77,114.30
93,114.30
108,114.30
123,114.30
140,114.30
155,114.30
171,114.30
187,114.30
202,114.30
218,114.30
234,114.30
249,114.30
265,114.30
281,114.30
296,111.76
312,111.76
328,111.76
344,111.76
360,111.76
375,111.76
391,111.76
407,111.76
422,111.76
438,114.30
454,114.30
470,114.30
485,111.76
501,114.30
517,114.30
532,114.30
548,114.30
564,114.30
579,114.30
595,114.30
611,114.30
626,114.30
643,114.30
658,114.30
673,114.30
690,116.84
705,119.38
720,119.38
737,127.00
752,129.54
768,129.54
784,132.08
799,157.48
815,160.02
830,157.48
846,160.02
862,160.02
877,160.02
893,160.02
909,160.02
924,160.02
941,160.02
956,160.02
971,160.02
988,160.02
1003,160.02
1018,160.02
1035,160.02
1050,160.02
1067,160.02
1082,71.12
1097,53.34
1114,53.34
1129,53.34
1144,53.34
1161,53.34
1176,53.34
1191,50.80
1208,48.26
1223,48.26
1239,48.26
1255,48.26
1270,48.26
1286,48.26
1302,48.26
1317,48.26
1333,48.26
1349,48.26
1364,48.26
1380,48.26
1396,48.26
1412,48.26
1427,50.80
1443,48.26
1459,50.80
1474,48.26
1490,48.26
1506,48.26
1521,48.26
1538,48.26
1553,48.26
1568,48.26
1585,48.26
1600,48.26
1615,48.26
1632,48.26
1647,48.26
1662,48.26
1679,48.26
1694,50.80
1710,48.26
1726,48.26
1741,48.26
1757,50.80
1773,48.26
1788,48.26
1804,48.26
1820,48.26
1836,50.80
1851,48.26
1867,50.80
1883,48.26
1898,48.26
1914,48.26
1930,50.80
1945,50.80
1961,53.34
1977,50.80
1992,50.80
2009,50.80
2024,50.80
2039,50.80
2056,50.80
2071,50.80
2086,50.80
2103,50.80
2118,53.34
2134,53.34
2150,53.34
2165,53.34
2181,119.38
2197,124.46
2212,124.46
2228,127.00
2244,127.00
2259,127.00
2276,127.00
2291,127.00
2307,127.00
2323,124.46
2338,124.46
2354,124.46
2370,127.00
2385,124.46
2402,124.46
2417,124.46
2433,111.76
2449,111.76
2464,111.76
2480,111.76
2496,111.76
2511,111.76
2528,109.22
2543,111.76
2558,109.22
2575,111.76
2590,109.22
2607,109.22
2622,109.22
2637,109.22
2654,109.22
2669,109.22
2684,109.22
-1,-1
3700,109.22
3717,109.22
3732,109.22
3748,109.22
3764,109.22
3779,109.22
3795,109.22
3811,109.22
3826,109.22
3843,109.22
3858,109.22
3874,109.22
3890,109.22
3905,109.22
3921,109.22
3937,109.22
3952,109.22
3969,109.22
3984,109.22
4000,109.22
4016,109.22
4031,109.22
4047,109.22
4063,114.30
4079,111.76
4094,111.76
4110,111.76
4126,111.76
4142,111.76
4157,111.76
4173,111.76
4189,111.76
4205,114.30
4220,114.30
4236,111.76
4252,111.76
4268,111.76
4283,111.76
4299,111.76
4315,124.46
4331,127.00
4346,127.00
4362,127.00
4378,127.00
4393,129.54
4409,127.00
4425,127.00
4441,129.54
4457,76.20
4472,58.42
4488,53.34
4504,53.34
4519,50.80
4535,50.80
4551,50.80
4567,50.80
4582,50.80
4598,50.80
4614,50.80
4629,53.34
4645,50.80
4661,48.26
4676,48.26
4692,48.26
4708,48.26
4723,48.26
4740,48.26
4755,48.26
4770,48.26
4787,48.26
4802,48.26
4817,48.26
4834,48.26
4849,48.26
4865,48.26
4881,48.26
4896,48.26
4912,48.26
4928,48.26
4943,48.26
4959,48.26
4975,48.26
4990,48.26
5006,48.26
5022,48.26
5038,48.26
5053,48.26
5069,50.80
5085,48.26
5100,48.26
5116,48.26
5132,48.26
5147,48.26
5164,48.26
5179,48.26
5194,48.26
5211,48.26
5226,48.26
5241,48.26
5258,48.26
5273,48.26
5288,48.26
5305,48.26
5320,48.26
5336,48.26
5352,48.26
5367,48.26
5383,48.26
5399,50.80
5414,50.80
5430,50.80
5446,50.80
5462,50.80
5477,50.80
5493,50.80
5509,50.80
5524,50.80
5540,50.80
5556,50.80
5571,50.80
5587,50.80
5603,96.52
5618,157.48
5635,160.02
5650,160.02
5665,160.02
5682,162.56
5697,160.02
5712,160.02
5729,160.02
5744,160.02
5761,160.02
5776,160.02
5791,160.02
5808,132.08
5823,132.08
5838,132.08
5855,129.54
5870,129.54
5886,129.54
5902,132.08
5917,129.54
5934,129.54
5949,119.38
5964,116.84
5981,119.38
5996,116.84
6012,116.84
6028,116.84
6043,119.38
6060,116.84
6075,116.84
6090,116.84
6107,114.30
6122,116.84
6138,114.30
6154,114.30
6169,114.30
6185,114.30
6201,116.84
6216,116.84
6233,116.84
6248,48.26
6263,40.64
6280,40.64
6295,38.10
6310,40.64
6327,40.64
6342,55.88
6358,111.76
6374,114.30
-1,-1
7390,114.30
7405,114.30
7421,114.30
7437,114.30
7452,114.30
7469,114.30
7484,114.30
7500,114.30
7516,114.30
7531,114.30
7547,114.30
7563,116.84
7578,114.30
7595,114.30
7610,114.30
7626,114.30
7642,114.30
7657,114.30
7673,114.30
7689,114.30
7704,114.30
7720,114.30
7736,116.84
7752,114.30
7768,114.30
7783,116.84
7799,116.84
7815,116.84
7830,116.84
7846,116.84
7862,116.84
7878,114.30
7894,114.30
7909,114.30
7925,114.30
7941,114.30
7956,114.30
7972,114.30
7988,116.84
8004,116.84
8019,114.30
8035,116.84
8051,116.84
8067,116.84
8082,121.92
8098,129.54
8114,129.54
8130,129.54
8145,132.08
8161,132.08
8177,132.08
8193,129.54
8208,129.54
8224,129.54
8240,152.40
8256,160.02
8271,160.02
8287,160.02
8303,160.02
8318,160.02
8334,160.02
8350,160.02
8366,160.02
8382,160.02
8397,160.02
8413,160.02
8429,88.90
8444,53.34
8460,53.34
8476,53.34
8492,50.80
8507,50.80
8523,50.80
8539,50.80
8554,50.80
8570,53.34
8586,48.26
8601,48.26
8617,48.26
8633,48.26
8648,48.26
8665,48.26
8680,48.26
8695,48.26
8712,48.26
8727,48.26
8742,48.26
8759,48.26
8774,48.26
8790,48.26
8806,48.26
8821,48.26
8837,48.26
8853,48.26
8868,50.80
8884,48.26
8900,48.26
8915,48.26
8931,48.26
8947,50.80
8963,48.26
8978,48.26
8994,48.26
9010,48.26
9025,50.80
9041,48.26
9057,48.26
9072,48.26
9089,48.26
9104,48.26
9119,48.26
9136,48.26
9151,48.26
9166,48.26
9183,48.26
9198,48.26
9213,48.26
9230,48.26
9245,48.26
9261,48.26
9277,48.26
9292,48.26
9308,48.26
9324,50.80
9339,48.26
9355,48.26
9371,50.80
9387,50.80
9402,50.80
9418,50.80
9434,50.80
9449,50.80
9465,50.80
9481,53.34
9496,53.34
9512,53.34
9528,114.30
9543,157.48
9560,157.48
9575,134.62
9591,127.00
9607,129.54
9622,127.00
9638,127.00
9654,127.00
9669,127.00
9686,127.00
9701,127.00
9717,124.46
9733,114.30
9748,116.84
9764,116.84
9780,114.30
9795,114.30
9811,116.84
9827,111.76
9843,111.76
9859,111.76
9874,111.76
9890,111.76
9906,114.30
9921,111.76
9937,114.30
9953,111.76
9969,114.30
9985,111.76
10000,111.76
10016,111.76
10032,111.76
10048,111.76
10063,111.76
-1,-1
11079,109.22
11095,109.22
11111,109.22
11126,109.22
11143,109.22
11158,109.22
11174,109.22
11190,109.22
11205,109.22
11222,109.22
11237,109.22
11253,109.22
11269,109.22
11285,109.22
11300,109.22
11316,109.22
11332,109.22
11347,109.22
11364,111.76
11379,111.76
11395,114.30
11411,114.30
11426,111.76
11443,114.30
11458,111.76
11474,111.76
11490,111.76
11505,111.76
11522,111.76
11537,111.76
11553,111.76
11569,114.30
11585,111.76
11600,111.76
11616,111.76
11632,111.76
11648,114.30
11664,127.00
11679,127.00
11695,127.00
11711,127.00
11726,127.00
11743,127.00
11758,127.00
11774,129.54
11790,129.54
11805,127.00
11822,127.00
11837,127.00
11853,93.98
11869,55.88
11884,55.88
11900,55.88
11916,50.80
11931,50.80
11948,53.34
11963,50.80
11979,50.80
11995,50.80
12010,50.80
12026,50.80
12042,50.80
12057,50.80
12073,50.80
12089,48.26
12105,48.26
12121,48.26
12136,48.26
12152,48.26
12168,48.26
12183,48.26
12199,48.26
12215,48.26
12231,48.26
12247,48.26
12262,48.26
12278,48.26
12294,50.80
12310,48.26
12325,48.26
12341,48.26
12357,48.26
12372,48.26
12388,48.26
12404,48.26
12420,48.26
12436,48.26
12451,48.26
12467,48.26
12483,48.26
12498,48.26
12514,48.26
12530,48.26
12546,48.26
12562,48.26
12577,48.26
12593,48.26
12609,48.26
12624,48.26
12640,48.26
12656,48.26
12672,50.80
12688,48.26
12703,48.26
12719,48.26
12735,48.26
12750,48.26
12767,48.26
12782,48.26
12797,48.26
12814,48.26
12829,48.26
12845,50.80
12861,50.80
12876,50.80
12893,50.80
12908,50.80
12923,50.80
12940,50.80
12955,121.92
12971,157.48
12987,157.48
13002,160.02
13019,160.02
13034,160.02
13050,160.02
13066,160.02
13081,160.02
13097,160.02
13113,160.02
13129,162.56
13145,160.02
13160,160.02
13176,160.02
13192,160.02
13208,134.62
13223,132.08
13240,134.62
13255,119.38
13271,119.38
13287,116.84
13302,116.84
13319,114.30
13334,114.30
13349,114.30
13366,116.84
13381,114.30
13398,116.84
13413,114.30
13429,116.84
13445,114.30
13460,114.30
13476,116.84
13492,114.30
13508,114.30
13523,114.30
13540,114.30
13555,111.76
13571,114.30
13587,111.76
13602,114.30
13619,114.30
13634,114.30
13649,114.30
13666,114.30
13681,114.30
13698,114.30
13713,114.30
13729,114.30
13745,114.30
13760,114.30
-1,-1
14776,114.30
14792,116.84
14808,114.30
14824,114.30
14839,114.30
14856,114.30
14871,114.30
14886,114.30
14903,114.30
14918,114.30
14935,114.30
14950,114.30
14966,114.30
14982,114.30
14997,116.84
15013,116.84
15029,114.30
15045,114.30
15060,114.30
15076,116.84
15092,116.84
15108,114.30
15124,114.30
15139,111.76
15156,111.76
15171,111.76
15186,114.30
15203,114.30
15218,114.30
15235,116.84
15250,114.30
15265,114.30
15282,114.30
15297,114.30
15313,116.84
15329,114.30
15345,114.30
15361,114.30
15376,116.84
15392,114.30
15408,114.30
15424,114.30
15439,114.30
15456,114.30
15471,114.30
15486,127.00
15503,129.54
15518,129.54
15535,132.08
15550,132.08
15565,132.08
15582,134.62
15597,160.02
15613,160.02
15629,160.02
15645,160.02
15661,160.02
15676,160.02
15692,160.02
15708,160.02
15724,160.02
15739,160.02
15755,160.02
15771,160.02
15787,160.02
15803,160.02
15818,160.02
15835,60.96
15850,50.80
15865,53.34
15882,50.80
15897,50.80
15912,50.80
15929,50.80
15944,50.80
15961,53.34
15976,50.80
15991,48.26
16008,48.26
16023,48.26
16038,48.26
16055,50.80
16070,48.26
16087,48.26
16102,48.26
16117,48.26
16134,48.26
16149,48.26
16164,50.80
16181,48.26
16196,48.26
16212,48.26
16228,48.26
16243,48.26
16260,48.26
16275,50.80
16290,48.26
16307,48.26
16322,48.26
16338,48.26
16354,48.26
16369,48.26
16386,48.26
16401,48.26
16416,48.26
16433,48.26
16448,48.26
16464,48.26
16480,48.26
16495,50.80
16512,48.26
16527,48.26
16542,48.26
16559,48.26
16574,48.26
16590,48.26
16606,48.26
16621,48.26
16637,48.26
16653,48.26
16669,50.80
16685,50.80
16700,50.80
16716,50.80
16732,50.80
16747,50.80
16763,50.80
16779,50.80
16795,50.80
16811,50.80
16826,50.80
16842,50.80
16858,50.80
16873,53.34
16889,53.34
16905,53.34
16921,53.34
16936,53.34
16952,53.34
16968,53.34
16984,124.46
16999,129.54
17015,127.00
17031,127.00
17047,127.00
17062,129.54
17079,127.00
17094,127.00
17110,127.00
17126,124.46
17141,124.46
17158,124.46
17173,114.30
17188,114.30
17205,111.76
17220,111.76
17236,111.76
17252,111.76
17268,111.76
17284,111.76
17299,111.76
17315,111.76
17331,109.22
17347,109.22
17362,109.22
17379,111.76
17394,111.76
17410,111.76
17426,109.22
17441,111.76
17458,111.76
-1,-1
18473,109.22
18489,109.22
18505,109.22
18521,109.22
18536,109.22
18552,109.22
18568,109.22
18584,109.22
18599,109.22
18615,109.22
18631,109.22
18647,109.22
18663,109.22
18678,109.22
18695,109.22
18710,109.22
18725,109.22
18742,111.76
18757,109.22
18774,111.76
18789,109.22
18805,109.22
18821,111.76
18836,111.76
18852,111.76
18868,111.76
18884,111.76
18899,111.76
18915,111.76
18931,111.76
18947,111.76
18963,111.76
18978,114.30
18995,111.76
19010,121.92
19025,124.46
19042,124.46
19057,124.46
19074,124.46
19089,124.46
19105,124.46
19121,124.46
19136,124.46
19152,124.46
19168,129.54
19184,129.54
19200,129.54
19215,152.40
19231,157.48
19247,157.48
19263,60.96
19278,55.88
19294,55.88
19310,53.34
19325,53.34
19342,53.34
19357,53.34
19373,50.80
19389,50.80
19404,50.80
19421,50.80
19436,50.80
19451,50.80
19468,50.80
19483,50.80
19499,50.80
19515,50.80
19530,50.80
19547,53.34
19562,48.26
19577,50.80
19594,48.26
19609,48.26
19624,48.26
19641,50.80
19656,48.26
19673,48.26
19688,48.26
19703,48.26
19720,48.26
19735,48.26
19750,48.26
19767,48.26
19782,48.26
19799,48.26
19814,48.26
19829,48.26
19846,48.26
19861,48.26
19876,48.26
19893,48.26
19908,48.26
19924,48.26
19940,48.26
19955,48.26
19972,48.26
19987,48.26
20003,48.26
20019,50.80
20034,48.26
20050,48.26
20066,48.26
20081,48.26
20098,48.26
20113,48.26
20129,48.26
20145,48.26
20160,48.26
20176,48.26
20192,48.26
20207,50.80
20224,50.80
20239,50.80
20255,50.80
20271,50.80
20286,50.80
20302,50.80
20318,50.80
20333,50.80
20349,53.34
20365,53.34
20381,53.34
20397,53.34
20412,152.40
20428,160.02
20444,160.02
20460,162.56
20475,160.02
20491,160.02
20507,160.02
20523,160.02
20539,160.02
20554,160.02
20571,160.02
20586,160.02
20601,124.46
20618,119.38
20633,119.38
20649,116.84
20665,114.30
20680,116.84
20697,114.30
20712,114.30
20728,116.84
20744,114.30
20760,114.30
20775,114.30
20791,114.30
20807,114.30
20823,114.30
20839,114.30
20854,114.30
20871,114.30
20886,114.30
20901,114.30
20918,114.30
20933,114.30
20950,114.30
20965,114.30
20980,114.30
20997,114.30
21012,114.30
21028,114.30
21044,114.30
21060,116.84
21075,114.30
21091,114.30
21107,114.30
21123,114.30
21139,114.30
21154,111.76
-1,-1
22170,111.76
22187,111.76
22202,111.76
22217,111.76
22234,111.76
22249,111.76
22265,111.76
22281,111.76
22296,111.76
22312,111.76
22328,111.76
22344,114.30
22360,114.30
22376,114.30
22391,114.30
22407,114.30
22423,114.30
22438,111.76
22455,111.76
22470,111.76
22487,111.76
22502,111.76
22517,111.76
22534,114.30
22549,111.76
22565,111.76
22581,111.76
22596,111.76
22612,111.76
22628,111.76
22644,111.76
22660,111.76
22676,111.76
22691,114.30
22707,114.30
22723,114.30
22738,114.30
22755,114.30
22770,114.30
22787,114.30
22802,114.30
22817,114.30
22834,114.30
22849,114.30
22865,114.30
22881,114.30
22896,114.30
22913,114.30
22928,114.30
22944,114.30
22960,114.30
22976,114.30
22991,154.94
23007,157.48
23023,157.48
23038,160.02
23055,160.02
23070,160.02
23086,160.02
23102,160.02
23117,160.02
23134,160.02
23149,160.02
23165,160.02
23181,160.02
23196,160.02
23213,160.02
23228,86.36
23244,53.34
23260,53.34
23275,53.34
23291,50.80
23307,50.80
23322,50.80
23339,50.80
23354,50.80
23370,50.80
23386,48.26
23401,48.26
23417,48.26
23433,48.26
23448,48.26
23464,48.26
23480,48.26
23496,48.26
23512,48.26
23527,48.26
23543,48.26
23559,48.26
23575,48.26
23590,48.26
23606,48.26
23622,48.26
23638,48.26
23653,50.80
23669,48.26
23685,48.26
23701,48.26
23716,48.26
23732,48.26
23748,48.26
23763,48.26
23779,48.26
23795,48.26
23811,48.26
23827,48.26
23842,48.26
23858,50.80
23874,48.26
23889,48.26
23906,50.80
23921,48.26
23937,48.26
23953,48.26
23968,48.26
23984,48.26
24000,48.26
24015,48.26
24032,50.80
24047,50.80
24062,50.80
24079,50.80
24094,48.26
24110,48.26
24126,48.26
24141,48.26
24158,48.26
24173,50.80
24188,50.80
24205,50.80
24220,50.80
24236,50.80
24252,50.80
24267,50.80
24284,147.32
24299,157.48
24314,157.48
24331,129.54
24346,127.00
24363,127.00
24378,127.00
24393,127.00
24410,127.00
24425,142.24
24441,157.48
24457,157.48
24473,134.62
24488,124.46
24504,127.00
24520,124.46
24536,124.46
24552,124.46
24567,121.92
24583,114.30
24599,111.76
24614,114.30
24631,111.76
24646,111.76
24663,114.30
24678,111.76
24693,111.76
24710,111.76
24725,111.76
24741,111.76
24757,111.76
24773,111.76
24788,111.76
24804,114.30
24820,111.76
24836,109.22
24852,109.22
-1,-1
25868,109.22
25883,109.22
25900,109.22
25915,109.22
25930,109.22
25947,109.22
25962,109.22
25978,109.22
25994,109.22
26009,109.22
26025,109.22
26041,109.22
26057,109.22
26073,109.22
26089,109.22
26104,109.22
26120,109.22
26136,109.22
26151,109.22
26168,109.22
26183,109.22
26200,109.22
26215,109.22
26230,111.76
26247,111.76
26262,111.76
26278,114.30
26294,111.76
26309,111.76
26326,111.76
26341,111.76
26357,111.76
26373,111.76
26389,111.76
26404,111.76
26420,111.76
26436,111.76
26451,114.30
26468,127.00
26483,127.00
26500,127.00
26515,127.00
26530,127.00
26547,124.46
26562,127.00
26578,127.00
26594,127.00
26609,127.00
26626,129.54
26641,127.00
26657,132.08
26673,157.48
26689,157.48
26704,88.90
26720,55.88
26736,53.34
26752,53.34
26767,50.80
26783,53.34
26799,50.80
26815,50.80
26830,50.80
26846,50.80
26862,50.80
26877,50.80
26893,50.80
26909,50.80
26925,48.26
26941,50.80
26956,48.26
26972,48.26
26988,48.26
27003,48.26
27019,50.80
27035,48.26
27051,50.80
27067,48.26
27082,48.26
27098,48.26
27114,48.26
27129,50.80
27145,48.26
27161,48.26
27176,48.26
27193,48.26
27208,48.26
27224,48.26
27240,48.26
27255,48.26
27272,48.26
27287,48.26
27302,48.26
27319,48.26
27334,48.26
27350,48.26
27366,48.26
27381,48.26
27398,48.26
27413,48.26
27428,48.26
27445,48.26
27460,48.26
27475,48.26
27492,48.26
27507,48.26
27524,48.26
27539,48.26
27554,48.26
27571,48.26
27586,48.26
27601,50.80
27618,50.80
27633,50.80
27650,50.80
27665,50.80
27680,50.80
27697,53.34
27712,53.34
27727,53.34
27744,53.34
27759,144.78
27776,160.02
27791,157.48
27807,160.02
27823,160.02
27838,160.02
27854,160.02
27870,160.02
27886,160.02
27901,160.02
27917,160.02
27933,160.02
27949,160.02
27965,160.02
27980,160.02
27997,160.02
28012,160.02
28027,162.56
28044,152.40
28059,119.38
28076,116.84
28091,116.84
28106,116.84
28123,116.84
28138,116.84
28154,114.30
28170,116.84
28186,114.30
28201,114.30
28217,114.30
28233,114.30
28249,114.30
28265,114.30
28280,114.30
28296,114.30
28312,114.30
28327,114.30
28344,114.30
28359,114.30
28376,114.30
28391,114.30
28406,114.30
28423,114.30
28438,114.30
28454,114.30
28470,114.30
28486,114.30
28502,114.30
28517,114.30
28533,114.30
28549,114.30
-1,-1
29564,114.30
29581,114.30
29596,114.30
29613,114.30
29628,114.30
29643,114.30
29660,114.30
29675,114.30
29691,114.30
29707,114.30
29722,114.30
29739,114.30
29754,114.30
29770,114.30
29786,114.30
29802,116.84
29817,114.30
29833,114.30
29849,114.30
29864,114.30
29881,114.30
29896,116.84
29913,116.84
29928,114.30
29943,111.76
29960,111.76
29975,111.76
29991,114.30
30007,114.30
30022,114.30
30039,114.30
30054,114.30
30070,114.30
30086,114.30
30102,114.30
30117,114.30
30133,114.30
30149,114.30
30164,114.30
30181,114.30
30196,116.84
30213,116.84
30228,114.30
30243,114.30
30260,114.30
30275,114.30
30291,129.54
30307,129.54
30322,129.54
30339,129.54
30354,132.08
30370,129.54
30386,132.08
30402,132.08
30417,134.62
30433,139.70
30449,160.02
30465,160.02
30481,160.02
30496,160.02
30512,160.02
30528,160.02
30543,160.02
30560,160.02
30575,160.02
30592,160.02
30607,160.02
30622,149.86
30639,60.96
30654,55.88
30670,53.34
30686,53.34
30701,50.80
30717,53.34
30733,53.34
30748,53.34
30765,53.34
30780,53.34
30796,48.26
30812,48.26
30827,48.26
30843,48.26
30859,48.26
30875,48.26
30891,48.26
30906,48.26
30922,48.26
30938,48.26
30953,48.26
30969,48.26
30985,50.80
31001,48.26
31016,48.26
31032,48.26
31048,48.26
31064,48.26
31079,48.26
31095,48.26
31111,48.26
31127,48.26
31142,48.26
31158,48.26
31174,48.26
31190,48.26
31206,48.26
31221,48.26
31237,48.26
31253,48.26
31268,48.26
31284,48.26
31300,48.26
31315,48.26
31332,48.26
31347,48.26
31363,48.26
31379,50.80
31394,50.80
31410,50.80
31426,50.80
31441,50.80
31458,50.80
31473,50.80
31489,50.80
31505,53.34
31520,50.80
31536,50.80
31552,50.80
31567,50.80
31584,50.80
31599,50.80
31614,50.80
31631,50.80
31646,50.80
31662,50.80
31678,53.34
31693,53.34
31710,53.34
31725,101.60
31740,127.00
31757,127.00
31772,127.00
31789,127.00
31804,127.00
31819,127.00
31836,127.00
31851,127.00
31867,127.00
31883,124.46
31899,127.00
31915,127.00
31930,124.46
31946,124.46
31962,124.46
31978,114.30
31993,111.76
32010,111.76
32025,111.76
32040,111.76
32057,111.76
32072,111.76
32089,111.76
32104,111.76
32119,111.76
32136,109.22
32151,109.22
32167,109.22
32183,109.22
32199,109.22
32215,109.22
32230,109.22
32246,109.22
-1,-1
33262,109.22
33277,109.22
33294,109.22
33309,109.22
33326,109.22
33341,109.22
33356,111.76
33373,109.22
33388,109.22
33404,109.22
33420,109.22
33436,109.22
33452,109.22
33467,109.22
33483,109.22
33499,109.22
33515,109.22
33530,109.22
33546,109.22
33562,111.76
33577,111.76
33594,109.22
33609,109.22
33626,109.22
33641,111.76
33656,111.76
33673,109.22
33688,109.22
33704,109.22
33720,111.76
33736,109.22
33752,111.76
33767,111.76
33783,111.76
33799,114.30
33815,111.76
33830,111.76
33847,111.76
33862,114.30
33878,114.30
33894,114.30
33909,124.46
33926,127.00
33941,127.00
33956,127.00
33973,127.00
33988,127.00
34004,127.00
34020,154.94
34036,157.48
34052,114.30
34067,55.88
34083,50.80
34099,53.34
34114,50.80
34130,50.80
34146,50.80
34162,50.80
34178,50.80
34193,50.80
34209,50.80
34225,50.80
34240,50.80
34256,50.80
34272,50.80
34288,50.80
34304,50.80
34319,50.80
34335,48.26
34351,48.26
34366,48.26
34382,48.26
34398,48.26
34414,48.26
34429,48.26
34445,48.26
34461,48.26
34477,48.26
34493,48.26
34508,48.26
34524,48.26
34540,48.26
34555,48.26
34571,48.26
34587,50.80
34603,50.80
34619,50.80
34634,48.26
34650,48.26
34666,48.26
34681,48.26
34697,48.26
34713,48.26
34728,48.26
34745,50.80
34760,50.80
34776,48.26
34792,48.26
34807,48.26
34823,48.26
34839,48.26
34854,48.26
34871,48.26
34886,48.26
34902,48.26
34918,48.26
34933,48.26
34950,50.80
34965,48.26
34980,50.80
34997,48.26
35012,48.26
35027,50.80
35044,50.80
35059,50.80
35076,50.80
35091,50.80
35106,53.34
35123,53.34
35138,53.34
35153,119.38
35170,157.48
35185,157.48
35202,160.02
35217,160.02
35233,160.02
35249,160.02
35264,162.56
35280,162.56
35296,149.86
35312,129.54
35328,129.54
35343,132.08
35359,132.08
35375,129.54
35391,129.54
35406,129.54
35423,132.08
35438,129.54
35453,116.84
35470,114.30
35485,116.84
35502,114.30
35517,114.30
35533,116.84
35549,114.30
35564,114.30
35580,116.84
35596,114.30
35612,114.30
35628,114.30
35643,114.30
35659,111.76
35675,111.76
35691,111.76
35706,111.76
35723,111.76
35738,111.76
35753,111.76
35770,111.76
35785,111.76
35802,111.76
35817,111.76
35833,111.76
35849,114.30
35864,114.30
35880,114.30
35896,114.30
35912,114.30
35928,114.30
35943,114.30
-1,-1
36960,111.76
36975,111.76
36990,114.30
37007,114.30
37022,114.30
37039,114.30
37054,114.30
37069,114.30
37086,114.30
37101,114.30
37117,111.76
37133,111.76
37149,114.30
37165,111.76
37180,114.30
37196,111.76
37212,114.30
37228,111.76
37243,114.30
37260,116.84
37275,114.30
37291,114.30
37307,114.30
37322,114.30
37339,111.76
37354,111.76
37369,111.76
37386,114.30
37401,114.30
37417,114.30
37433,114.30
37449,114.30
37465,114.30
37480,114.30
37496,114.30
37512,114.30
37528,114.30
37543,114.30
37560,114.30
37575,114.30
37591,114.30
37607,116.84
37622,114.30
37639,116.84
37654,116.84
37670,116.84
37686,119.38
37701,119.38
37718,119.38
37733,127.00
37749,129.54
37765,129.54
37780,132.08
37796,157.48
37812,160.02
37828,160.02
37843,160.02
37860,160.02
37875,160.02
37891,160.02
37907,160.02
37922,160.02
37939,160.02
37954,160.02
37969,160.02
37986,58.42
38001,50.80
38018,50.80
38033,53.34
38048,53.34
38065,53.34
38080,50.80
38096,50.80
38112,50.80
38127,50.80
38144,50.80
38159,50.80
38174,50.80
38191,48.26
38206,48.26
38222,48.26
38238,48.26
38253,48.26
38269,48.26
38285,48.26
38300,48.26
38317,48.26
38332,48.26
38348,48.26
38364,48.26
38379,48.26
38395,48.26
38411,48.26
38427,48.26
38443,48.26
38458,48.26
38474,48.26
38490,48.26
38505,48.26
38521,48.26
38537,48.26
38553,48.26
38568,48.26
38584,48.26
38600,48.26
38616,48.26
38631,48.26
38647,48.26
38663,48.26
38679,48.26
38694,48.26
38710,48.26
38726,48.26
38742,48.26
38757,48.26
38773,48.26
38789,48.26
38805,48.26
38820,48.26
38836,48.26
38852,48.26
38867,50.80
38884,50.80
38899,50.80
38915,50.80
38931,50.80
38946,50.80
38962,50.80
38978,50.80
38993,50.80
39010,50.80
39025,50.80
39041,50.80
39057,50.80
39072,53.34
39088,55.88
39104,53.34
39119,71.12
39136,124.46
39151,124.46
39166,124.46
39183,127.00
39198,127.00
39215,127.00
39230,127.00
39245,127.00
39262,127.00
39277,127.00
39293,127.00
39309,127.00
39325,114.30
39341,111.76
39356,111.76
39372,111.76
39388,111.76
39404,111.76
39419,111.76
39435,111.76
39451,111.76
39467,111.76
39483,111.76
39498,111.76
39515,111.76
39530,109.22
39545,111.76
39562,109.22
39577,109.22
39593,109.22
39609,111.76
39625,111.76
39641,109.22
-1,-1
40656,109.22
40672,109.22
40688,109.22
40704,109.22
40720,109.22
40735,109.22
40752,109.22
40767,109.22
40782,109.22
40799,109.22
40814,109.22
40830,109.22
40846,109.22
40861,109.22
40878,109.22
40893,109.22
40909,109.22
40925,109.22
40941,109.22
40956,109.22
40972,109.22
40988,109.22
41004,109.22
41020,109.22
41035,109.22
41052,109.22
41067,109.22
41082,109.22
41099,111.76
41114,111.76
41131,111.76
41146,111.76
41161,111.76
41178,111.76
41193,111.76
41209,111.76
41225,111.76
41241,111.76
41256,119.38
41272,127.00
41288,127.00
41304,127.00
41320,127.00
41335,127.00
41351,127.00
41367,127.00
41382,127.00
41399,127.00
41414,152.40
41431,160.02
41446,160.02
41461,58.42
41478,53.34
41493,53.34
41509,53.34
41525,50.80
41540,50.80
41556,50.80
41572,50.80
41587,50.80
41604,50.80
41619,50.80
41634,50.80
41651,50.80
41666,50.80
41682,50.80
41698,50.80
41713,50.80
41730,50.80
41745,50.80
41760,50.80
41777,48.26
41792,50.80
41808,48.26
41824,48.26
41839,48.26
41856,48.26
41871,48.26
41887,50.80
41903,48.26
41918,48.26
41934,48.26
41950,48.26
41965,48.26
41981,48.26
41997,48.26
42013,48.26
42029,48.26
42044,48.26
42060,48.26
42076,48.26
42091,48.26
42107,48.26
42123,48.26
42139,48.26
42155,48.26
42170,48.26
42186,48.26
42202,48.26
42218,48.26
42233,48.26
42249,48.26
42265,48.26
42280,48.26
42296,48.26
42312,48.26
42328,48.26
42344,48.26
42359,48.26
42375,48.26
42391,50.80
42406,50.80
42422,50.80
42438,53.34
42454,50.80
42470,50.80
42485,50.80
42501,53.34
42517,53.34
42532,53.34
42548,76.20
42564,154.94
42579,160.02
42596,160.02
42611,160.02
42627,160.02
42643,160.02
42658,160.02
42675,160.02
42690,160.02
42706,160.02
42722,160.02
42737,160.02
42754,137.16
42769,134.62
42785,134.62
42801,132.08
42816,132.08
42832,132.08
42848,121.92
42864,114.30
42880,116.84
42896,114.30
42911,114.30
42927,114.30
42943,114.30
42958,114.30
42975,116.84
42990,116.84
43006,114.30
43022,114.30
43037,114.30
43054,114.30
43069,114.30
43085,114.30
43101,114.30
43116,114.30
43132,114.30
43148,114.30
43164,114.30
43180,114.30
43196,114.30
43211,114.30
43227,114.30
43243,114.30
43258,114.30
43275,114.30
43290,114.30
43305,114.30
43322,116.84
43337,114.30
-1,-1
44353,116.84
44369,116.84
44385,116.84
44401,116.84
44417,116.84
44432,116.84
44448,116.84
44464,116.84
44480,116.84
44495,116.84
44512,119.38
44527,116.84
44542,116.84
44559,116.84
44574,116.84
44591,116.84
44606,114.30
44622,114.30
44638,114.30
44653,116.84
44669,116.84
44685,114.30
44701,114.30
44717,114.30
44732,116.84
44748,114.30
44764,114.30
44780,114.30
44795,114.30
44812,116.84
44827,114.30
44843,114.30
44859,114.30
44874,114.30
44891,114.30
44906,114.30
44922,114.30
44938,114.30
44953,116.84
44969,114.30
44985,116.84
45001,116.84
45017,116.84
45032,127.00
45048,129.54
45064,129.54
45080,129.54
45095,127.00
45112,127.00
45127,127.00
45143,129.54
45159,129.54
45174,132.08
45191,129.54
45206,129.54
45222,129.54
45238,152.40
45253,160.02
45270,160.02
45285,160.02
45301,160.02
45317,160.02
45332,160.02
45348,160.02
45364,160.02
45380,160.02
45395,160.02
45412,160.02
45427,81.28
45443,53.34
45459,53.34
45474,50.80
45490,50.80
45506,50.80
45521,50.80
45538,50.80
45553,50.80
45569,50.80
45585,48.26
45600,48.26
45616,48.26
45632,48.26
45647,48.26
45664,48.26
45679,48.26
45694,48.26
45711,48.26
45726,48.26
45743,50.80
45758,48.26
45773,48.26
45790,48.26
45805,48.26
45820,48.26
45837,48.26
45852,50.80
45869,50.80
45884,48.26
45899,50.80
45916,50.80
45931,50.80
45946,50.80
45963,50.80
45978,48.26
45995,50.80
46010,48.26
46025,48.26
46042,48.26
46057,48.26
46072,50.80
46089,48.26
46104,48.26
46120,48.26
46136,48.26
46151,48.26
46168,48.26
46183,48.26
46198,48.26
46215,50.80
46230,50.80
46246,50.80
46262,50.80
46277,50.80
46294,50.80
46309,50.80
46324,50.80
46341,50.80
46356,50.80
46372,50.80
46388,50.80
46403,50.80
46419,50.80
46435,50.80
46451,50.80
46467,50.80
46482,50.80
46498,50.80
46514,50.80
46529,134.62
46545,154.94
46561,154.94
46577,129.54
46593,127.00
46608,127.00
46624,127.00
46640,127.00
46656,127.00
46671,124.46
46688,124.46
46703,124.46
46718,116.84
46735,111.76
46750,111.76
46767,111.76
46782,111.76
46798,114.30
46814,114.30
46829,111.76
46845,111.76
46861,111.76
46877,111.76
46893,111.76
46908,111.76
46924,111.76
46940,111.76
46956,111.76
46971,109.22
46988,109.22
47003,109.22
47019,109.22
47035,109.22
-1,-1
48051,109.22
48066,109.22
48082,109.22
48098,109.22
48114,109.22
48130,109.22
48145,109.22
48161,109.22
48177,109.22
48193,109.22
48208,109.22
48225,109.22
48240,111.76
48256,109.22
48272,109.22
48287,109.22
48304,109.22
48319,109.22
48334,111.76
48351,109.22
48366,111.76
48382,109.22
48398,109.22
48414,109.22
48430,109.22
48445,109.22
48461,111.76
48477,111.76
48493,111.76
48508,111.76
48525,111.76
48540,111.76
48556,111.76
48572,111.76
48587,111.76
48604,114.30
48619,111.76
48634,114.30
48651,111.76
48666,124.46
48683,124.46
48698,124.46
48714,127.00
48730,127.00
48745,127.00
48761,129.54
48777,129.54
48793,129.54
48808,139.70
48824,160.02
48840,160.02
48856,73.66
48872,55.88
48887,55.88
48903,53.34
48919,50.80
48934,50.80
48951,50.80
48966,50.80
48982,50.80
48998,50.80
49013,48.26
49029,48.26
49045,50.80
49060,48.26
49077,48.26
49092,48.26
49107,48.26
49124,48.26
49139,48.26
49155,48.26
49171,48.26
49186,48.26
49203,48.26
49218,50.80
49233,50.80
49250,50.80
49265,48.26
49281,48.26
49297,48.26
49312,48.26
49329,48.26
49344,48.26
49359,48.26
49376,48.26
49391,48.26
49408,48.26
49423,48.26
49438,48.26
49455,48.26
49470,48.26
49485,48.26
49502,48.26
49517,48.26
49533,48.26
49549,48.26
49564,48.26
49581,48.26
49596,48.26
49611,48.26
49628,48.26
49643,48.26
49659,48.26
49675,48.26
49690,48.26
49707,48.26
49722,50.80
49738,48.26
49754,48.26
49769,48.26
49785,48.26
49801,50.80
49816,50.80
49832,50.80
49848,50.80
49864,50.80
49880,50.80
49895,53.34
49911,53.34
49927,53.34
49942,53.34
49958,149.86
49974,160.02
49990,160.02
50006,160.02
50021,160.02
50037,160.02
50053,160.02
50069,160.02
50084,160.02
50101,160.02
50116,160.02
50131,160.02
50148,139.70
50163,134.62
50180,132.08
50195,124.46
50211,114.30
50227,114.30
50242,114.30
50258,114.30
50274,114.30
50290,114.30
50306,114.30
50321,114.30
50337,114.30
50353,114.30
50369,114.30
50384,114.30
50401,114.30
50416,114.30
50432,116.84
50448,114.30
50463,114.30
50480,114.30
50495,114.30
50511,114.30
50527,114.30
50542,114.30
50558,114.30
50574,114.30
50590,114.30
50606,114.30
50621,116.84
50637,114.30
50653,111.76
50669,111.76
50684,111.76
50701,116.84
50716,114.30
50732,114.30
-1,-1
51747,116.84
51764,116.84
51779,116.84
51795,114.30
51811,114.30
51827,114.30
51843,116.84
51858,114.30
51874,114.30
51890,114.30
51906,111.76
51921,114.30
51938,111.76
51953,111.76
51969,111.76
51985,114.30
52000,114.30
52017,114.30
52032,114.30
52047,114.30
52064,114.30
52079,114.30
52096,111.76
52111,111.76
52127,111.76
52143,111.76
52158,111.76
52174,111.76
52190,111.76
52206,111.76
52221,111.76
52238,111.76
52253,111.76
52269,111.76
52285,111.76
52300,111.76
52317,111.76
52332,114.30
52347,114.30
52364,116.84
52379,114.30
52396,116.84
52411,116.84
52427,114.30
52443,114.30
52458,114.30
52474,114.30
52490,114.30
52506,114.30
52521,114.30
52538,152.40
52553,157.48
52569,157.48
52585,160.02
52600,160.02
52617,160.02
52632,160.02
52647,160.02
52664,160.02
52679,160.02
52696,160.02
52711,160.02
52727,160.02
52743,160.02
52758,160.02
52774,106.68
52790,53.34
52806,53.34
52822,50.80
52837,50.80
52853,50.80
52869,50.80
52884,50.80
52900,50.80
52916,50.80
52932,50.80
52947,50.80
52963,50.80
52979,50.80
52995,48.26
53010,48.26
53026,48.26
53042,48.26
53058,48.26
53073,48.26
53089,48.26
53105,48.26
53121,48.26
53136,48.26
53152,48.26
53168,48.26
53184,48.26
53199,48.26
53215,48.26
53231,48.26
53246,48.26
53263,50.80
53278,48.26
53294,48.26
53310,48.26
53325,48.26
53341,50.80
53357,48.26
53372,48.26
53389,48.26
53404,48.26
53420,48.26
53436,48.26
53451,50.80
53467,50.80
53483,48.26
53498,48.26
53515,48.26
53530,48.26
53545,48.26
53562,48.26
53577,48.26
53593,50.80
53609,50.80
53624,48.26
53641,48.26
53656,50.80
53671,50.80
53688,50.80
53703,50.80
53720,50.80
53735,50.80
53750,50.80
53767,50.80
53782,50.80
53797,50.80
53814,50.80
53829,53.34
53846,53.34
53861,53.34
53876,124.46
53893,157.48
53908,157.48
53924,134.62
53940,129.54
53955,127.00
53971,127.00
53987,124.46
54003,124.46
54019,124.46
54034,124.46
54050,124.46
54066,127.00
54082,124.46
54097,124.46
54114,124.46
54129,114.30
54145,114.30
54161,111.76
54176,111.76
54193,111.76
54208,111.76
54223,111.76
54240,111.76
54255,111.76
54272,111.76
54287,111.76
54303,111.76
54319,111.76
54334,111.76
54350,109.22
54366,109.22
54382,109.22
54397,109.22
54414,109.22
54429,109.22
-1,-1
55445,109.22
55460,109.22
55477,109.22
55492,109.22
55508,111.76
55524,109.22
55540,109.22
55556,109.22
55571,109.22
55587,109.22
55603,109.22
55619,109.22
55634,109.22
55651,111.76
55666,109.22
55682,109.22
55698,109.22
55713,109.22
55730,109.22
55745,109.22
55760,111.76
55777,111.76
55792,111.76
55809,114.30
55824,111.76
55840,111.76
55856,111.76
55871,111.76
55887,111.76
55903,111.76
55919,111.76
55934,111.76
55950,111.76
55966,114.30
55982,111.76
55998,111.76
56013,111.76
56030,111.76
56045,111.76
56060,124.46
56077,124.46
56092,124.46
56109,127.00
56124,127.00
56140,127.00
56156,127.00
56171,127.00
56187,127.00
56203,127.00
56219,127.00
56235,127.00
56250,88.90
56266,58.42
56282,55.88
56298,55.88
56313,53.34
56329,53.34
56345,50.80
56360,50.80
56376,50.80
56392,53.34
56408,50.80
56424,50.80
56439,50.80
56455,50.80
56471,50.80
56486,50.80
56502,50.80
56518,50.80
56534,50.80
56550,50.80
56565,48.26
56581,48.26
56597,48.26
56612,48.26
56628,48.26
56644,48.26
56659,48.26
56676,48.26
56691,48.26
56707,50.80
56723,48.26
56738,50.80
56755,48.26
56770,48.26
56785,48.26
56802,48.26
56817,48.26
56833,48.26
56849,48.26
56864,48.26
56881,50.80
56896,48.26
56911,48.26
56928,48.26
56943,48.26
56958,48.26
56975,48.26
56990,48.26
57007,48.26
57022,48.26
57037,48.26
57054,48.26
57069,48.26
57084,48.26
57101,48.26
57116,48.26
57133,48.26
57148,48.26
57163,48.26
57180,48.26
57195,50.80
57211,50.80
57227,50.80
57242,50.80
57259,50.80
57274,50.80
57289,53.34
57306,53.34
57321,53.34
57337,53.34
57353,121.92
57368,157.48
57384,157.48
57400,160.02
57416,160.02
57432,160.02
57447,160.02
57463,160.02
57479,160.02
57495,160.02
57510,160.02
57527,160.02
57542,160.02
57558,160.02
57574,160.02
57589,160.02
57606,132.08
57621,129.54
57636,129.54
57653,116.84
57668,116.84
57684,116.84
57700,114.30
57716,114.30
57732,114.30
57747,114.30
57763,116.84
57779,114.30
57795,114.30
57810,114.30
57827,114.30
57842,114.30
57858,114.30
57874,114.30
57889,114.30
57906,114.30
57921,114.30
57936,114.30
57953,111.76
57968,111.76
57985,111.76
58000,111.76
58016,111.76
58032,111.76
58047,116.84
58063,114.30
58079,114.30
58095,116.84
58110,116.84
58126,116.84
-1,-1
59143,114.30
59158,114.30
59173,114.30
59190,114.30
59205,114.30
59222,114.30
59237,116.84
59252,114.30
59269,114.30
59284,114.30
59300,114.30
59316,116.84
59332,114.30
59347,114.30
59363,114.30
59379,114.30
59395,114.30
59411,114.30
59426,114.30
59443,114.30
59458,114.30
59473,114.30
59490,114.30
59505,114.30
59522,114.30
59537,114.30
59552,114.30
59569,114.30
59584,114.30
59600,114.30
59616,114.30
59632,116.84
59648,114.30
59663,116.84
59679,114.30
59695,114.30
59711,114.30
59726,114.30
59743,114.30
59758,114.30
59773,114.30
59790,114.30
59805,114.30
59822,114.30
59837,116.84
59852,116.84
59869,116.84
59884,134.62
59900,160.02
59916,160.02
59932,139.70
59948,132.08
59963,132.08
59979,134.62
59995,157.48
60011,160.02
60026,157.48
60043,160.02
60058,160.02
60073,160.02
60090,160.02
60105,160.02
60122,160.02
60137,160.02
60152,160.02
60169,160.02
60184,55.88
60200,50.80
60216,53.34
60231,53.34
60248,53.34
60263,53.34
60279,50.80
60295,50.80
60310,50.80
60326,50.80
60342,48.26
60357,50.80
60374,50.80
60389,48.26
60405,48.26
60421,48.26
60436,48.26
60452,48.26
60468,48.26
60484,50.80
60499,48.26
60515,48.26
60531,50.80
60547,48.26
60562,50.80
60578,48.26
60594,50.80
60610,48.26
60625,48.26
60641,48.26
60657,48.26
60673,48.26
60688,48.26
60704,48.26
60720,48.26
60736,48.26
60751,48.26
60767,48.26
60783,48.26
60798,48.26
60814,48.26
60830,48.26
60846,48.26
60862,48.26
60877,48.26
60893,48.26
60909,48.26
60924,48.26
60941,48.26
60956,48.26
60972,48.26
60988,48.26
61003,48.26
61019,50.80
61035,53.34
61050,50.80
61067,50.80
61082,50.80
61097,50.80
61114,50.80
61129,50.80
61145,50.80
61161,50.80
61176,50.80
61193,50.80
61208,53.34
61223,50.80
61240,50.80
61255,50.80
61271,86.36
61287,127.00
61302,129.54
61319,127.00
61334,127.00
61350,127.00
61366,127.00
61381,127.00
61398,127.00
61413,127.00
61429,127.00
61445,129.54
61460,129.54
61476,127.00
61492,124.46
61508,124.46
61523,114.30
61540,111.76
61555,111.76
61571,111.76
61587,111.76
61602,111.76
61619,111.76
61634,111.76
61649,111.76
61666,111.76
61681,111.76
61698,111.76
61713,111.76
61729,109.22
61745,109.22
61760,109.22
61776,109.22
61792,109.22
61808,109.22
61824,109.22
-1,-1
62839,109.22
62856,109.22
62871,109.22
62886,109.22
62903,109.22
62918,111.76
62935,109.22
62950,109.22
62966,109.22
62982,109.22
62997,111.76
63013,109.22
63029,109.22
63045,109.22
63060,109.22
63077,109.22
63092,109.22
63108,111.76
63124,109.22
63139,111.76
63156,111.76
63171,109.22
63186,109.22
63203,109.22
63218,111.76
63235,109.22
63250,111.76
63266,111.76
63282,111.76
63297,111.76
63313,111.76
63329,111.76
63345,111.76
63361,114.30
63377,111.76
63392,111.76
63408,121.92
63424,124.46
63439,124.46
63456,124.46
63471,124.46
63486,124.46
63503,127.00
63518,129.54
63535,127.00
63550,127.00
63566,127.00
63582,127.00
63597,127.00
63613,127.00
63629,127.00
63645,127.00
63661,55.88
63676,50.80
63692,53.34
63708,50.80
63724,50.80
63739,50.80
63755,50.80
63771,50.80
63787,50.80
63802,50.80
63818,50.80
63834,50.80
63850,50.80
63865,50.80
63881,50.80
63897,50.80
63912,48.26
63928,48.26
63944,48.26
63960,48.26
63976,48.26
63991,48.26
64007,48.26
64023,50.80
64038,50.80
64055,48.26
64070,48.26
64086,48.26
64102,48.26
64117,48.26
64133,48.26
64149,48.26
64164,50.80
64181,48.26
64196,48.26
64211,48.26
64228,48.26
64243,48.26
64259,48.26
64275,48.26
64290,50.80
64307,48.26
64322,48.26
64337,50.80
64354,48.26
64369,48.26
64385,48.26
64401,48.26
64416,48.26
64433,48.26
64448,48.26
64463,50.80
64480,48.26
64495,48.26
64510,48.26
64527,48.26
64542,48.26
64559,48.26
64574,48.26
64589,50.80
64606,50.80
64621,50.80
64636,50.80
64653,50.80
64668,50.80
64685,50.80
64700,50.80
64715,50.80
64732,50.80
64747,83.82
64762,154.94
64779,160.02
64794,157.48
64811,160.02
64826,160.02
64842,160.02
64858,160.02
64873,160.02
64889,160.02
64905,132.08
64921,129.54
64936,129.54
64952,129.54
64968,132.08
64984,129.54
65000,129.54
65015,129.54
65032,129.54
65047,129.54
65062,129.54
65079,132.08
65094,121.92
65111,116.84
65126,114.30
65142,114.30
65158,116.84
65173,114.30
65189,114.30
65205,114.30
65221,114.30
65236,114.30
65252,111.76
65268,111.76
65284,111.76
65300,114.30
65315,114.30
65332,114.30
65347,114.30
65362,114.30
65379,116.84
65394,114.30
65411,114.30
65426,114.30
65442,116.84
65458,114.30
65473,114.30
65489,114.30
65505,116.84
65521,114.30
-1,-1
66537,114.30
66552,114.30
66569,114.30
66584,114.30
66599,111.76
66616,111.76
66631,114.30
66648,114.30
66663,116.84
66678,114.30
66695,111.76
66710,111.76
66726,114.30
66742,114.30
66758,114.30
66774,114.30
66789,114.30
66805,116.84
66821,116.84
66837,114.30
66852,114.30
66869,114.30
66884,114.30
66899,114.30
66916,114.30
66931,114.30
66948,116.84
66963,114.30
66978,114.30
66995,111.76
67010,111.76
67026,111.76
67042,114.30
67058,114.30
67074,114.30
67089,114.30
67105,114.30
67121,116.84
67137,114.30
67152,114.30
67169,114.30
67184,114.30
67200,114.30
67216,114.30
67231,114.30
67248,114.30
67263,116.84
67278,119.38
67295,129.54
67310,129.54
67326,129.54
67342,129.54
67358,129.54
67374,129.54
67389,132.08
67405,132.08
67421,132.08
67437,154.94
67452,160.02
67469,160.02
67484,160.02
67500,160.02
67516,160.02
67531,160.02
67548,160.02
67563,160.02
67578,63.50
67595,50.80
67610,53.34
67627,50.80
67642,50.80
67657,50.80
67674,50.80
67689,50.80
67704,50.80
67721,50.80
67736,48.26
67752,48.26
67768,50.80
67783,48.26
67800,48.26
67815,48.26
67830,48.26
67847,50.80
67862,50.80
67878,48.26
67894,48.26
67909,48.26
67926,48.26
67941,48.26
67956,48.26
67973,48.26
67988,48.26
68004,48.26
68020,48.26
68035,48.26
68051,48.26
68067,48.26
68083,48.26
68099,48.26
68114,48.26
68130,48.26
68146,48.26
68161,48.26
68177,48.26
68193,48.26
68209,48.26
68225,48.26
68240,48.26
68256,48.26
68272,48.26
68287,48.26
68303,50.80
68319,48.26
68335,48.26
68350,48.26
68366,50.80
68382,48.26
68398,48.26
68414,48.26
68429,48.26
68445,48.26
68461,48.26
68476,48.26
68492,48.26
68508,48.26
68524,50.80
68540,50.80
68555,50.80
68571,50.80
68587,50.80
68602,50.80
68618,53.34
68634,53.34
68649,53.34
68666,53.34
68681,53.34
68697,53.34
68713,53.34
68728,121.92
68745,127.00
68760,127.00
68775,124.46
68792,124.46
68807,124.46
68824,127.00
68839,127.00
68854,127.00
68871,127.00
68886,124.46
68902,124.46
68918,124.46
68934,124.46
68950,124.46
68965,119.38
68981,114.30
68997,114.30
69013,111.76
69028,114.30
69044,111.76
69060,111.76
69075,109.22
69092,109.22
69107,109.22
69124,109.22
69139,109.22
69154,109.22
69171,109.22
69186,109.22
69202,109.22
69218,109.22
-1,-1
70234,109.22
70250,111.76
70265,109.22
70281,109.22
70297,109.22
70312,109.22
70329,109.22
70344,109.22
70361,109.22
70376,109.22
70391,109.22
70408,109.22
70423,109.22
70439,109.22
70455,109.22
70470,109.22
70487,109.22
70502,109.22
70518,109.22
70534,109.22
70550,109.22
70565,109.22
70581,109.22
70597,109.22
70612,111.76
70629,111.76
70644,111.76
70660,111.76
70676,111.76
70691,111.76
70708,111.76
70723,111.76
70739,111.76
70755,111.76
70770,114.30
70787,111.76
70802,114.30
70818,124.46
70834,124.46
70850,124.46
70865,124.46
70881,124.46
70897,124.46
70913,124.46
70929,124.46
70944,124.46
70960,127.00
70976,127.00
70991,127.00
71008,129.54
71023,129.54
71040,129.54
71055,63.50
71070,55.88
71087,53.34
71102,53.34
71117,50.80
71134,50.80
71149,50.80
71165,50.80
71181,50.80
71196,50.80
71213,50.80
71228,50.80
71244,50.80
71260,50.80
71275,48.26
71291,48.26
71307,48.26
71322,48.26
71339,48.26
71354,48.26
71370,48.26
71386,48.26
71401,48.26
71417,48.26
71433,50.80
71448,48.26
71464,48.26
71480,48.26
71496,48.26
71512,48.26
71527,48.26
71543,48.26
71559,48.26
71575,48.26
71590,50.80
71606,48.26
71622,48.26
71638,48.26
71653,48.26
71669,50.80
71685,48.26
71701,50.80
71716,48.26
71732,50.80
71748,48.26
71763,50.80
71779,48.26
71795,48.26
71811,48.26
71827,48.26
71842,48.26
71858,48.26
71874,48.26
71889,48.26
71905,48.26
71921,48.26
71937,48.26
71953,48.26
71968,50.80
71984,48.26
72000,50.80
72015,50.80
72031,50.80
72047,50.80
72062,50.80
72079,50.80
72094,50.80
72110,53.34
72126,50.80
72141,50.80
72157,144.78
72173,157.48
72188,160.02
72205,160.02
72220,160.02
72237,160.02
72252,162.56
72267,160.02
72284,160.02
72299,160.02
72315,160.02
72331,160.02
72346,160.02
72363,160.02
72378,160.02
72394,137.16
72410,119.38
72426,116.84
72441,116.84
72457,114.30
72473,114.30
72488,114.30
72505,114.30
72520,114.30
72537,114.30
72552,114.30
72567,114.30
72584,114.30
72599,114.30
72615,114.30
72631,114.30
72646,114.30
72663,111.76
72678,111.76
72694,111.76
72710,111.76
72726,111.76
72741,111.76
72757,111.76
72773,111.76
72788,114.30
72805,114.30
72820,114.30
72837,114.30
72852,114.30
72867,114.30
72884,114.30
72899,114.30
72915,114.30
-1,-1
73931,111.76
73947,111.76
73963,111.76
73978,111.76
73994,116.84
74010,116.84
74025,116.84
74042,114.30
74057,114.30
74073,114.30
74089,114.30
74104,114.30
74121,114.30
74136,114.30
74152,114.30
74168,114.30
74183,114.30
74200,114.30
74215,114.30
74231,114.30
74247,111.76
74263,111.76
74278,114.30
74294,114.30
74310,114.30
74326,114.30
74342,111.76
74357,111.76
74373,111.76
74389,114.30
74404,114.30
74421,114.30
74436,114.30
74452,116.84
74468,114.30
74483,114.30
74500,114.30
74515,114.30
74531,114.30
74547,114.30
74563,116.84
74578,114.30
74594,116.84
74610,114.30
74626,114.30
74642,129.54
74657,129.54
74673,129.54
74689,132.08
74704,132.08
74721,132.08
74736,154.94
74753,160.02
74768,157.48
74783,157.48
74800,157.48
74815,160.02
74831,160.02
74847,160.02
74863,160.02
74878,160.02
74894,160.02
74910,160.02
74926,160.02
74942,160.02
74957,160.02
74973,101.60
74989,53.34
75004,50.80
75021,53.34
75036,53.34
75052,53.34
75068,53.34
75083,50.80
75100,50.80
75115,53.34
75130,50.80
75147,48.26
75162,48.26
75177,48.26
75194,48.26
75209,48.26
75226,48.26
75241,48.26
75256,48.26
75273,48.26
75288,48.26
75303,48.26
75320,48.26
75335,48.26
75352,48.26
75367,48.26
75382,48.26
75399,48.26
75414,48.26
75430,48.26
75446,48.26
75461,48.26
75478,48.26
75493,48.26
75508,48.26
75525,48.26
75540,48.26
75556,48.26
75572,48.26
75587,48.26
75603,48.26
75619,48.26
75634,48.26
75651,48.26
75666,48.26
75682,48.26
75698,48.26
75713,48.26
75729,48.26
75745,48.26
75761,48.26
75777,48.26
75792,48.26
75808,48.26
75824,48.26
75839,50.80
75855,48.26
75871,50.80
75887,50.80
75902,50.80
75918,50.80
75934,50.80
75950,50.80
75965,53.34
75981,50.80
75997,50.80
76013,50.80
76028,50.80
76044,50.80
76060,50.80
76076,53.34
76091,53.34
76107,53.34
76123,109.22
76139,124.46
76154,127.00
76170,127.00
76186,127.00
76201,127.00
76218,127.00
76233,127.00
76250,124.46
76265,124.46
76280,127.00
76297,127.00
76312,127.00
76328,111.76
76344,111.76
76360,111.76
76376,111.76
76391,111.76
76407,111.76
76423,111.76
76439,111.76
76454,111.76
76470,111.76
76486,111.76
76502,111.76
76518,109.22
76533,109.22
76550,109.22
76565,109.22
76580,109.22
76597,109.22
76612,109.22
-1,-1
77628,109.22
77644,109.22
77660,109.22
77676,109.22
77691,109.22
77707,109.22
77723,109.22
77739,111.76
77755,111.76
77770,109.22
77787,109.22
77802,109.22
77817,109.22
77834,109.22
77849,109.22
77865,109.22
77881,109.22
77897,111.76
77913,109.22
77928,109.22
77944,109.22
77960,109.22
77976,111.76
77991,109.22
78007,111.76
78023,111.76
78039,111.76
78055,111.76
78070,111.76
78087,111.76
78102,111.76
78117,111.76
78134,111.76
78149,111.76
78166,121.92
78181,124.46
78197,124.46
78213,121.92
78228,124.46
78244,124.46
78260,127.00
78276,127.00
78291,129.54
78308,127.00
78323,127.00
78339,127.00
78355,127.00
78370,127.00
78387,129.54
78402,127.00
78417,127.00
78434,127.00
78449,88.90
78466,55.88
78481,55.88
78496,55.88
78513,53.34
78528,50.80
78543,50.80
78560,50.80
78575,50.80
78592,50.80
78607,50.80
78622,48.26
78639,48.26
78654,48.26
78670,48.26
78686,48.26
78701,48.26
78717,48.26
78733,48.26
78748,48.26
78765,48.26
78780,48.26
78796,48.26
78812,48.26
78827,48.26
78843,48.26
78859,48.26
78874,48.26
78891,48.26
78906,48.26
78922,48.26
78938,50.80
78953,48.26
78969,48.26
78985,48.26
79001,48.26
79016,48.26
79032,48.26
79048,48.26
79064,48.26
79079,50.80
79095,48.26
79111,48.26
79127,48.26
79142,50.80
79158,48.26
79174,48.26
79190,48.26
79205,50.80
79221,50.80
79237,50.80
79253,48.26
79268,48.26
79284,48.26
79300,48.26
79315,48.26
79331,48.26
79347,48.26
79363,48.26
79379,48.26
79394,50.80
79410,53.34
79426,50.80
79441,50.80
79458,50.80
79473,50.80
79489,50.80
79505,137.16
79520,157.48
79536,157.48
79552,160.02
79567,160.02
79584,160.02
79599,160.02
79616,160.02
79631,160.02
79646,160.02
79663,160.02
79678,160.02
79694,147.32
79710,134.62
79726,134.62
79741,134.62
79757,132.08
79773,132.08
79789,132.08
79805,116.84
79820,116.84
79836,114.30
79852,114.30
79867,114.30
79884,116.84
79899,114.30
79916,114.30
79931,114.30
79946,114.30
79963,114.30
79978,114.30
79994,114.30
80010,114.30
80026,116.84
80041,114.30
80057,114.30
80073,114.30
80089,114.30
80105,114.30
80120,114.30
80136,114.30
80152,114.30
80167,114.30
80184,114.30
80199,114.30
80216,111.76
80231,111.76
80246,114.30
80263,116.84
80278,116.84
80294,114.30
80310,114.30
-1,-1
81326,116.84
81342,116.84
81357,114.30
81373,114.30
81389,114.30
81404,116.84
81421,116.84
81436,114.30
81452,114.30
81468,114.30
81483,116.84
81500,116.84
81515,116.84
81531,116.84
81547,114.30
81562,114.30
81579,114.30
81594,114.30
81610,114.30
81626,114.30
81642,116.84
81657,114.30
81673,116.84
81689,116.84
81704,116.84
81721,114.30
81736,114.30
81752,114.30
81768,114.30
81783,114.30
81800,116.84
81815,114.30
81831,114.30
81847,114.30
81862,116.84
81879,114.30
81894,114.30
81910,114.30
81926,114.30
81942,114.30
81957,114.30
81973,114.30
81989,114.30
82004,114.30
82021,114.30
82036,114.30
82052,114.30
82068,116.84
82083,129.54
82100,129.54
82115,129.54
82131,129.54
82147,129.54
82162,129.54
82179,132.08
82194,160.02
82210,157.48
82226,160.02
82242,160.02
82257,160.02
82273,160.02
82289,160.02
82305,162.56
82321,160.02
82336,160.02
82352,160.02
82368,160.02
82383,55.88
82400,50.80
82415,53.34
82430,50.80
82447,53.34
82462,53.34
82479,50.80
82494,50.80
82509,50.80
82526,50.80
82541,50.80
82556,50.80
82573,50.80
82588,48.26
82605,48.26
82620,48.26
82635,48.26
82652,48.26
82667,50.80
82682,48.26
82699,48.26
82714,48.26
82731,48.26
82746,48.26
82761,48.26
82778,48.26
82793,48.26
82808,48.26
82825,48.26
82840,48.26
82856,48.26
82872,48.26
82887,48.26
82904,48.26
82919,48.26
82934,48.26
82951,48.26
82966,48.26
82982,48.26
82998,48.26
83013,48.26
83030,48.26
83045,50.80
83061,48.26
83077,48.26
83092,48.26
83108,48.26
83124,48.26
83139,48.26
83155,48.26
83171,48.26
83187,48.26
83203,48.26
83218,48.26
83234,48.26
83250,48.26
83265,50.80
83281,50.80
83297,50.80
83313,50.80
83329,50.80
83344,53.34
83360,50.80
83376,50.80
83391,50.80
83407,50.80
83423,50.80
83439,50.80
83454,50.80
83470,91.44
83486,124.46
83502,124.46
83518,127.00
83533,127.00
83549,127.00
83565,127.00
83580,127.00
83597,127.00
83612,127.00
83628,127.00
83644,127.00
83659,127.00
83676,127.00
83691,127.00
83707,127.00
83723,114.30
83738,111.76
83755,111.76
83770,111.76
83786,114.30
83802,111.76
83817,111.76
83833,111.76
83849,111.76
83865,111.76
83880,111.76
83897,111.76
83912,111.76
83928,111.76
83944,111.76
83959,109.22
83976,111.76
83991,109.22
84007,109.22
-1,-1
85023,109.22
85039,109.22
85054,109.22
85070,109.22
85086,109.22
85102,109.22
85117,109.22
85134,109.22
85149,111.76
85165,111.76
85181,109.22
85196,109.22
85213,109.22
85228,109.22
85243,109.22
85260,109.22
85275,109.22
85292,109.22
85307,109.22
85323,109.22
85339,109.22
85354,109.22
85370,109.22
85386,111.76
85402,109.22
85417,109.22
85434,109.22
85449,111.76
85465,111.76
85481,109.22
85496,111.76
85513,111.76
85528,111.76
85543,111.76
85560,111.76
85575,111.76
85592,111.76
85607,121.92
85623,124.46
85639,124.46
85654,124.46
85670,124.46
85686,124.46
85702,124.46
85718,127.00
85734,127.00
85749,127.00
85765,127.00
85781,127.00
85796,127.00
85813,127.00
85828,129.54
85843,127.00
85860,60.96
85875,53.34
85892,55.88
85907,53.34
85922,50.80
85939,50.80
85954,50.80
85970,50.80
85986,50.80
86001,50.80
86018,48.26
86033,48.26
86048,48.26
86065,48.26
86080,48.26
86096,48.26
86112,48.26
86127,48.26
86144,48.26
86159,48.26
86174,48.26
86191,48.26
86206,48.26
86222,48.26
86238,48.26
86253,48.26
86269,48.26
86285,48.26
86300,48.26
86317,48.26
86332,48.26
86348,48.26
86364,48.26
86379,50.80
86395,48.26
86411,48.26
86427,48.26
86443,48.26
86458,48.26
86474,48.26
86490,48.26
86505,48.26
86521,48.26
86537,48.26
86553,48.26
86568,48.26
86584,48.26
86600,48.26
86616,48.26
86631,48.26
86647,48.26
86663,48.26
86679,48.26
86694,48.26
86710,48.26
86726,48.26
86742,48.26
86758,48.26
86773,48.26
86789,50.80
86805,50.80
86820,50.80
86836,50.80
86852,50.80
86867,50.80
86884,50.80
86899,53.34
86915,53.34
86931,53.34
86946,88.90
86962,154.94
86978,157.48
86993,157.48
87010,160.02
87025,160.02
87042,160.02
87057,160.02
87072,160.02
87089,160.02
87104,160.02
87120,160.02
87136,160.02
87151,134.62
87168,132.08
87183,132.08
87199,129.54
87215,129.54
87231,129.54
87246,119.38
87262,116.84
87278,119.38
87293,116.84
87310,116.84
87325,116.84
87341,116.84
87357,114.30
87372,116.84
87389,116.84
87404,114.30
87420,114.30
87436,114.30
87451,116.84
87468,114.30
87483,114.30
87499,114.30
87515,114.30
87531,116.84
87546,114.30
87562,114.30
87578,114.30
87593,116.84
87610,116.84
87625,116.84
87641,114.30
87657,114.30
87672,116.84
87689,114.30
87704,114.30
-1,-1
