14,38.10
30,71.12
46,73.66
61,73.66
76,43.18
93,38.10
108,38.10
123,66.04
140,73.66
155,71.12
171,76.20
186,76.20
202,76.20
218,50.80
233,43.18
249,40.64
265,40.64
280,38.10
295,38.10
312,38.10
327,104.14
343,109.22
359,109.22
374,109.22
390,109.22
406,109.22
421,109.22
437,109.22
453,109.22
468,109.22
484,109.22
500,109.22
516,104.14
531,96.52
547,93.98
563,96.52
578,91.44
593,91.44
610,83.82
625,43.18
641,38.10
657,35.56
672,35.56
688,38.10
703,38.10
719,63.50
735,73.66
750,73.66
766,76.20
782,76.20
797,73.66
813,50.80
829,40.64
844,35.56
860,38.10
876,91.44
891,96.52
907,96.52
922,96.52
939,96.52
954,93.98
969,93.98
986,93.98
1001,93.98
1016,93.98
1033,93.98
1048,93.98
1063,93.98
1080,96.52
1095,96.52
1111,96.52
1127,99.06
1142,99.06
1158,99.06
1174,96.52
1189,96.52
1205,99.06
1221,111.76
1236,111.76
1252,111.76
1268,109.22
1284,111.76
1299,109.22
1315,109.22
1331,109.22
1347,109.22
1362,109.22
1378,109.22
1394,109.22
1410,111.76
1425,111.76
1441,111.76
1457,111.76
1473,109.22
1488,109.22
1504,109.22
1520,111.76
1536,109.22
1551,109.22
1567,109.22
1583,111.76
1599,109.22
1614,111.76
1630,111.76
1646,111.76
1661,53.34
1677,40.64
1693,35.56
1709,55.88
1724,106.68
1740,109.22
1756,106.68
1772,111.76
1787,111.76
1803,111.76
1819,111.76
1835,111.76
1850,111.76
1866,111.76
1882,111.76
1898,114.30
1913,101.60
1929,96.52
1945,96.52
1960,96.52
1976,96.52
1992,96.52
2008,96.52
2023,96.52
2039,93.98
2055,96.52
2070,93.98
2086,96.52
2102,93.98
2117,96.52
2134,93.98
2149,93.98
2164,93.98
2181,93.98
2196,96.52
2211,93.98
2228,91.44
2243,91.44
2258,93.98
2275,93.98
2290,91.44
2306,83.82
2322,78.74
2337,76.20
2353,55.88
2369,40.64
2384,40.64
2400,38.10
2416,38.10
2432,35.56
2447,35.56
2463,35.56
2479,38.10
2494,38.10
2510,63.50
2526,73.66
2541,73.66
2557,45.72
2573,40.64
2588,38.10
2605,38.10
2620,35.56
2635,35.56
2652,40.64
2667,73.66
2682,73.66
-1,-1
3698,48.26
3715,40.64
3730,38.10
3745,38.10
3762,35.56
3777,35.56
3792,38.10
3809,38.10
3824,40.64
3840,40.64
3856,38.10
3871,38.10
3887,38.10
3903,38.10
3918,35.56
3934,35.56
3950,35.56
3965,35.56
3981,35.56
3997,38.10
4013,38.10
4028,38.10
4044,38.10
4060,35.56
4075,35.56
4091,38.10
4107,38.10
4122,38.10
4139,38.10
4154,35.56
4169,35.56
4186,35.56
4201,35.56
4216,35.56
4233,35.56
4248,35.56
4263,38.10
4280,38.10
4295,48.26
4311,76.20
4327,76.20
4342,78.74
4358,91.44
4374,91.44
4389,91.44
4405,91.44
4421,91.44
4436,91.44
4452,91.44
4468,91.44
4484,93.98
4499,93.98
4515,93.98
4531,93.98
4546,93.98
4562,93.98
4578,93.98
4593,96.52
4610,96.52
4625,96.52
4640,96.52
4657,96.52
4672,96.52
4687,96.52
4704,111.76
4719,111.76
4734,111.76
4751,111.76
4766,114.30
4783,114.30
4798,111.76
4813,111.76
4830,111.76
4845,114.30
4861,111.76
4877,111.76
4892,111.76
4909,111.76
4924,111.76
4939,111.76
4956,111.76
4971,109.22
4987,111.76
5003,109.22
5018,109.22
5035,109.22
5050,109.22
5065,109.22
5082,109.22
5097,109.22
5113,109.22
5129,109.22
5144,50.80
5160,40.64
5176,38.10
5191,38.10
5208,38.10
5223,40.64
5238,55.88
5255,106.68
5270,106.68
5285,109.22
5302,111.76
5317,111.76
5334,111.76
5349,111.76
5364,111.76
5381,111.76
5396,111.76
5411,111.76
5428,111.76
5443,111.76
5459,111.76
5475,111.76
5490,111.76
5507,111.76
5522,111.76
5537,106.68
5554,101.60
5569,99.06
5585,99.06
5601,93.98
5616,93.98
5633,96.52
5648,96.52
5663,96.52
5680,96.52
5695,96.52
5710,96.52
5727,96.52
5742,96.52
5757,96.52
5774,96.52
5789,96.52
5805,93.98
5821,93.98
5836,83.82
5852,78.74
5868,78.74
5883,58.42
5899,40.64
5915,38.10
5931,38.10
5946,38.10
5962,38.10
5978,40.64
5993,68.58
6009,73.66
6025,73.66
6040,73.66
6056,73.66
6072,73.66
6087,48.26
6104,40.64
6119,40.64
6134,38.10
6151,38.10
6166,38.10
6181,38.10
6198,38.10
6213,38.10
6228,38.10
6245,71.12
6260,73.66
6276,73.66
6292,40.64
6307,38.10
6323,38.10
6339,38.10
6354,38.10
6370,38.10
-1,-1
7386,38.10
7401,40.64
7417,40.64
7433,40.64
7448,40.64
7464,38.10
7480,38.10
7495,38.10
7512,38.10
7527,38.10
7542,38.10
7559,38.10
7574,38.10
7589,73.66
7606,73.66
7621,68.58
7636,43.18
7653,40.64
7668,40.64
7685,38.10
7700,35.56
7715,38.10
7732,38.10
7747,38.10
7762,40.64
7779,38.10
7794,38.10
7810,38.10
7826,38.10
7841,35.56
7857,35.56
7873,40.64
7888,40.64
7904,38.10
7920,38.10
7936,38.10
7951,38.10
7967,38.10
7983,38.10
7998,35.56
8014,38.10
8030,35.56
8045,38.10
8061,38.10
8077,55.88
8092,73.66
8109,73.66
8124,76.20
8139,76.20
8156,76.20
8171,78.74
8186,93.98
8203,93.98
8218,96.52
8233,96.52
8250,96.52
8265,93.98
8281,96.52
8297,96.52
8312,99.06
8328,93.98
8344,93.98
8359,93.98
8375,93.98
8391,93.98
8407,93.98
8422,99.06
8438,111.76
8454,109.22
8469,111.76
8485,111.76
8501,111.76
8516,111.76
8532,99.06
8548,96.52
8563,96.52
8580,111.76
8595,111.76
8611,111.76
8627,111.76
8642,109.22
8658,111.76
8674,111.76
8689,111.76
8706,111.76
8721,111.76
8737,109.22
8753,111.76
8768,111.76
8784,111.76
8800,111.76
8815,111.76
8832,111.76
8847,109.22
8863,111.76
8879,109.22
8894,109.22
8910,111.76
8926,111.76
8941,111.76
8957,111.76
8973,111.76
8989,111.76
9005,111.76
9020,55.88
9036,40.64
9052,38.10
9067,50.80
9083,106.68
9099,111.76
9114,111.76
9131,109.22
9146,109.22
9162,104.14
9178,40.64
9193,38.10
9209,38.10
9225,93.98
9240,111.76
9256,111.76
9272,111.76
9287,111.76
9304,111.76
9319,111.76
9335,111.76
9351,111.76
9366,106.68
9382,99.06
9398,99.06
9413,99.06
9430,93.98
9445,93.98
9460,93.98
9477,93.98
9492,93.98
9507,93.98
9524,91.44
9539,91.44
9554,91.44
9571,93.98
9586,91.44
9602,93.98
9618,93.98
9633,93.98
9649,93.98
9665,86.36
9680,76.20
9696,76.20
9712,76.20
9728,76.20
9743,76.20
9759,76.20
9775,73.66
9790,76.20
9806,73.66
9822,40.64
9837,38.10
9853,35.56
9869,40.64
9884,38.10
9901,38.10
9916,38.10
9931,35.56
9948,35.56
9963,35.56
9978,35.56
9995,35.56
10010,40.64
10025,71.12
10042,73.66
10057,68.58
-1,-1
11073,35.56
11089,35.56
11105,38.10
11120,35.56
11137,35.56
11152,35.56
11167,38.10
11184,35.56
11199,35.56
11215,35.56
11231,35.56
11246,35.56
11262,35.56
11278,35.56
11293,35.56
11310,38.10
11325,35.56
11341,35.56
11357,35.56
11372,35.56
11388,35.56
11404,35.56
11419,35.56
11436,35.56
11451,35.56
11467,71.12
11483,73.66
11498,73.66
11514,40.64
11530,35.56
11546,35.56
11561,35.56
11577,38.10
11593,38.10
11609,35.56
11624,35.56
11640,35.56
11656,50.80
11672,73.66
11687,73.66
11703,76.20
11719,76.20
11735,76.20
11750,76.20
11766,91.44
11782,91.44
11798,91.44
11813,91.44
11829,91.44
11845,91.44
11860,91.44
11876,91.44
11892,91.44
11908,93.98
11924,93.98
11939,93.98
11955,93.98
11971,93.98
11986,93.98
12002,58.42
12018,40.64
12034,40.64
12050,38.10
12065,106.68
12081,109.22
12097,109.22
12112,111.76
12129,111.76
12144,111.76
12160,111.76
12176,111.76
12191,111.76
12208,111.76
12223,111.76
12239,111.76
12255,111.76
12270,111.76
12286,111.76
12302,111.76
12318,109.22
12334,111.76
12349,111.76
12365,111.76
12381,111.76
12397,114.30
12412,109.22
12429,111.76
12444,109.22
12460,109.22
12476,111.76
12491,109.22
12508,109.22
12523,109.22
12539,109.22
12555,109.22
12570,109.22
12587,109.22
12602,109.22
12618,109.22
12634,109.22
12649,111.76
12665,111.76
12681,111.76
12697,111.76
12712,111.76
12729,111.76
12744,111.76
12760,111.76
12776,111.76
12791,111.76
12808,111.76
12823,111.76
12839,111.76
12855,101.60
12870,96.52
12887,96.52
12902,109.22
12918,111.76
12934,111.76
12949,104.14
12965,96.52
12981,96.52
12997,96.52
13012,93.98
13028,93.98
13044,93.98
13060,93.98
13075,96.52
13091,93.98
13107,91.44
13123,91.44
13138,91.44
13154,93.98
13170,93.98
13186,96.52
13201,48.26
13217,40.64
13233,40.64
13249,38.10
13264,35.56
13280,35.56
13296,38.10
13312,38.10
13327,40.64
13343,43.18
13359,73.66
13375,73.66
13390,63.50
13406,38.10
13422,38.10
13437,38.10
13453,38.10
13469,40.64
13485,40.64
13501,38.10
13516,38.10
13532,38.10
13548,38.10
13563,38.10
13579,38.10
13595,38.10
13611,38.10
13627,38.10
13642,43.18
13658,71.12
13674,71.12
13689,60.96
13705,40.64
13721,38.10
13736,38.10
13753,38.10
-1,-1
14769,35.56
14784,38.10
14799,40.64
14816,38.10
14831,38.10
14848,35.56
14863,35.56
14878,38.10
14895,66.04
14910,68.58
14925,71.12
14942,43.18
14957,38.10
14973,38.10
14989,38.10
15004,40.64
15021,38.10
15036,38.10
15051,38.10
15068,38.10
15083,35.56
15099,35.56
15115,35.56
15130,38.10
15147,38.10
15162,38.10
15177,38.10
15194,38.10
15209,38.10
15225,40.64
15241,38.10
15256,35.56
15272,35.56
15288,35.56
15304,35.56
15320,38.10
15335,38.10
15351,35.56
15367,38.10
15382,35.56
15398,38.10
15414,35.56
15430,35.56
15446,35.56
15461,38.10
15477,35.56
15493,71.12
15508,78.74
15524,78.74
15540,88.90
15556,91.44
15571,91.44
15587,91.44
15603,91.44
15619,91.44
15634,93.98
15650,93.98
15666,93.98
15682,93.98
15697,91.44
15713,91.44
15729,91.44
15745,106.68
15760,106.68
15776,106.68
15792,106.68
15808,106.68
15823,106.68
15840,111.76
15855,111.76
15870,111.76
15887,111.76
15902,111.76
15919,111.76
15934,104.14
15950,99.06
15966,99.06
15981,101.60
15997,111.76
16013,111.76
16029,111.76
16045,109.22
16060,111.76
16076,109.22
16092,109.22
16108,109.22
16123,111.76
16139,109.22
16155,109.22
16171,109.22
16187,111.76
16202,109.22
16219,111.76
16234,109.22
16249,111.76
16266,109.22
16281,111.76
16297,109.22
16313,109.22
16329,109.22
16345,109.22
16360,111.76
16376,109.22
16392,109.22
16408,109.22
16423,111.76
16439,111.76
16455,111.76
16471,111.76
16487,43.18
16502,38.10
16518,38.10
16534,88.90
16549,111.76
16566,111.76
16581,114.30
16596,111.76
16613,111.76
16628,111.76
16645,111.76
16660,111.76
16676,106.68
16692,93.98
16707,93.98
16723,93.98
16739,96.52
16755,96.52
16771,96.52
16786,96.52
16802,96.52
16818,93.98
16833,96.52
16849,96.52
16865,96.52
16881,96.52
16897,93.98
16912,93.98
16928,96.52
16944,93.98
16959,93.98
16975,93.98
16991,91.44
17007,91.44
17022,93.98
17038,93.98
17054,93.98
17070,93.98
17085,76.20
17101,78.74
17117,76.20
17133,76.20
17148,73.66
17164,76.20
17180,73.66
17196,73.66
17211,73.66
17227,73.66
17243,76.20
17259,73.66
17274,48.26
17290,38.10
17306,35.56
17321,35.56
17337,38.10
17353,35.56
17369,38.10
17385,35.56
17400,35.56
17416,35.56
17432,71.12
17447,73.66
-1,-1
18463,38.10
18479,35.56
18495,35.56
18510,35.56
18527,35.56
18542,35.56
18557,35.56
18574,38.10
18589,35.56
18605,35.56
18621,35.56
18636,35.56
18653,35.56
18668,35.56
18683,35.56
18700,35.56
18715,35.56
18732,35.56
18747,38.10
18762,35.56
18779,35.56
18794,35.56
18809,35.56
18826,71.12
18841,73.66
18857,73.66
18873,43.18
18888,40.64
18905,38.10
18920,38.10
18935,35.56
18952,35.56
18967,38.10
18983,38.10
18999,38.10
19014,45.72
19031,71.12
19046,73.66
19061,73.66
19078,76.20
19093,76.20
19109,76.20
19125,91.44
19140,91.44
19156,91.44
19172,91.44
19188,93.98
19204,91.44
19219,91.44
19235,91.44
19251,91.44
19266,93.98
19282,93.98
19298,93.98
19314,93.98
19330,93.98
19345,93.98
19361,60.96
19377,43.18
19392,40.64
19408,38.10
19424,106.68
19440,111.76
19456,111.76
19471,99.06
19487,96.52
19503,96.52
19519,109.22
19534,114.30
19550,111.76
19566,111.76
19581,111.76
19598,111.76
19613,111.76
19629,111.76
19645,111.76
19660,60.96
19677,40.64
19692,38.10
19707,38.10
19724,104.14
19739,106.68
19756,106.68
19771,109.22
19787,109.22
19803,109.22
19818,109.22
19834,109.22
19850,109.22
19866,109.22
19881,109.22
19897,109.22
19913,109.22
19929,109.22
19945,109.22
19960,109.22
19977,111.76
19992,109.22
20007,111.76
20024,109.22
20039,109.22
20056,109.22
20071,111.76
20087,111.76
20103,111.76
20118,111.76
20134,111.76
20150,114.30
20166,114.30
20182,111.76
20197,111.76
20213,101.60
20229,99.06
20245,101.60
20260,99.06
20276,96.52
20292,99.06
20307,101.60
20324,106.68
20339,106.68
20355,104.14
20371,99.06
20386,99.06
20403,99.06
20418,96.52
20433,96.52
20450,96.52
20465,96.52
20482,96.52
20497,96.52
20512,99.06
20529,96.52
20544,96.52
20559,96.52
20576,91.44
20591,91.44
20608,50.80
20623,40.64
20638,38.10
20655,38.10
20670,38.10
20685,38.10
20702,38.10
20717,38.10
20733,38.10
20749,38.10
20764,35.56
20781,38.10
20796,38.10
20811,35.56
20828,35.56
20843,35.56
20859,35.56
20875,35.56
20890,35.56
20907,38.10
20922,38.10
20937,38.10
20954,38.10
20969,35.56
20985,35.56
21001,35.56
21016,35.56
21032,38.10
21048,38.10
21064,38.10
21080,35.56
21095,35.56
21111,38.10
21127,38.10
21142,38.10
-1,-1
22158,35.56
22174,35.56
22190,38.10
22206,35.56
22221,38.10
22237,35.56
22253,66.04
22268,76.20
22284,76.20
22300,43.18
22316,38.10
22332,38.10
22347,38.10
22363,38.10
22379,38.10
22394,35.56
22410,35.56
22426,35.56
22441,35.56
22458,38.10
22473,38.10
22489,38.10
22505,66.04
22520,71.12
22536,71.12
22552,40.64
22567,40.64
22584,38.10
22599,38.10
22615,35.56
22631,35.56
22646,35.56
22663,35.56
22678,35.56
22693,38.10
22710,38.10
22725,38.10
22740,38.10
22757,38.10
22772,38.10
22789,38.10
22804,71.12
22819,71.12
22836,71.12
22851,43.18
22866,38.10
22883,35.56
22898,35.56
22915,35.56
22930,35.56
22945,66.04
22962,91.44
22977,88.90
22992,93.98
23009,96.52
23024,96.52
23041,96.52
23056,96.52
23071,96.52
23088,96.52
23103,96.52
23118,96.52
23135,99.06
23150,96.52
23166,96.52
23182,96.52
23197,96.52
23214,96.52
23229,99.06
23245,106.68
23261,111.76
23276,111.76
23292,111.76
23308,111.76
23324,111.76
23340,111.76
23355,111.76
23371,114.30
23387,111.76
23403,111.76
23418,111.76
23435,114.30
23450,111.76
23465,109.22
23482,109.22
23497,109.22
23514,111.76
23529,111.76
23545,111.76
23561,109.22
23576,109.22
23592,111.76
23608,111.76
23624,111.76
23640,111.76
23655,111.76
23671,111.76
23687,114.30
23703,109.22
23718,109.22
23735,109.22
23750,109.22
23766,109.22
23782,111.76
23797,109.22
23814,109.22
23829,109.22
23845,111.76
23861,111.76
23876,111.76
23892,111.76
23908,111.76
23924,111.76
23940,111.76
23955,111.76
23971,111.76
23987,111.76
24003,111.76
24018,111.76
24035,111.76
24050,111.76
24066,111.76
24082,111.76
24097,99.06
24114,99.06
24129,96.52
24144,93.98
24161,96.52
24176,93.98
24193,48.26
24208,40.64
24223,40.64
24240,71.12
24255,93.98
24270,93.98
24287,93.98
24302,93.98
24318,96.52
24334,93.98
24349,93.98
24366,93.98
24381,93.98
24396,91.44
24413,91.44
24428,91.44
24444,78.74
24460,76.20
24475,78.74
24492,78.74
24507,76.20
24522,78.74
24539,76.20
24554,76.20
24570,76.20
24586,76.20
24601,73.66
24617,76.20
24633,50.80
24648,38.10
24665,35.56
24680,35.56
24696,35.56
24712,35.56
24727,38.10
24743,71.12
24759,73.66
24774,73.66
24791,40.64
24806,38.10
24822,35.56
24838,38.10
-1,-1
25853,35.56
25869,35.56
25885,35.56
25901,35.56
25916,38.10
25932,35.56
25948,35.56
25964,35.56
25979,35.56
25995,35.56
26011,35.56
26027,35.56
26042,35.56
26058,35.56
26074,35.56
26090,35.56
26105,35.56
26121,35.56
26137,35.56
26152,35.56
26169,35.56
26184,38.10
26200,38.10
26216,38.10
26231,38.10
26247,38.10
26263,38.10
26278,38.10
26295,35.56
26310,35.56
26326,35.56
26342,35.56
26357,38.10
26373,43.18
26389,71.12
26404,71.12
26421,73.66
26436,76.20
26451,76.20
26468,76.20
26483,91.44
26499,93.98
26515,93.98
26530,93.98
26547,93.98
26562,93.98
26577,93.98
26594,91.44
26609,91.44
26625,93.98
26641,91.44
26656,91.44
26673,55.88
26688,40.64
26703,38.10
26720,40.64
26735,91.44
26750,93.98
26767,88.90
26782,43.18
26799,40.64
26814,38.10
26829,96.52
26846,109.22
26861,111.76
26877,111.76
26893,111.76
26908,111.76
26925,111.76
26940,114.30
26956,111.76
26972,111.76
26987,111.76
27003,111.76
27019,111.76
27035,111.76
27051,111.76
27067,111.76
27082,109.22
27098,111.76
27114,111.76
27129,109.22
27146,109.22
27161,109.22
27177,45.72
27193,40.64
27208,38.10
27225,38.10
27240,40.64
27255,40.64
27272,73.66
27287,106.68
27303,109.22
27319,106.68
27334,109.22
27351,106.68
27366,81.28
27382,43.18
27398,40.64
27413,40.64
27429,104.14
27445,109.22
27461,109.22
27476,111.76
27492,111.76
27508,111.76
27524,111.76
27540,111.76
27555,111.76
27572,111.76
27587,111.76
27602,111.76
27619,111.76
27634,111.76
27651,111.76
27666,109.22
27682,96.52
27698,96.52
27713,96.52
27729,96.52
27745,96.52
27760,99.06
27777,99.06
27792,96.52
27808,96.52
27824,99.06
27839,99.06
27855,99.06
27871,96.52
27886,93.98
27902,93.98
27918,91.44
27934,88.90
27950,88.90
27965,91.44
27981,91.44
27997,93.98
28012,88.90
28028,78.74
28044,78.74
28060,73.66
28076,43.18
28091,38.10
28107,38.10
28123,38.10
28138,38.10
28154,38.10
28170,38.10
28186,38.10
28201,38.10
28217,38.10
28233,38.10
28249,40.64
28264,38.10
28280,38.10
28296,38.10
28312,40.64
28327,38.10
28343,38.10
28359,38.10
28375,38.10
28390,35.56
28406,38.10
28422,35.56
28438,35.56
28453,38.10
28469,35.56
28485,35.56
28500,35.56
28516,35.56
28532,35.56
-1,-1
29548,38.10
29563,66.04
29580,71.12
29595,71.12
29611,43.18
29627,40.64
29642,38.10
29659,38.10
29674,38.10
29689,40.64
29706,38.10
29721,35.56
29736,35.56
29753,35.56
29768,35.56
29785,38.10
29800,35.56
29815,68.58
29832,73.66
29847,73.66
29862,43.18
29879,40.64
29894,38.10
29911,38.10
29926,38.10
29941,40.64
29958,40.64
29973,35.56
29988,35.56
30005,35.56
30020,35.56
30036,35.56
30052,38.10
30067,35.56
30084,38.10
30099,38.10
30115,38.10
30131,38.10
30146,38.10
30162,38.10
30178,38.10
30193,38.10
30210,38.10
30225,35.56
30241,38.10
30257,35.56
30272,35.56
30288,35.56
30304,35.56
30319,38.10
30336,38.10
30351,45.72
30367,91.44
30383,93.98
30398,93.98
30414,96.52
30430,93.98
30445,96.52
30461,96.52
30477,99.06
30493,96.52
30509,96.52
30524,99.06
30540,96.52
30556,96.52
30571,96.52
30587,96.52
30603,96.52
30619,96.52
30635,93.98
30650,96.52
30666,111.76
30682,111.76
30698,111.76
30713,109.22
30729,109.22
30745,109.22
30760,109.22
30777,109.22
30792,109.22
30809,109.22
30824,109.22
30839,109.22
30856,109.22
30871,109.22
30887,109.22
30903,109.22
30919,109.22
30935,109.22
30950,109.22
30966,109.22
30982,109.22
30998,111.76
31013,109.22
31029,109.22
31045,109.22
31060,109.22
31077,109.22
31092,109.22
31109,109.22
31124,109.22
31139,109.22
31156,109.22
31171,109.22
31187,109.22
31203,109.22
31219,109.22
31235,109.22
31250,111.76
31266,111.76
31282,111.76
31298,111.76
31313,111.76
31329,111.76
31345,111.76
31361,114.30
31377,111.76
31392,111.76
31409,111.76
31424,114.30
31439,111.76
31456,106.68
31471,104.14
31488,104.14
31503,104.14
31519,101.60
31535,101.60
31550,96.52
31566,96.52
31582,96.52
31598,96.52
31613,93.98
31629,93.98
31645,93.98
31661,96.52
31676,93.98
31692,93.98
31708,91.44
31724,91.44
31739,93.98
31755,91.44
31771,91.44
31787,91.44
31802,93.98
31818,93.98
31834,96.52
31850,93.98
31865,93.98
31881,93.98
31897,81.28
31912,76.20
31928,76.20
31944,76.20
31960,73.66
31976,73.66
31991,58.42
32007,40.64
32023,38.10
32038,38.10
32054,35.56
32070,35.56
32086,35.56
32102,38.10
32117,35.56
32133,35.56
32149,35.56
32164,38.10
32180,35.56
32196,38.10
32211,38.10
32228,38.10
-1,-1
33244,38.10
33259,35.56
33274,35.56
33291,58.42
33306,73.66
33323,73.66
33338,48.26
33353,40.64
33370,38.10
33385,38.10
33400,38.10
33417,40.64
33432,38.10
33448,38.10
33464,38.10
33479,40.64
33496,38.10
33511,38.10
33526,38.10
33543,38.10
33558,38.10
33574,38.10
33590,38.10
33605,38.10
33622,38.10
33637,38.10
33652,38.10
33669,38.10
33684,45.72
33700,73.66
33716,73.66
33731,73.66
33747,73.66
33763,73.66
33778,73.66
33795,73.66
33810,73.66
33826,73.66
33842,76.20
33857,76.20
33873,76.20
33889,88.90
33905,91.44
33921,91.44
33936,91.44
33952,91.44
33968,91.44
33983,93.98
33999,93.98
34015,93.98
34031,93.98
34046,93.98
34062,93.98
34078,86.36
34094,43.18
34109,40.64
34125,40.64
34141,38.10
34157,38.10
34172,38.10
34188,38.10
34204,38.10
34220,38.10
34235,78.74
34251,109.22
34267,111.76
34283,111.76
34298,111.76
34314,111.76
34330,111.76
34345,111.76
34362,111.76
34377,111.76
34394,111.76
34409,111.76
34424,111.76
34441,111.76
34456,111.76
34472,111.76
34488,109.22
34504,109.22
34520,111.76
34535,111.76
34551,111.76
34567,111.76
34583,50.80
34598,40.64
34614,38.10
34630,38.10
34646,38.10
34662,38.10
34677,40.64
34693,104.14
34709,106.68
34724,109.22
34741,109.22
34756,109.22
34771,109.22
34788,109.22
34803,109.22
34820,109.22
34835,111.76
34851,111.76
34867,111.76
34882,111.76
34898,111.76
34914,111.76
34930,111.76
34946,111.76
34961,111.76
34977,111.76
34993,109.22
35009,109.22
35024,109.22
35041,99.06
35056,99.06
35072,99.06
35088,106.68
35103,106.68
35120,106.68
35135,96.52
35150,96.52
35167,93.98
35182,93.98
35197,93.98
35214,93.98
35229,93.98
35246,91.44
35261,91.44
35276,93.98
35293,91.44
35308,93.98
35323,93.98
35340,93.98
35355,93.98
35372,81.28
35387,43.18
35402,40.64
35419,38.10
35434,38.10
35450,38.10
35466,38.10
35481,35.56
35497,35.56
35513,35.56
35528,38.10
35545,38.10
35560,38.10
35576,38.10
35592,38.10
35607,38.10
35623,35.56
35639,38.10
35654,35.56
35671,35.56
35686,38.10
35702,38.10
35718,38.10
35733,38.10
35749,35.56
35765,35.56
35780,38.10
35796,38.10
35812,40.64
35828,38.10
35844,38.10
35859,35.56
35875,35.56
35891,35.56
35906,35.56
35922,35.56
-1,-1
36938,73.66
36954,71.12
36970,45.72
36985,40.64
37001,38.10
37017,35.56
37032,38.10
37049,38.10
37064,35.56
37080,35.56
37096,35.56
37111,35.56
37127,71.12
37143,73.66
37158,73.66
37175,40.64
37190,38.10
37206,35.56
37222,63.50
37237,71.12
37253,71.12
37269,45.72
37284,40.64
37301,35.56
37316,35.56
37331,38.10
37348,35.56
37363,38.10
37379,38.10
37395,38.10
37410,38.10
37427,35.56
37442,38.10
37457,38.10
37474,35.56
37489,35.56
37506,35.56
37521,38.10
37536,38.10
37553,38.10
37568,38.10
37583,38.10
37600,38.10
37615,38.10
37632,38.10
37647,35.56
37662,43.18
37679,76.20
37694,76.20
37709,76.20
37726,93.98
37741,93.98
37757,93.98
37773,93.98
37788,93.98
37805,93.98
37820,96.52
37835,96.52
37852,96.52
37867,96.52
37883,96.52
37899,96.52
37914,104.14
37931,104.14
37946,106.68
37962,101.60
37978,99.06
37993,99.06
38009,99.06
38025,96.52
38041,96.52
38056,96.52
38072,111.76
38088,111.76
38104,111.76
38120,111.76
38135,111.76
38151,111.76
38167,109.22
38182,111.76
38199,111.76
38214,111.76
38231,111.76
38246,111.76
38261,111.76
38278,111.76
38293,109.22
38309,111.76
38325,109.22
38340,109.22
38356,109.22
38372,109.22
38388,111.76
38404,109.22
38420,109.22
38435,109.22
38451,111.76
38467,45.72
38482,40.64
38499,40.64
38514,91.44
38530,109.22
38546,106.68
38561,109.22
38578,109.22
38593,109.22
38608,111.76
38625,111.76
38640,111.76
38657,111.76
38672,111.76
38688,111.76
38704,91.44
38719,40.64
38735,38.10
38751,35.56
38766,101.60
38782,111.76
38798,111.76
38814,111.76
38830,111.76
38846,111.76
38861,101.60
38877,99.06
38893,96.52
38908,96.52
38925,93.98
38940,93.98
38956,58.42
38972,43.18
38987,40.64
39003,43.18
39019,93.98
39034,96.52
39051,96.52
39066,93.98
39081,93.98
39098,93.98
39113,93.98
39129,93.98
39145,91.44
39160,93.98
39177,93.98
39192,93.98
39207,86.36
39224,81.28
39239,81.28
39255,88.90
39271,93.98
39286,93.98
39303,86.36
39318,76.20
39333,78.74
39350,78.74
39365,73.66
39380,76.20
39397,76.20
39412,43.18
39429,40.64
39444,40.64
39459,38.10
39476,38.10
39491,40.64
39506,60.96
39523,71.12
39538,71.12
39555,73.66
39570,73.66
39585,73.66
39602,73.66
39617,73.66
-1,-1
40633,35.56
40649,35.56
40665,38.10
40680,38.10
40696,43.18
40712,73.66
40727,73.66
40743,73.66
40759,73.66
40775,73.66
40791,71.12
40806,40.64
40822,40.64
40838,40.64
40853,38.10
40869,35.56
40885,35.56
40901,35.56
40916,35.56
40932,38.10
40948,35.56
40964,35.56
40979,35.56
40995,45.72
41011,73.66
41027,73.66
41042,55.88
41058,40.64
41074,38.10
41090,38.10
41105,38.10
41121,35.56
41137,35.56
41153,68.58
41168,73.66
41184,73.66
41200,76.20
41216,76.20
41231,76.20
41247,81.28
41263,81.28
41279,81.28
41294,88.90
41310,93.98
41326,93.98
41341,93.98
41358,93.98
41373,93.98
41389,93.98
41405,93.98
41420,93.98
41436,93.98
41452,93.98
41467,93.98
41483,93.98
41499,93.98
41515,93.98
41531,93.98
41546,96.52
41562,96.52
41578,96.52
41593,96.52
41610,96.52
41625,96.52
41640,96.52
41657,96.52
41672,99.06
41688,96.52
41704,111.76
41719,111.76
41736,111.76
41751,111.76
41766,111.76
41783,111.76
41798,111.76
41815,111.76
41830,111.76
41846,111.76
41862,111.76
41877,111.76
41893,111.76
41909,109.22
41925,109.22
41940,109.22
41957,109.22
41972,109.22
41988,68.58
42004,43.18
42019,40.64
42036,38.10
42051,38.10
42066,38.10
42083,40.64
42098,38.10
42114,40.64
42130,38.10
42145,38.10
42162,38.10
42177,38.10
42192,38.10
42209,35.56
42224,35.56
42240,68.58
42256,109.22
42271,109.22
42288,109.22
42303,111.76
42318,111.76
42335,111.76
42350,111.76
42366,111.76
42382,111.76
42398,111.76
42414,111.76
42429,111.76
42445,99.06
42461,96.52
42477,99.06
42492,96.52
42508,96.52
42524,96.52
42540,96.52
42555,96.52
42571,96.52
42587,96.52
42603,93.98
42618,93.98
42634,93.98
42650,93.98
42665,93.98
42681,96.52
42697,91.44
42713,91.44
42729,91.44
42744,96.52
42760,96.52
42776,96.52
42791,81.28
42807,76.20
42823,76.20
42839,45.72
42855,38.10
42870,38.10
42886,35.56
42902,38.10
42917,38.10
42934,35.56
42949,38.10
42964,35.56
42981,38.10
42996,38.10
43012,38.10
43028,38.10
43043,38.10
43060,38.10
43075,38.10
43090,35.56
43107,35.56
43122,35.56
43138,35.56
43154,38.10
43169,35.56
43186,38.10
43201,38.10
43216,40.64
43233,38.10
43248,35.56
43264,38.10
43280,35.56
43295,35.56
43312,35.56
-1,-1
44327,35.56
44343,35.56
44358,38.10
44375,35.56
44390,35.56
44405,35.56
44422,38.10
44437,38.10
44453,38.10
44469,38.10
44484,38.10
44500,38.10
44516,40.64
44531,38.10
44548,38.10
44563,38.10
44579,38.10
44595,35.56
44610,38.10
44626,35.56
44642,38.10
44658,35.56
44674,35.56
44689,35.56
44705,35.56
44721,38.10
44736,35.56
44752,38.10
44768,35.56
44784,35.56
44800,38.10
44815,35.56
44831,35.56
44847,35.56
44862,38.10
44878,38.10
44894,38.10
44910,38.10
44925,35.56
44941,35.56
44957,35.56
44973,38.10
44988,38.10
45004,38.10
45020,40.64
45036,71.12
45051,73.66
45067,68.58
45083,38.10
45099,38.10
45115,35.56
45130,38.10
45146,35.56
45162,38.10
45177,76.20
45193,93.98
45209,93.98
45224,93.98
45241,93.98
45256,93.98
45272,96.52
45288,96.52
45303,96.52
45319,96.52
45335,96.52
45350,96.52
45367,96.52
45382,109.22
45398,111.76
45414,111.76
45429,111.76
45446,111.76
45461,111.76
45476,48.26
45493,40.64
45508,38.10
45524,81.28
45540,111.76
45555,111.76
45572,111.76
45587,111.76
45603,111.76
45619,111.76
45635,111.76
45650,111.76
45666,114.30
45682,111.76
45698,111.76
45714,111.76
45729,109.22
45745,109.22
45761,109.22
45776,45.72
45793,40.64
45808,40.64
45824,91.44
45840,109.22
45855,109.22
45872,109.22
45887,111.76
45903,109.22
45919,109.22
45934,109.22
45950,109.22
45966,111.76
45982,111.76
45998,111.76
46013,111.76
46029,111.76
46045,114.30
46061,111.76
46076,114.30
46093,111.76
46108,111.76
46124,111.76
46140,114.30
46155,111.76
46172,114.30
46187,111.76
46203,114.30
46219,111.76
46234,111.76
46251,111.76
46266,101.60
46282,93.98
46298,93.98
46313,96.52
46329,99.06
46345,99.06
46361,101.60
46376,96.52
46392,96.52
46408,96.52
46424,93.98
46439,93.98
46455,93.98
46471,93.98
46487,93.98
46502,93.98
46518,93.98
46534,91.44
46550,91.44
46565,93.98
46581,96.52
46597,93.98
46613,93.98
46628,93.98
46644,96.52
46660,93.98
46675,78.74
46692,76.20
46707,78.74
46723,76.20
46739,73.66
46754,73.66
46770,45.72
46786,43.18
46801,40.64
46818,38.10
46833,35.56
46849,35.56
46865,35.56
46880,35.56
46896,35.56
46912,43.18
46927,73.66
46944,73.66
46959,55.88
46974,38.10
46991,35.56
47006,35.56
-1,-1
48022,35.56
48037,38.10
48054,35.56
48069,35.56
48086,35.56
48101,35.56
48116,35.56
48133,35.56
48148,38.10
48163,35.56
48180,38.10
48195,35.56
48211,38.10
48227,35.56
48242,38.10
48259,35.56
48274,35.56
48290,35.56
48306,38.10
48321,35.56
48337,35.56
48353,35.56
48368,35.56
48385,35.56
48400,38.10
48416,71.12
48432,71.12
48447,71.12
48463,43.18
48479,38.10
48494,35.56
48510,35.56
48526,38.10
48542,35.56
48558,35.56
48573,35.56
48589,35.56
48605,48.26
48620,81.28
48636,81.28
48652,81.28
48668,81.28
48684,81.28
48699,81.28
48715,78.74
48731,78.74
48747,78.74
48762,88.90
48778,88.90
48794,88.90
48809,93.98
48825,93.98
48841,93.98
48857,93.98
48873,93.98
48888,93.98
48904,50.80
48920,40.64
48935,38.10
48951,55.88
48967,109.22
48983,109.22
48999,109.22
49014,99.06
49030,99.06
49046,99.06
49061,111.76
49078,111.76
49093,111.76
49108,111.76
49125,111.76
49140,111.76
49157,45.72
49172,38.10
49187,38.10
49204,76.20
49219,109.22
49235,109.22
49251,58.42
49266,38.10
49283,35.56
49298,38.10
49314,35.56
49330,38.10
49345,38.10
49361,104.14
49377,109.22
49393,109.22
49409,109.22
49424,109.22
49440,109.22
49456,45.72
49472,40.64
49487,38.10
49503,38.10
49519,40.64
49534,38.10
49550,71.12
49566,106.68
49582,109.22
49598,109.22
49613,109.22
49630,109.22
49645,109.22
49660,109.22
49677,109.22
49692,109.22
49709,111.76
49724,111.76
49740,111.76
49756,111.76
49771,111.76
49787,111.76
49803,101.60
49819,96.52
49835,96.52
49850,99.06
49866,96.52
49882,96.52
49898,96.52
49913,96.52
49929,96.52
49945,99.06
49960,96.52
49976,96.52
49992,96.52
50008,96.52
50024,93.98
50039,96.52
50055,93.98
50071,93.98
50086,96.52
50102,93.98
50118,93.98
50134,93.98
50150,93.98
50165,93.98
50181,93.98
50197,81.28
50212,78.74
50228,76.20
50244,50.80
50259,38.10
50276,35.56
50291,38.10
50307,71.12
50323,73.66
50338,71.12
50354,43.18
50370,40.64
50385,38.10
50402,38.10
50417,38.10
50433,38.10
50449,38.10
50464,38.10
50481,38.10
50496,38.10
50511,38.10
50528,38.10
50543,48.26
50558,68.58
50575,68.58
50590,55.88
50607,43.18
50622,40.64
50637,38.10
50654,35.56
50669,35.56
50684,35.56
50701,35.56
-1,-1
51717,35.56
51732,38.10
51748,38.10
51764,38.10
51779,38.10
51795,35.56
51811,35.56
51826,35.56
51843,35.56
51858,35.56
51874,35.56
51890,38.10
51905,38.10
51921,40.64
51937,38.10
51952,35.56
51969,35.56
51984,35.56
52000,35.56
52016,35.56
52031,38.10
52047,35.56
52063,35.56
52078,38.10
52094,38.10
52110,38.10
52126,40.64
52142,38.10
52157,38.10
52173,38.10
52189,38.10
52205,35.56
52220,35.56
52236,35.56
52252,35.56
52268,35.56
52283,35.56
52299,35.56
52315,35.56
52331,38.10
52346,35.56
52362,38.10
52378,35.56
52393,38.10
52409,38.10
52425,35.56
52441,71.12
52457,76.20
52472,76.20
52488,76.20
52504,76.20
52519,76.20
52535,88.90
52551,96.52
52567,96.52
52583,93.98
52598,93.98
52614,93.98
52630,96.52
52645,96.52
52661,96.52
52677,96.52
52692,99.06
52709,96.52
52724,96.52
52740,96.52
52756,96.52
52771,96.52
52787,96.52
52803,96.52
52818,96.52
52835,96.52
52850,99.06
52866,96.52
52882,104.14
52897,111.76
52914,111.76
52929,111.76
52944,109.22
52961,109.22
52976,109.22
52993,111.76
53008,111.76
53024,111.76
53040,109.22
53055,109.22
53071,111.76
53087,109.22
53103,109.22
53118,109.22
53134,109.22
53150,109.22
53166,109.22
53182,50.80
53197,40.64
53214,38.10
53229,40.64
53244,38.10
53261,38.10
53276,38.10
53292,38.10
53308,35.56
53323,35.56
53340,35.56
53355,35.56
53370,38.10
53387,38.10
53402,38.10
53417,38.10
53434,93.98
53449,109.22
53466,109.22
53481,111.76
53496,111.76
53513,111.76
53528,111.76
53544,111.76
53560,111.76
53576,111.76
53592,111.76
53607,111.76
53623,111.76
53639,99.06
53655,96.52
53670,99.06
53686,93.98
53702,93.98
53718,93.98
53734,45.72
53749,40.64
53765,40.64
53781,78.74
53796,93.98
53812,93.98
53828,91.44
53843,91.44
53860,91.44
53875,93.98
53891,93.98
53907,93.98
53922,93.98
53938,93.98
53954,93.98
53969,93.98
53986,93.98
54001,93.98
54017,93.98
54033,78.74
54048,78.74
54064,76.20
54080,76.20
54095,76.20
54112,76.20
54127,45.72
54142,40.64
54159,38.10
54174,35.56
54190,38.10
54206,38.10
54221,38.10
54238,35.56
54253,38.10
54268,38.10
54285,71.12
54300,73.66
54316,71.12
54332,43.18
54347,38.10
54364,38.10
54379,38.10
54394,35.56
-1,-1
55410,35.56
55427,35.56
55442,35.56
55457,35.56
55474,66.04
55489,71.12
55505,71.12
55521,40.64
55536,35.56
55553,38.10
55568,35.56
55584,35.56
55600,35.56
55615,35.56
55631,35.56
55647,35.56
55662,35.56
55678,35.56
55694,38.10
55710,35.56
55726,35.56
55741,35.56
55757,35.56
55773,38.10
55788,38.10
55804,38.10
55820,38.10
55836,35.56
55852,35.56
55867,35.56
55883,35.56
55899,35.56
55915,50.80
55930,73.66
55946,73.66
55962,50.80
55977,38.10
55993,38.10
56009,38.10
56025,73.66
56041,73.66
56056,76.20
56072,93.98
56088,93.98
56103,93.98
56119,91.44
56135,91.44
56151,91.44
56167,93.98
56182,93.98
56198,93.98
56214,93.98
56229,93.98
56245,93.98
56261,93.98
56276,93.98
56293,93.98
56308,93.98
56324,96.52
56340,96.52
56355,96.52
56371,96.52
56387,96.52
56402,96.52
56419,45.72
56434,40.64
56450,38.10
56466,73.66
56481,93.98
56497,96.52
56513,104.14
56528,111.76
56545,111.76
56560,63.50
56576,40.64
56592,35.56
56607,35.56
56624,106.68
56639,109.22
56654,111.76
56671,111.76
56686,111.76
56702,111.76
56718,109.22
56734,109.22
56750,109.22
56765,109.22
56781,109.22
56797,109.22
56813,109.22
56828,109.22
56844,109.22
56860,109.22
56876,111.76
56892,109.22
56907,109.22
56924,109.22
56939,109.22
56954,111.76
56971,109.22
56986,109.22
57003,109.22
57018,111.76
57034,111.76
57050,109.22
57065,111.76
57081,111.76
57097,111.76
57113,111.76
57128,111.76
57144,111.76
57160,111.76
57176,111.76
57192,111.76
57207,111.76
57224,111.76
57239,111.76
57254,109.22
57271,99.06
57286,96.52
57303,99.06
57318,93.98
57333,96.52
57350,93.98
57365,96.52
57381,96.52
57397,96.52
57412,93.98
57428,93.98
57444,93.98
57459,96.52
57476,93.98
57491,93.98
57507,96.52
57523,96.52
57538,96.52
57554,63.50
57570,43.18
57585,40.64
57602,40.64
57617,38.10
57633,35.56
57649,38.10
57664,38.10
57680,38.10
57696,38.10
57711,38.10
57728,38.10
57743,40.64
57759,38.10
57775,38.10
57790,40.64
57806,38.10
57822,38.10
57837,35.56
57853,35.56
57869,35.56
57885,38.10
57901,38.10
57916,68.58
57932,71.12
57948,66.04
57963,40.64
57979,38.10
57995,38.10
58011,38.10
58027,38.10
58042,38.10
58058,38.10
58074,35.56
58089,35.56
-1,-1
59105,43.18
59121,40.64
59137,38.10
59153,38.10
59168,35.56
59184,38.10
59200,35.56
59215,38.10
59232,38.10
59247,38.10
59262,38.10
59279,40.64
59294,38.10
59310,35.56
59326,35.56
59341,38.10
59358,71.12
59373,71.12
59388,71.12
59405,40.64
59420,38.10
59436,35.56
59452,66.04
59467,71.12
59484,71.12
59499,43.18
59514,38.10
59531,38.10
59546,50.80
59563,73.66
59578,73.66
59593,48.26
59610,38.10
59625,38.10
59640,38.10
59657,38.10
59672,38.10
59688,38.10
59704,38.10
59719,35.56
59736,35.56
59751,38.10
59766,38.10
59783,38.10
59798,66.04
59814,73.66
59830,73.66
59845,43.18
59862,38.10
59877,38.10
59893,55.88
59909,91.44
59924,93.98
59940,93.98
59956,96.52
59971,96.52
59987,93.98
60003,93.98
60019,96.52
60035,93.98
60050,93.98
60066,93.98
60082,93.98
60097,96.52
60113,96.52
60129,96.52
60145,96.52
60161,96.52
60176,96.52
60192,101.60
60208,111.76
60224,111.76
60239,111.76
60255,111.76
60271,111.76
60286,111.76
60303,114.30
60318,114.30
60334,111.76
60350,109.22
60365,109.22
60382,109.22
60397,109.22
60413,109.22
60429,109.22
60444,111.76
60461,111.76
60476,111.76
60492,111.76
60508,109.22
60524,109.22
60539,111.76
60555,109.22
60571,109.22
60587,109.22
60603,109.22
60618,109.22
60634,109.22
60650,109.22
60665,109.22
60682,109.22
60697,45.72
60713,40.64
60729,38.10
60744,93.98
60761,111.76
60776,109.22
60792,48.26
60808,38.10
60823,38.10
60839,71.12
60855,109.22
60870,111.76
60887,60.96
60902,38.10
60918,35.56
60934,38.10
60949,106.68
60965,111.76
60981,101.60
60997,43.18
61012,40.64
61028,38.10
61044,101.60
61060,109.22
61076,109.22
61091,99.06
61107,96.52
61123,99.06
61138,96.52
61155,93.98
61170,93.98
61186,93.98
61202,93.98
61217,93.98
61233,93.98
61249,91.44
61264,91.44
61281,91.44
61296,93.98
61312,93.98
61328,93.98
61343,91.44
61360,93.98
61375,91.44
61390,78.74
61407,76.20
61422,76.20
61437,78.74
61454,78.74
61469,78.74
61486,78.74
61501,73.66
61516,76.20
61533,50.80
61548,38.10
61563,38.10
61580,38.10
61595,35.56
61612,35.56
61627,38.10
61642,68.58
61659,73.66
61674,71.12
61689,43.18
61706,38.10
61721,35.56
61737,38.10
61753,38.10
61768,38.10
61785,55.88
-1,-1
62800,40.64
62816,38.10
62832,63.50
62848,73.66
62863,73.66
62879,73.66
62895,73.66
62910,73.66
62926,73.66
62942,73.66
62958,73.66
62973,55.88
62989,40.64
63005,38.10
63021,40.64
63036,71.12
63052,73.66
63068,73.66
63084,73.66
63099,73.66
63115,73.66
63131,40.64
63147,38.10
63162,35.56
63178,38.10
63194,38.10
63210,40.64
63225,40.64
63241,40.64
63257,40.64
63272,45.72
63289,71.12
63304,73.66
63320,73.66
63336,71.12
63351,73.66
63367,73.66
63383,76.20
63398,76.20
63415,76.20
63430,76.20
63446,76.20
63462,76.20
63477,88.90
63493,91.44
63509,91.44
63524,93.98
63541,93.98
63556,93.98
63571,93.98
63588,93.98
63603,93.98
63620,93.98
63635,93.98
63650,93.98
63667,93.98
63682,93.98
63697,93.98
63714,93.98
63729,96.52
63746,96.52
63761,96.52
63776,96.52
63793,96.52
63808,96.52
63823,106.68
63840,111.76
63855,111.76
63872,111.76
63887,111.76
63903,111.76
63919,111.76
63934,111.76
63950,111.76
63966,96.52
63982,40.64
63997,38.10
64013,38.10
64029,35.56
64045,38.10
64060,38.10
64076,93.98
64092,106.68
64108,109.22
64123,109.22
64140,111.76
64155,109.22
64171,55.88
64187,40.64
64202,40.64
64218,53.34
64234,106.68
64249,106.68
64266,109.22
64281,111.76
64297,111.76
64313,104.14
64328,45.72
64345,40.64
64360,38.10
64376,96.52
64392,111.76
64407,111.76
64423,109.22
64439,109.22
64455,109.22
64471,111.76
64486,111.76
64502,111.76
64518,111.76
64534,111.76
64549,111.76
64566,111.76
64581,111.76
64596,111.76
64613,111.76
64628,96.52
64645,96.52
64660,93.98
64675,109.22
64692,111.76
64707,111.76
64723,101.60
64739,96.52
64754,96.52
64771,96.52
64786,93.98
64802,93.98
64818,93.98
64833,96.52
64849,93.98
64865,96.52
64880,96.52
64897,96.52
64912,73.66
64928,40.64
64944,38.10
64959,35.56
64975,71.12
64991,76.20
65006,76.20
65022,76.20
65038,73.66
65054,73.66
65070,43.18
65085,38.10
65101,35.56
65117,35.56
65132,35.56
65148,35.56
65164,38.10
65180,38.10
65196,40.64
65211,40.64
65227,35.56
65243,35.56
65258,35.56
65274,35.56
65290,35.56
65306,38.10
65321,68.58
65337,71.12
65353,71.12
65369,43.18
65385,38.10
65400,38.10
65416,38.10
65432,38.10
65447,38.10
65463,38.10
65479,35.56
-1,-1
66495,35.56
66510,35.56
66527,38.10
66542,35.56
66557,38.10
66574,38.10
66589,38.10
66605,38.10
66621,38.10
66636,38.10
66653,40.64
66668,38.10
66683,35.56
66700,38.10
66715,38.10
66731,38.10
66747,40.64
66762,38.10
66779,38.10
66794,38.10
66809,38.10
66826,35.56
66841,35.56
66856,53.34
66873,71.12
66888,71.12
66905,48.26
66920,40.64
66935,35.56
66952,35.56
66967,35.56
66983,35.56
66999,35.56
67014,71.12
67031,71.12
67046,71.12
67061,43.18
67078,38.10
67093,40.64
67109,38.10
67125,38.10
67140,38.10
67156,38.10
67172,35.56
67187,35.56
67204,48.26
67219,76.20
67235,76.20
67251,78.74
67266,93.98
67282,96.52
67298,93.98
67313,93.98
67330,96.52
67345,93.98
67361,96.52
67377,96.52
67392,96.52
67408,96.52
67424,93.98
67440,93.98
67456,91.44
67471,93.98
67487,93.98
67503,93.98
67518,93.98
67534,93.98
67550,93.98
67566,109.22
67581,111.76
67597,111.76
67613,111.76
67629,111.76
67645,111.76
67660,109.22
67676,109.22
67692,109.22
67707,114.30
67724,111.76
67739,111.76
67756,111.76
67771,109.22
67786,109.22
67803,109.22
67818,109.22
67834,109.22
67850,111.76
67866,111.76
67881,109.22
67897,109.22
67913,109.22
67929,109.22
67945,91.44
67960,43.18
67976,40.64
67992,40.64
68007,38.10
68024,38.10
68039,38.10
68055,96.52
68071,109.22
68086,106.68
68102,109.22
68118,109.22
68133,109.22
68150,53.34
68165,38.10
68182,35.56
68197,53.34
68212,109.22
68229,111.76
68244,78.74
68260,40.64
68276,35.56
68291,35.56
68307,101.60
68323,109.22
68338,109.22
68355,111.76
68370,111.76
68386,111.76
68402,101.60
68418,96.52
68433,96.52
68449,106.68
68465,111.76
68481,111.76
68497,106.68
68512,96.52
68528,96.52
68544,96.52
68559,93.98
68576,96.52
68591,93.98
68606,93.98
68623,93.98
68638,93.98
68654,93.98
68670,93.98
68685,93.98
68702,93.98
68717,91.44
68732,91.44
68749,93.98
68764,93.98
68780,93.98
68796,83.82
68811,78.74
68828,78.74
68843,78.74
68858,76.20
68875,78.74
68890,76.20
68905,73.66
68922,73.66
68937,73.66
68954,73.66
68969,73.66
68984,76.20
69001,45.72
69016,40.64
69031,40.64
69048,38.10
69063,38.10
69080,40.64
69095,38.10
69110,38.10
69127,35.56
69142,38.10
69158,35.56
69174,38.10
-1,-1
70190,53.34
70205,71.12
70221,73.66
70237,45.72
70252,38.10
70268,38.10
70284,43.18
70300,71.12
70316,73.66
70331,73.66
70347,73.66
70363,73.66
70378,76.20
70394,73.66
70410,73.66
70426,76.20
70441,40.64
70457,38.10
70473,38.10
70489,58.42
70505,73.66
70520,73.66
70536,45.72
70552,38.10
70567,35.56
70583,43.18
70599,71.12
70615,73.66
70631,60.96
70646,43.18
70662,38.10
70678,38.10
70693,38.10
70709,38.10
70725,38.10
70740,68.58
70757,76.20
70772,76.20
70788,76.20
70804,76.20
70819,76.20
70835,86.36
70851,93.98
70866,93.98
70883,91.44
70898,91.44
70914,91.44
70930,66.04
70945,43.18
70962,38.10
70977,40.64
70992,38.10
71009,38.10
71024,38.10
71040,38.10
71056,38.10
71071,38.10
71088,38.10
71103,35.56
71118,38.10
71135,66.04
71150,93.98
71165,96.52
71182,96.52
71197,96.52
71214,96.52
71229,63.50
71244,40.64
71261,38.10
71276,35.56
71291,104.14
71308,109.22
71323,109.22
71340,40.64
71355,38.10
71371,35.56
71387,35.56
71402,35.56
71418,35.56
71434,83.82
71449,106.68
71465,106.68
71481,109.22
71497,109.22
71513,109.22
71529,109.22
71544,109.22
71560,109.22
71576,109.22
71591,109.22
71608,109.22
71623,101.60
71639,43.18
71655,40.64
71670,38.10
71687,38.10
71702,38.10
71717,40.64
71734,91.44
71749,106.68
71766,109.22
71781,50.80
71796,40.64
71813,38.10
71828,66.04
71843,106.68
71860,109.22
71875,68.58
71891,40.64
71907,38.10
71922,38.10
71939,38.10
71954,38.10
71970,38.10
71986,38.10
72001,38.10
72017,35.56
72033,81.28
72049,96.52
72065,96.52
72080,96.52
72096,96.52
72112,96.52
72127,96.52
72143,96.52
72159,96.52
72175,96.52
72190,93.98
72206,93.98
72222,93.98
72238,93.98
72253,93.98
72269,93.98
72285,93.98
72301,93.98
72316,96.52
72332,45.72
72348,40.64
72364,40.64
72379,40.64
72395,40.64
72411,40.64
72427,55.88
72442,71.12
72458,73.66
72474,50.80
72489,40.64
72505,38.10
72521,38.10
72537,71.12
72553,73.66
72568,66.04
72584,40.64
72600,38.10
72615,38.10
72631,38.10
72647,38.10
72663,40.64
72679,38.10
72694,38.10
72710,35.56
72726,35.56
72741,38.10
72758,35.56
72773,48.26
72788,68.58
72805,68.58
72820,53.34
72836,40.64
72852,38.10
72867,40.64
-1,-1
73883,35.56
73900,35.56
73915,40.64
73930,71.12
73947,73.66
73962,60.96
73977,40.64
73994,38.10
74009,38.10
74025,38.10
74041,35.56
74056,35.56
74073,35.56
74088,35.56
74103,38.10
74120,35.56
74135,35.56
74151,35.56
74167,38.10
74182,38.10
74199,40.64
74214,38.10
74230,35.56
74246,35.56
74261,35.56
74277,35.56
74293,35.56
74308,38.10
74324,38.10
74340,38.10
74356,38.10
74372,38.10
74387,35.56
74403,35.56
74419,38.10
74434,38.10
74450,38.10
74466,38.10
74482,38.10
74498,38.10
74513,38.10
74529,35.56
74545,35.56
74561,35.56
74576,38.10
74592,35.56
74608,35.56
74624,73.66
74639,76.20
74655,76.20
74671,91.44
74687,93.98
74702,93.98
74718,96.52
74734,96.52
74749,96.52
74765,93.98
74781,93.98
74797,93.98
74813,93.98
74828,93.98
74844,93.98
74860,96.52
74875,99.06
74891,99.06
74907,99.06
74923,96.52
74939,99.06
74954,96.52
74970,109.22
74986,111.76
75001,111.76
75018,114.30
75033,114.30
75048,114.30
75065,111.76
75080,111.76
75097,111.76
75112,111.76
75128,111.76
75144,114.30
75159,111.76
75175,109.22
75191,109.22
75207,109.22
75223,109.22
75238,109.22
75254,109.22
75270,109.22
75286,109.22
75301,109.22
75318,111.76
75333,111.76
75348,111.76
75365,48.26
75380,40.64
75397,38.10
75412,78.74
75427,109.22
75444,106.68
75459,109.22
75475,109.22
75491,109.22
75506,109.22
75523,111.76
75538,111.76
75554,111.76
75570,111.76
75586,111.76
75601,111.76
75617,111.76
75633,111.76
75649,111.76
75665,45.72
75680,40.64
75696,35.56
75712,86.36
75727,111.76
75744,111.76
75759,104.14
75774,96.52
75791,96.52
75806,99.06
75823,111.76
75838,111.76
75853,106.68
75870,96.52
75885,93.98
75901,96.52
75917,93.98
75932,93.98
75949,93.98
75964,96.52
75980,96.52
75996,96.52
76011,93.98
76027,96.52
76043,96.52
76058,93.98
76075,93.98
76090,91.44
76106,91.44
76122,91.44
76137,91.44
76153,91.44
76169,91.44
76184,91.44
76200,91.44
76216,76.20
76232,76.20
76248,76.20
76263,43.18
76279,38.10
76295,40.64
76311,66.04
76326,73.66
76342,73.66
76358,73.66
76374,73.66
76389,73.66
76405,73.66
76421,73.66
76437,73.66
76452,73.66
76468,73.66
76484,73.66
76499,55.88
76515,38.10
76531,35.56
76547,38.10
76563,71.12
-1,-1
77579,35.56
77594,35.56
77609,35.56
77626,38.10
77641,35.56
77658,38.10
77673,35.56
77688,38.10
77705,66.04
77720,71.12
77735,73.66
77752,73.66
77767,73.66
77784,73.66
77799,73.66
77814,73.66
77831,73.66
77846,48.26
77861,38.10
77878,35.56
77893,35.56
77910,38.10
77925,35.56
77940,35.56
77957,35.56
77972,35.56
77988,38.10
78004,71.12
78019,71.12
78035,71.12
78051,43.18
78066,38.10
78083,38.10
78098,63.50
78114,73.66
78130,73.66
78145,76.20
78161,76.20
78177,76.20
78192,81.28
78209,88.90
78224,88.90
78240,88.90
78256,91.44
78271,91.44
78287,91.44
78303,93.98
78318,93.98
78334,93.98
78350,93.98
78366,93.98
78382,93.98
78397,93.98
78413,93.98
78429,93.98
78444,93.98
78460,93.98
78476,93.98
78492,93.98
78508,93.98
78523,96.52
78539,93.98
78555,99.06
78570,99.06
78586,99.06
78602,111.76
78618,111.76
78633,111.76
78649,111.76
78665,111.76
78681,111.76
78697,43.18
78712,38.10
78728,38.10
78744,38.10
78759,38.10
78776,35.56
78791,35.56
78807,35.56
78823,38.10
78838,48.26
78855,109.22
78870,109.22
78885,111.76
78902,111.76
78917,111.76
78934,109.22
78949,43.18
78964,40.64
78981,38.10
78996,93.98
79012,109.22
79028,106.68
79043,109.22
79059,109.22
79075,109.22
79091,109.22
79107,109.22
79123,109.22
79138,109.22
79154,109.22
79170,109.22
79185,109.22
79202,109.22
79217,109.22
79234,109.22
79249,111.76
79264,111.76
79281,111.76
79296,111.76
79312,111.76
79328,111.76
79343,111.76
79360,109.22
79375,109.22
79391,50.80
79407,40.64
79422,38.10
79438,63.50
79454,91.44
79470,93.98
79485,93.98
79501,93.98
79517,93.98
79533,93.98
79549,96.52
79564,96.52
79580,96.52
79596,93.98
79611,91.44
79627,91.44
79643,93.98
79659,93.98
79675,93.98
79690,93.98
79706,93.98
79722,93.98
79737,81.28
79753,78.74
79769,78.74
79784,78.74
79801,76.20
79816,76.20
79832,58.42
79848,40.64
79863,40.64
79879,40.64
79895,38.10
79910,38.10
79927,38.10
79942,38.10
79958,35.56
79974,35.56
79989,63.50
80006,73.66
80021,73.66
80036,45.72
80053,40.64
80068,38.10
80083,35.56
80100,35.56
80115,38.10
80132,35.56
80147,38.10
80162,38.10
80179,38.10
80194,38.10
80209,40.64
80226,38.10
80241,38.10
80258,35.56
-1,-1
81273,35.56
81289,35.56
81304,35.56
81320,35.56
81336,68.58
81351,71.12
81368,73.66
81383,43.18
81399,40.64
81415,38.10
81430,38.10
81446,35.56
81462,35.56
81478,35.56
81494,35.56
81509,35.56
81525,38.10
81541,35.56
81556,35.56
81572,35.56
81588,35.56
81604,35.56
81619,35.56
81635,68.58
81651,71.12
81667,73.66
81682,71.12
81698,71.12
81714,71.12
81730,43.18
81745,38.10
81761,38.10
81777,38.10
81793,35.56
81808,38.10
81824,38.10
81840,35.56
81856,35.56
81871,38.10
81887,35.56
81903,35.56
81918,38.10
81935,68.58
81950,71.12
81966,71.12
81982,73.66
81997,71.12
82013,73.66
82029,76.20
82044,76.20
82061,76.20
82076,88.90
82092,93.98
82108,93.98
82123,93.98
82139,93.98
82155,93.98
82170,96.52
82187,99.06
82202,99.06
82217,81.28
82234,43.18
82249,40.64
82265,40.64
82281,91.44
82296,96.52
82313,96.52
82328,96.52
82343,96.52
82360,96.52
82375,96.52
82391,96.52
82407,96.52
82422,104.14
82439,109.22
82454,109.22
82469,60.96
82486,40.64
82501,38.10
82518,40.64
82533,106.68
82548,109.22
82565,109.22
82580,109.22
82596,109.22
82612,109.22
82628,109.22
82643,109.22
82659,109.22
82675,109.22
82691,109.22
82707,109.22
82722,50.80
82738,40.64
82754,38.10
82769,71.12
82786,106.68
82801,109.22
82817,63.50
82833,40.64
82848,40.64
82865,38.10
82880,38.10
82895,35.56
82912,38.10
82927,101.60
82942,111.76
82959,111.76
82974,43.18
82991,38.10
83006,35.56
83021,35.56
83038,38.10
83053,38.10
83069,73.66
83085,109.22
83100,109.22
83117,58.42
83132,38.10
83148,35.56
83164,38.10
83179,106.68
83195,111.76
83211,111.76
83227,96.52
83243,96.52
83258,96.52
83274,93.98
83290,96.52
83305,93.98
83321,93.98
83337,96.52
83353,96.52
83368,93.98
83384,93.98
83400,93.98
83416,93.98
83431,93.98
83447,93.98
83463,93.98
83479,91.44
83494,91.44
83510,91.44
83526,93.98
83542,96.52
83557,93.98
83573,93.98
83589,91.44
83605,91.44
83620,78.74
83636,76.20
83652,76.20
83667,76.20
83683,76.20
83699,76.20
83715,76.20
83731,73.66
83746,73.66
83762,73.66
83778,73.66
83793,73.66
83809,73.66
83825,73.66
83841,73.66
83857,71.12
83872,43.18
83888,40.64
83904,38.10
83919,68.58
83935,73.66
83951,73.66
-1,-1
84967,73.66
84982,73.66
84999,73.66
85014,43.18
85029,40.64
85046,40.64
85061,38.10
85078,35.56
85093,38.10
85108,55.88
85125,73.66
85140,73.66
85155,73.66
85172,73.66
85187,76.20
85203,53.34
85219,38.10
85234,35.56
85251,38.10
85266,38.10
85281,38.10
85298,40.64
85313,38.10
85329,40.64
85345,38.10
85360,68.58
85377,73.66
85392,73.66
85407,73.66
85424,73.66
85439,73.66
85455,73.66
85471,73.66
85486,73.66
85502,73.66
85518,76.20
85533,76.20
85550,76.20
85565,76.20
85581,76.20
85597,76.20
85612,76.20
85628,76.20
85644,76.20
85660,88.90
85676,91.44
85691,91.44
85707,93.98
85723,93.98
85738,93.98
85754,96.52
85770,93.98
85786,93.98
85801,93.98
85817,93.98
85833,93.98
85849,93.98
85864,93.98
85880,93.98
85896,93.98
85912,96.52
85927,96.52
85943,96.52
85959,96.52
85975,96.52
85990,96.52
86006,109.22
86022,111.76
86038,111.76
86053,111.76
86069,111.76
86085,111.76
86100,55.88
86117,40.64
86132,35.56
86148,35.56
86164,35.56
86179,35.56
86196,38.10
86211,35.56
86226,35.56
86243,38.10
86258,99.06
86275,109.22
86290,106.68
86305,109.22
86322,109.22
86337,109.22
86353,109.22
86369,109.22
86384,109.22
86401,53.34
86416,40.64
86432,38.10
86448,58.42
86463,106.68
86479,109.22
86495,109.22
86511,106.68
86526,106.68
86543,109.22
86558,109.22
86574,109.22
86590,109.22
86605,109.22
86622,109.22
86637,109.22
86652,111.76
86669,111.76
86684,111.76
86701,111.76
86716,109.22
86732,109.22
86748,111.76
86763,111.76
86779,111.76
86795,111.76
86811,106.68
86827,106.68
86843,106.68
86858,101.60
86874,101.60
86890,99.06
86905,96.52
86922,93.98
86937,96.52
86952,96.52
86969,96.52
86984,96.52
87000,93.98
87016,93.98
87031,91.44
87048,96.52
87063,96.52
87078,96.52
87095,60.96
87110,43.18
87126,40.64
87142,45.72
87157,88.90
87174,88.90
87189,81.28
87204,40.64
87221,38.10
87236,38.10
87251,35.56
87268,35.56
87283,38.10
87300,35.56
87315,38.10
87330,35.56
87347,55.88
87362,73.66
87378,73.66
87394,73.66
87409,73.66
87426,73.66
87441,55.88
87456,43.18
87473,38.10
87488,38.10
87504,38.10
87520,35.56
87535,38.10
87552,35.56
87567,35.56
87582,35.56
87599,38.10
87614,35.56
87630,35.56
87646,38.10
-1,-1