14,38.10
30,38.10
46,22.86
61,22.86
76,22.86
93,33.02
108,35.56
123,35.56
140,27.94
155,25.40
171,22.86
186,33.02
202,38.10
218,38.10
233,33.02
249,25.40
265,22.86
280,22.86
295,20.32
312,22.86
327,22.86
343,35.56
359,35.56
374,35.56
390,38.10
405,35.56
421,35.56
437,53.34
452,109.22
468,114.30
484,86.36
499,40.64
516,38.10
531,35.56
546,101.60
562,114.30
578,114.30
593,114.30
609,116.84
625,116.84
641,114.30
656,114.30
672,114.30
688,114.30
703,114.30
719,114.30
735,114.30
750,114.30
766,114.30
782,114.30
797,116.84
814,116.84
829,116.84
844,129.54
861,129.54
876,129.54
891,142.24
908,160.02
923,162.56
939,142.24
955,134.62
970,134.62
986,76.20
1002,58.42
1017,53.34
1033,53.34
1049,53.34
1064,53.34
1080,53.34
1096,50.80
1112,50.80
1127,48.26
1143,50.80
1159,50.80
1174,50.80
1190,50.80
1206,50.80
1221,50.80
1238,40.64
1253,38.10
1268,38.10
1285,48.26
1300,48.26
1315,48.26
1332,43.18
1347,38.10
1362,38.10
1379,38.10
1394,38.10
1410,38.10
1426,38.10
1441,38.10
1457,38.10
1473,38.10
1488,40.64
1504,38.10
1520,40.64
1536,48.26
1551,48.26
1567,48.26
1583,48.26
1598,48.26
1614,48.26
1630,50.80
1645,48.26
1661,48.26
1677,48.26
1692,48.26
1709,48.26
1724,48.26
1739,48.26
1756,48.26
1771,50.80
1786,48.26
1803,48.26
1818,48.26
1833,48.26
1850,48.26
1865,48.26
1881,48.26
1897,48.26
1912,48.26
1928,45.72
1944,40.64
1959,38.10
1975,43.18
1991,48.26
2007,48.26
2022,48.26
2038,48.26
2054,48.26
2069,48.26
2085,40.64
2101,38.10
2116,35.56
2132,48.26
2148,50.80
2163,50.80
2180,50.80
2195,50.80
2210,50.80
2227,43.18
2242,38.10
2257,35.56
2274,38.10
2289,119.38
2305,124.46
2321,124.46
2336,124.46
2353,124.46
2368,124.46
2383,111.76
2400,109.22
2415,111.76
2432,66.04
2447,58.42
2462,55.88
2478,78.74
2494,109.22
2509,109.22
2526,76.20
2541,58.42
2556,55.88
2573,58.42
2588,53.34
2604,53.34
2620,55.88
2635,58.42
2651,55.88
2667,55.88
2682,99.06
-1,-1
3698,109.22
3714,109.22
3730,109.22
3745,109.22
3761,109.22
3777,106.68
3792,109.22
3809,106.68
3824,109.22
3840,109.22
3856,109.22
3871,109.22
3887,109.22
3903,111.76
3918,109.22
3935,109.22
3950,109.22
3965,109.22
3982,109.22
3997,109.22
4013,111.76
4029,109.22
4044,109.22
4061,109.22
4076,60.96
4091,58.42
4108,58.42
4123,55.88
4139,55.88
4155,53.34
4170,55.88
4186,55.88
4202,58.42
4217,55.88
4233,58.42
4249,55.88
4264,45.72
4280,40.64
4296,40.64
4312,38.10
4327,35.56
4343,35.56
4359,35.56
4374,114.30
4390,124.46
4406,124.46
4421,124.46
4438,124.46
4453,124.46
4469,50.80
4485,38.10
4500,38.10
4516,35.56
4532,38.10
4547,38.10
4563,45.72
4579,48.26
4594,48.26
4611,48.26
4626,48.26
4641,48.26
4658,48.26
4673,48.26
4688,48.26
4705,48.26
4720,48.26
4736,48.26
4752,48.26
4767,48.26
4783,48.26
4799,50.80
4814,48.26
4830,48.26
4846,48.26
4861,48.26
4877,48.26
4893,48.26
4909,48.26
4924,48.26
4940,48.26
4956,50.80
4971,48.26
4987,48.26
5003,48.26
5018,48.26
5035,48.26
5050,48.26
5065,43.18
5082,40.64
5097,38.10
5112,38.10
5129,35.56
5144,38.10
5159,35.56
5176,35.56
5191,38.10
5207,35.56
5223,35.56
5238,38.10
5254,38.10
5270,35.56
5285,35.56
5301,35.56
5317,35.56
5332,35.56
5348,35.56
5364,35.56
5380,38.10
5395,38.10
5411,45.72
5427,45.72
5442,48.26
5458,48.26
5474,48.26
5489,48.26
5506,48.26
5521,48.26
5536,48.26
5553,48.26
5568,48.26
5583,48.26
5600,48.26
5615,53.34
5630,53.34
5647,50.80
5662,50.80
5678,53.34
5694,50.80
5709,76.20
5725,127.00
5741,129.54
5756,127.00
5772,116.84
5788,116.84
5804,116.84
5819,116.84
5835,116.84
5851,116.84
5867,119.38
5882,116.84
5898,116.84
5914,116.84
5929,116.84
5945,116.84
5961,66.04
5977,58.42
5992,58.42
6008,45.72
6024,40.64
6039,38.10
6055,55.88
6071,114.30
6087,116.84
6103,83.82
6118,43.18
6134,40.64
6150,38.10
6165,38.10
6181,38.10
6197,38.10
6212,38.10
6228,38.10
6244,38.10
6259,40.64
6276,40.64
6291,40.64
6306,30.48
6323,27.94
6338,25.40
6353,25.40
6370,22.86
-1,-1
7385,35.56
7401,38.10
7416,38.10
7432,38.10
7448,38.10
7463,38.10
7479,38.10
7495,30.48
7511,25.40
7526,25.40
7542,22.86
7558,38.10
7573,38.10
7589,38.10
7605,25.40
7620,25.40
7636,22.86
7652,22.86
7667,22.86
7684,22.86
7699,33.02
7714,35.56
7731,35.56
7746,33.02
7761,30.48
7778,27.94
7793,30.48
7809,38.10
7825,38.10
7840,38.10
7856,38.10
7872,38.10
7887,38.10
7903,40.64
7919,40.64
7934,40.64
7950,78.74
7966,114.30
7982,114.30
7998,73.66
8013,55.88
8029,55.88
8045,58.42
8060,111.76
8076,114.30
8092,114.30
8108,114.30
8123,114.30
8139,114.30
8155,114.30
8171,114.30
8186,114.30
8202,127.00
8218,129.54
8233,129.54
8249,121.92
8265,119.38
8281,121.92
8297,76.20
8312,58.42
8328,58.42
8344,58.42
8359,58.42
8375,58.42
8391,50.80
8407,40.64
8422,38.10
8438,40.64
8454,38.10
8469,38.10
8485,38.10
8501,38.10
8516,38.10
8532,38.10
8548,48.26
8563,48.26
8580,48.26
8595,50.80
8610,50.80
8627,50.80
8642,43.18
8657,38.10
8674,38.10
8689,38.10
8705,38.10
8721,38.10
8736,38.10
8752,35.56
8768,35.56
8783,38.10
8799,35.56
8815,35.56
8830,35.56
8846,35.56
8862,35.56
8878,38.10
8893,48.26
8909,48.26
8925,48.26
8940,45.72
8956,40.64
8972,38.10
8987,38.10
9004,38.10
9019,38.10
9034,38.10
9051,50.80
9066,48.26
9081,48.26
9098,48.26
9113,48.26
9128,48.26
9145,48.26
9160,48.26
9176,48.26
9192,50.80
9207,48.26
9223,50.80
9239,50.80
9254,50.80
9270,50.80
9286,48.26
9302,48.26
9317,48.26
9333,48.26
9349,48.26
9364,48.26
9380,48.26
9396,48.26
9411,48.26
9427,48.26
9443,43.18
9458,40.64
9475,38.10
9490,38.10
9505,38.10
9522,38.10
9537,45.72
9552,50.80
9569,50.80
9584,45.72
9600,38.10
9616,35.56
9631,38.10
9647,35.56
9663,38.10
9678,35.56
9694,38.10
9710,35.56
9725,38.10
9741,83.82
9757,109.22
9773,109.22
9788,71.12
9804,60.96
9820,60.96
9835,58.42
9851,55.88
9867,55.88
9882,55.88
9899,53.34
9914,53.34
9929,53.34
9946,101.60
9961,106.68
9976,106.68
9993,60.96
10008,55.88
10023,58.42
10040,88.90
10055,106.68
-1,-1
11071,109.22
11087,109.22
11103,109.22
11119,109.22
11134,109.22
11150,109.22
11166,109.22
11182,109.22
11198,109.22
11213,109.22
11229,109.22
11245,109.22
11260,109.22
11277,109.22
11292,109.22
11309,109.22
11324,111.76
11339,109.22
11356,109.22
11371,109.22
11387,109.22
11403,109.22
11419,111.76
11435,109.22
11450,109.22
11466,109.22
11482,66.04
11498,60.96
11513,60.96
11529,58.42
11545,55.88
11560,55.88
11576,55.88
11592,55.88
11608,55.88
11624,60.96
11639,106.68
11655,109.22
11671,109.22
11686,111.76
11703,111.76
11718,111.76
11734,43.18
11750,38.10
11765,35.56
11782,104.14
11797,121.92
11812,124.46
11829,66.04
11844,53.34
11860,50.80
11876,40.64
11891,38.10
11908,35.56
11923,35.56
11939,35.56
11955,35.56
11970,40.64
11986,48.26
12002,48.26
12017,48.26
12034,48.26
12049,48.26
12065,48.26
12081,48.26
12096,48.26
12112,50.80
12128,48.26
12143,48.26
12160,48.26
12175,48.26
12191,48.26
12207,48.26
12222,48.26
12238,48.26
12254,48.26
12269,48.26
12285,48.26
12301,50.80
12317,48.26
12333,48.26
12348,48.26
12364,48.26
12380,50.80
12395,48.26
12411,48.26
12427,40.64
12443,38.10
12459,35.56
12474,48.26
12490,50.80
12506,48.26
12521,40.64
12537,38.10
12553,38.10
12569,38.10
12584,35.56
12600,35.56
12616,35.56
12632,35.56
12648,38.10
12663,38.10
12679,48.26
12695,48.26
12710,48.26
12726,40.64
12742,38.10
12758,35.56
12774,48.26
12789,48.26
12805,48.26
12821,48.26
12836,48.26
12852,48.26
12868,48.26
12883,48.26
12900,48.26
12915,48.26
12931,50.80
12947,50.80
12962,50.80
12978,53.34
12994,53.34
13009,53.34
13026,55.88
13041,55.88
13057,55.88
13073,88.90
13088,116.84
13104,119.38
13120,116.84
13135,116.84
13152,116.84
13167,116.84
13184,116.84
13199,116.84
13214,76.20
13231,45.72
13246,43.18
13262,40.64
13278,109.22
13293,114.30
13309,114.30
13325,116.84
13341,116.84
13357,114.30
13372,114.30
13388,114.30
13404,114.30
13420,114.30
13435,111.76
13452,111.76
13467,111.76
13483,111.76
13499,111.76
13514,111.76
13531,111.76
13546,111.76
13562,111.76
13578,111.76
13593,111.76
13609,111.76
13625,111.76
13641,111.76
13657,111.76
13672,111.76
13688,111.76
13704,111.76
13720,45.72
13735,38.10
13751,38.10
-1,-1
14768,38.10
14783,38.10
14798,38.10
14815,88.90
14830,111.76
14845,111.76
14862,50.80
14877,38.10
14894,35.56
14909,35.56
14924,35.56
14941,38.10
14956,35.56
14971,35.56
14988,38.10
15003,38.10
15020,38.10
15035,40.64
15050,40.64
15067,38.10
15082,38.10
15098,38.10
15114,30.48
15129,30.48
15145,27.94
15161,38.10
15176,38.10
15193,38.10
15208,66.04
15224,109.22
15240,111.76
15255,111.76
15271,111.76
15287,111.76
15303,111.76
15319,116.84
15334,114.30
15350,114.30
15366,111.76
15382,114.30
15397,114.30
15414,43.18
15429,38.10
15444,35.56
15461,86.36
15476,114.30
15493,114.30
15508,114.30
15523,114.30
15540,114.30
15555,114.30
15571,114.30
15587,114.30
15602,114.30
15619,129.54
15634,129.54
15650,129.54
15666,129.54
15682,129.54
15697,129.54
15713,149.86
15729,157.48
15745,160.02
15761,60.96
15776,53.34
15792,53.34
15808,53.34
15823,53.34
15840,53.34
15855,53.34
15870,50.80
15887,50.80
15902,50.80
15918,50.80
15934,50.80
15949,50.80
15966,50.80
15981,50.80
15996,48.26
16013,40.64
16028,38.10
16044,38.10
16060,38.10
16075,38.10
16092,38.10
16107,38.10
16122,38.10
16139,38.10
16154,38.10
16169,38.10
16186,38.10
16201,35.56
16218,38.10
16233,38.10
16248,35.56
16265,35.56
16280,38.10
16296,35.56
16312,35.56
16327,38.10
16344,35.56
16359,50.80
16374,48.26
16391,48.26
16406,43.18
16422,40.64
16438,38.10
16453,48.26
16470,48.26
16485,48.26
16500,48.26
16517,48.26
16532,48.26
16548,48.26
16564,48.26
16579,48.26
16595,48.26
16611,48.26
16626,48.26
16643,48.26
16658,43.18
16674,38.10
16690,40.64
16705,48.26
16721,48.26
16737,50.80
16752,43.18
16769,40.64
16784,38.10
16800,48.26
16816,48.26
16831,48.26
16847,48.26
16863,48.26
16878,48.26
16894,43.18
16910,38.10
16926,35.56
16942,38.10
16957,38.10
16973,38.10
16989,38.10
17004,53.34
17020,53.34
17036,53.34
17052,99.06
17068,124.46
17083,124.46
17099,116.84
17115,111.76
17131,111.76
17146,58.42
17162,40.64
17178,38.10
17193,45.72
17210,55.88
17225,55.88
17241,55.88
17257,58.42
17272,58.42
17289,58.42
17304,55.88
17319,53.34
17336,53.34
17351,93.98
17367,109.22
17383,106.68
17398,68.58
17415,60.96
17430,60.96
17445,81.28
-1,-1
18461,109.22
18478,109.22
18493,109.22
18509,111.76
18525,111.76
18540,109.22
18556,109.22
18572,109.22
18588,109.22
18604,109.22
18620,109.22
18635,111.76
18651,109.22
18667,109.22
18682,109.22
18699,109.22
18714,109.22
18731,109.22
18746,109.22
18761,109.22
18778,109.22
18793,109.22
18809,109.22
18825,109.22
18840,109.22
18856,109.22
18872,109.22
18888,68.58
18904,55.88
18919,53.34
18935,55.88
18951,55.88
18967,55.88
18982,55.88
18998,55.88
19014,58.42
19030,55.88
19046,55.88
19061,55.88
19077,55.88
19093,38.10
19108,35.56
19124,35.56
19140,99.06
19155,124.46
19172,124.46
19187,55.88
19203,43.18
19219,40.64
19234,38.10
19251,35.56
19266,35.56
19281,45.72
19298,50.80
19313,50.80
19329,50.80
19345,48.26
19360,48.26
19377,48.26
19392,48.26
19407,48.26
19424,48.26
19439,48.26
19454,48.26
19471,48.26
19486,48.26
19503,48.26
19518,48.26
19533,48.26
19550,48.26
19565,48.26
19580,48.26
19597,48.26
19612,48.26
19629,48.26
19644,48.26
19659,48.26
19676,48.26
19691,48.26
19706,48.26
19723,48.26
19738,48.26
19755,48.26
19770,48.26
19785,48.26
19802,48.26
19817,48.26
19833,40.64
19849,38.10
19864,38.10
19880,35.56
19896,38.10
19911,38.10
19928,35.56
19943,35.56
19959,35.56
19975,38.10
19990,48.26
20006,48.26
20022,48.26
20037,38.10
20054,35.56
20069,35.56
20085,38.10
20101,35.56
20116,38.10
20132,35.56
20148,35.56
20163,35.56
20179,48.26
20195,48.26
20211,50.80
20227,48.26
20242,48.26
20258,48.26
20274,50.80
20290,48.26
20305,48.26
20321,50.80
20337,48.26
20353,50.80
20368,50.80
20384,53.34
20400,53.34
20416,53.34
20431,55.88
20447,55.88
20463,55.88
20478,81.28
20494,129.54
20510,129.54
20526,127.00
20542,119.38
20557,119.38
20574,121.92
20589,119.38
20604,119.38
20621,116.84
20636,60.96
20653,58.42
20668,58.42
20683,101.60
20700,114.30
20715,114.30
20731,48.26
20747,38.10
20762,38.10
20779,38.10
20794,38.10
20809,38.10
20826,63.50
20841,109.22
20857,111.76
20873,71.12
20888,40.64
20904,38.10
20920,38.10
20936,38.10
20952,40.64
20967,40.64
20983,38.10
20999,38.10
21014,38.10
21030,30.48
21046,27.94
21062,27.94
21078,35.56
21093,35.56
21109,35.56
21125,35.56
21140,38.10
-1,-1
22156,22.86
22172,38.10
22188,38.10
22204,38.10
22219,38.10
22235,38.10
22251,38.10
22266,35.56
22282,38.10
22298,35.56
22313,35.56
22330,35.56
22345,35.56
22361,35.56
22377,35.56
22392,38.10
22409,38.10
22424,35.56
22439,35.56
22456,38.10
22471,35.56
22487,35.56
22503,35.56
22518,30.48
22535,27.94
22550,27.94
22565,35.56
22582,35.56
22597,35.56
22612,35.56
22629,38.10
22644,38.10
22661,38.10
22676,106.68
22691,114.30
22708,114.30
22723,111.76
22739,111.76
22755,111.76
22770,114.30
22787,114.30
22802,114.30
22818,114.30
22834,114.30
22850,114.30
22865,114.30
22881,114.30
22897,114.30
22913,114.30
22929,116.84
22944,116.84
22960,116.84
22976,114.30
22991,116.84
23008,114.30
23023,119.38
23040,119.38
23055,119.38
23070,48.26
23087,40.64
23102,40.64
23118,50.80
23134,50.80
23149,53.34
23165,53.34
23181,53.34
23196,53.34
23213,53.34
23228,53.34
23244,53.34
23260,53.34
23275,50.80
23291,50.80
23307,50.80
23322,50.80
23339,50.80
23354,50.80
23370,50.80
23386,48.26
23401,50.80
23417,40.64
23433,38.10
23448,38.10
23464,48.26
23480,50.80
23496,48.26
23512,43.18
23527,38.10
23543,35.56
23559,38.10
23575,40.64
23590,38.10
23606,38.10
23622,38.10
23638,35.56
23653,38.10
23669,35.56
23685,35.56
23701,35.56
23716,35.56
23732,35.56
23748,38.10
23763,45.72
23779,48.26
23795,48.26
23811,48.26
23827,50.80
23842,50.80
23858,50.80
23874,48.26
23889,48.26
23905,48.26
23921,48.26
23937,48.26
23953,48.26
23968,43.18
23984,40.64
24000,38.10
24015,48.26
24032,48.26
24047,48.26
24062,43.18
24079,40.64
24094,38.10
24110,45.72
24126,48.26
24141,45.72
24158,48.26
24173,48.26
24188,48.26
24205,40.64
24220,38.10
24236,38.10
24252,38.10
24267,50.80
24284,50.80
24299,50.80
24314,40.64
24331,38.10
24346,38.10
24363,53.34
24378,53.34
24393,53.34
24410,88.90
24425,124.46
24440,124.46
24457,58.42
24472,38.10
24488,38.10
24504,48.26
24519,109.22
24536,111.76
24551,96.52
24567,55.88
24583,53.34
24598,55.88
24614,55.88
24630,55.88
24646,55.88
24662,55.88
24677,55.88
24693,55.88
24709,55.88
24724,55.88
24740,55.88
24756,55.88
24772,55.88
24787,55.88
24803,71.12
24819,106.68
24835,109.22
-1,-1
25850,109.22
25867,109.22
25882,109.22
25897,109.22
25914,111.76
25929,109.22
25946,73.66
25961,43.18
25976,38.10
25993,40.64
26008,35.56
26024,38.10
26040,38.10
26055,38.10
26072,38.10
26087,38.10
26102,93.98
26119,106.68
26134,109.22
26150,48.26
26166,40.64
26181,38.10
26198,68.58
26213,106.68
26229,109.22
26245,78.74
26260,55.88
26276,55.88
26292,55.88
26307,55.88
26323,55.88
26339,55.88
26355,53.34
26371,53.34
26386,53.34
26402,53.34
26418,53.34
26433,53.34
26449,40.64
26465,38.10
26481,35.56
26497,71.12
26512,114.30
26528,116.84
26544,114.30
26560,114.30
26575,114.30
26591,78.74
26607,43.18
26622,40.64
26639,40.64
26654,50.80
26670,50.80
26686,50.80
26701,38.10
26717,35.56
26733,35.56
26748,48.26
26765,48.26
26780,48.26
26796,48.26
26812,48.26
26827,48.26
26844,48.26
26859,48.26
26874,48.26
26891,48.26
26906,48.26
26921,48.26
26938,48.26
26953,48.26
26970,48.26
26985,48.26
27000,48.26
27017,48.26
27032,48.26
27047,43.18
27064,40.64
27079,38.10
27096,48.26
27111,48.26
27126,48.26
27143,48.26
27158,48.26
27173,48.26
27190,48.26
27205,48.26
27222,48.26
27237,45.72
27252,38.10
27269,35.56
27284,35.56
27300,48.26
27316,48.26
27331,48.26
27347,38.10
27363,35.56
27378,35.56
27395,35.56
27410,35.56
27426,35.56
27442,48.26
27457,48.26
27473,48.26
27489,40.64
27504,38.10
27521,35.56
27536,35.56
27552,35.56
27568,35.56
27583,38.10
27599,48.26
27615,48.26
27630,48.26
27646,50.80
27662,48.26
27678,48.26
27694,50.80
27709,48.26
27725,50.80
27741,53.34
27756,53.34
27772,53.34
27788,55.88
27804,53.34
27820,55.88
27835,55.88
27851,152.40
27867,160.02
27883,157.48
27898,132.08
27914,129.54
27930,129.54
27945,119.38
27962,119.38
27977,121.92
27993,119.38
28009,116.84
28024,119.38
28041,116.84
28056,116.84
28072,116.84
28088,116.84
28103,116.84
28120,114.30
28135,63.50
28151,40.64
28167,38.10
28182,38.10
28198,40.64
28214,40.64
28230,40.64
28246,40.64
28261,40.64
28277,40.64
28293,38.10
28308,35.56
28324,40.64
28340,35.56
28356,38.10
28371,38.10
28387,38.10
28403,38.10
28419,38.10
28434,30.48
28450,27.94
28466,27.94
28482,33.02
28497,38.10
28513,38.10
28529,38.10
-1,-1
29545,38.10
29560,38.10
29576,38.10
29592,38.10
29607,38.10
29624,33.02
29639,25.40
29655,25.40
29671,22.86
29686,22.86
29702,22.86
29718,22.86
29733,38.10
29750,38.10
29765,38.10
29780,27.94
29797,22.86
29812,22.86
29828,22.86
29844,22.86
29859,20.32
29876,30.48
29891,35.56
29906,38.10
29923,38.10
29938,38.10
29955,38.10
29970,40.64
29985,38.10
30002,40.64
30017,38.10
30032,93.98
30049,114.30
30064,111.76
30081,53.34
30096,43.18
30111,40.64
30128,66.04
30143,111.76
30159,111.76
30175,114.30
30190,114.30
30206,114.30
30222,114.30
30238,116.84
30254,114.30
30269,114.30
30285,114.30
30301,114.30
30317,114.30
30332,114.30
30349,114.30
30364,114.30
30380,124.46
30396,127.00
30411,127.00
30428,119.38
30443,114.30
30459,114.30
30475,76.20
30490,55.88
30507,55.88
30522,55.88
30537,53.34
30554,53.34
30569,53.34
30585,53.34
30601,53.34
30616,53.34
30632,50.80
30648,50.80
30664,50.80
30680,50.80
30695,50.80
30711,50.80
30727,50.80
30742,50.80
30758,50.80
30774,50.80
30790,50.80
30806,48.26
30821,43.18
30837,38.10
30853,38.10
30868,38.10
30884,35.56
30900,38.10
30916,38.10
30931,35.56
30947,38.10
30963,35.56
30979,35.56
30994,38.10
31010,35.56
31026,38.10
31042,38.10
31057,38.10
31073,38.10
31089,35.56
31105,35.56
31120,45.72
31136,48.26
31152,48.26
31168,48.26
31183,48.26
31199,48.26
31215,48.26
31230,48.26
31247,48.26
31262,48.26
31278,48.26
31294,50.80
31309,50.80
31325,48.26
31341,48.26
31356,48.26
31373,48.26
31388,48.26
31404,48.26
31420,48.26
31435,48.26
31451,48.26
31467,48.26
31482,48.26
31499,48.26
31514,50.80
31529,50.80
31546,50.80
31561,48.26
31577,48.26
31593,50.80
31608,50.80
31625,53.34
31640,53.34
31655,53.34
31672,50.80
31687,50.80
31704,50.80
31719,50.80
31734,50.80
31751,50.80
31766,53.34
31781,53.34
31798,53.34
31813,53.34
31830,119.38
31845,124.46
31860,124.46
31877,124.46
31892,124.46
31908,124.46
31924,114.30
31940,111.76
31955,111.76
31971,66.04
31987,58.42
32003,58.42
32018,55.88
32034,55.88
32050,55.88
32066,55.88
32081,55.88
32097,55.88
32113,55.88
32129,55.88
32144,55.88
32160,58.42
32176,104.14
32192,109.22
32207,106.68
32223,109.22
-1,-1
33240,35.56
33255,38.10
33270,104.14
33287,106.68
33302,109.22
33318,109.22
33334,109.22
33349,109.22
33366,43.18
33381,38.10
33397,38.10
33413,86.36
33428,109.22
33444,109.22
33460,50.80
33476,38.10
33491,38.10
33507,55.88
33523,106.68
33539,109.22
33555,88.90
33570,63.50
33586,58.42
33602,58.42
33617,104.14
33633,109.22
33649,109.22
33665,60.96
33681,58.42
33696,58.42
33712,55.88
33728,55.88
33743,55.88
33760,55.88
33775,55.88
33790,55.88
33807,73.66
33822,109.22
33838,109.22
33854,111.76
33869,111.76
33886,111.76
33901,111.76
33917,124.46
33933,124.46
33948,124.46
33965,124.46
33980,124.46
33996,124.46
34012,58.42
34028,53.34
34043,53.34
34059,43.18
34075,40.64
34091,38.10
34106,48.26
34122,48.26
34138,48.26
34154,48.26
34169,48.26
34185,48.26
34201,48.26
34216,48.26
34232,48.26
34248,48.26
34264,48.26
34280,48.26
34295,50.80
34311,43.18
34327,40.64
34342,38.10
34358,48.26
34374,48.26
34390,48.26
34406,48.26
34421,48.26
34437,48.26
34453,48.26
34468,48.26
34485,48.26
34500,48.26
34515,48.26
34532,48.26
34547,48.26
34563,48.26
34579,50.80
34594,48.26
34611,38.10
34626,35.56
34641,35.56
34658,35.56
34673,35.56
34689,38.10
34705,35.56
34720,38.10
34737,35.56
34752,45.72
34767,48.26
34784,48.26
34799,43.18
34814,38.10
34831,38.10
34846,35.56
34863,35.56
34878,38.10
34893,38.10
34910,45.72
34925,48.26
34941,48.26
34957,38.10
34972,38.10
34989,35.56
35004,48.26
35019,50.80
35036,48.26
35051,48.26
35067,48.26
35083,48.26
35098,50.80
35115,50.80
35130,50.80
35145,50.80
35162,53.34
35177,53.34
35193,53.34
35209,55.88
35224,55.88
35240,55.88
35256,114.30
35272,132.08
35288,132.08
35303,132.08
35319,132.08
35335,132.08
35351,124.46
35366,119.38
35382,119.38
35398,119.38
35414,116.84
35430,116.84
35445,114.30
35462,116.84
35477,116.84
35492,114.30
35509,116.84
35524,116.84
35540,116.84
35556,116.84
35572,116.84
35588,114.30
35603,114.30
35619,114.30
35635,116.84
35651,114.30
35666,114.30
35682,111.76
35698,114.30
35714,114.30
35730,114.30
35745,60.96
35762,40.64
35777,40.64
35792,40.64
35809,38.10
35824,38.10
35840,33.02
35856,27.94
35871,27.94
35888,27.94
35903,38.10
35918,35.56
-1,-1
36934,35.56
36951,38.10
36966,38.10
36981,38.10
36998,38.10
37013,38.10
37029,38.10
37045,38.10
37060,38.10
37076,38.10
37092,25.40
37107,22.86
37124,20.32
37139,35.56
37155,38.10
37171,38.10
37186,27.94
37202,25.40
37218,22.86
37233,25.40
37250,35.56
37265,35.56
37281,35.56
37297,25.40
37312,22.86
37328,22.86
37344,35.56
37359,35.56
37376,35.56
37391,35.56
37407,35.56
37423,35.56
37438,38.10
37454,38.10
37470,38.10
37486,50.80
37501,111.76
37517,114.30
37533,86.36
37549,40.64
37565,38.10
37580,38.10
37596,104.14
37612,114.30
37627,114.30
37644,114.30
37659,114.30
37675,114.30
37691,114.30
37706,114.30
37723,116.84
37738,116.84
37753,114.30
37770,116.84
37785,116.84
37801,116.84
37817,116.84
37833,116.84
37849,129.54
37864,129.54
37880,119.38
37896,60.96
37912,55.88
37927,55.88
37943,53.34
37959,53.34
37975,53.34
37991,53.34
38006,53.34
38022,53.34
38038,50.80
38053,50.80
38069,50.80
38085,48.26
38100,50.80
38117,50.80
38132,48.26
38148,48.26
38164,50.80
38179,45.72
38195,38.10
38211,38.10
38226,38.10
38243,38.10
38258,38.10
38274,38.10
38290,35.56
38305,38.10
38322,38.10
38337,38.10
38352,35.56
38369,38.10
38384,35.56
38400,35.56
38416,35.56
38431,35.56
38448,38.10
38463,38.10
38478,38.10
38495,35.56
38510,38.10
38525,38.10
38542,38.10
38557,38.10
38574,38.10
38589,48.26
38604,48.26
38621,48.26
38636,48.26
38651,48.26
38668,48.26
38683,48.26
38700,48.26
38715,48.26
38730,48.26
38747,48.26
38762,50.80
38777,48.26
38794,48.26
38809,48.26
38825,48.26
38841,48.26
38856,48.26
38873,48.26
38888,48.26
38904,48.26
38920,48.26
38935,48.26
38951,48.26
38967,48.26
38982,40.64
38999,38.10
39014,38.10
39030,48.26
39046,50.80
39061,50.80
39077,43.18
39093,38.10
39108,35.56
39124,43.18
39140,50.80
39156,50.80
39172,53.34
39187,53.34
39203,53.34
39219,55.88
39234,111.76
39250,121.92
39266,124.46
39282,114.30
39298,111.76
39314,111.76
39329,111.76
39345,111.76
39361,109.22
39376,73.66
39393,58.42
39408,55.88
39424,55.88
39440,55.88
39455,55.88
39472,55.88
39487,55.88
39502,58.42
39519,58.42
39534,53.34
39549,55.88
39566,53.34
39581,40.64
39598,38.10
39613,38.10
-1,-1
40629,35.56
40644,35.56
40660,35.56
40676,38.10
40691,38.10
40708,38.10
40723,38.10
40739,35.56
40755,35.56
40770,35.56
40786,35.56
40802,35.56
40818,38.10
40834,38.10
40849,38.10
40865,38.10
40881,35.56
40896,35.56
40912,35.56
40928,104.14
40944,109.22
40960,109.22
40975,43.18
40991,38.10
41007,38.10
41023,53.34
41038,53.34
41054,53.34
41070,55.88
41085,55.88
41101,55.88
41117,55.88
41133,55.88
41149,55.88
41164,55.88
41180,55.88
41196,55.88
41211,55.88
41227,106.68
41243,109.22
41259,109.22
41275,111.76
41290,111.76
41307,111.76
41322,121.92
41337,124.46
41354,124.46
41369,63.50
41385,53.34
41401,53.34
41416,50.80
41433,50.80
41448,50.80
41464,50.80
41480,50.80
41495,50.80
41511,50.80
41527,48.26
41542,48.26
41559,48.26
41574,43.18
41590,38.10
41606,38.10
41621,48.26
41637,48.26
41653,50.80
41668,48.26
41684,48.26
41700,48.26
41716,48.26
41732,48.26
41747,48.26
41763,45.72
41779,43.18
41794,38.10
41810,45.72
41826,48.26
41842,48.26
41858,48.26
41873,48.26
41889,50.80
41905,48.26
41920,48.26
41936,48.26
41952,48.26
41968,48.26
41984,48.26
41999,48.26
42015,40.64
42031,38.10
42047,35.56
42062,38.10
42078,38.10
42094,38.10
42109,38.10
42125,35.56
42141,35.56
42157,40.64
42173,48.26
42188,48.26
42204,48.26
42220,38.10
42235,35.56
42251,38.10
42267,35.56
42283,35.56
42299,35.56
42314,35.56
42330,35.56
42346,35.56
42361,48.26
42377,48.26
42393,48.26
42408,48.26
42425,48.26
42440,48.26
42456,43.18
42472,38.10
42487,38.10
42503,38.10
42519,38.10
42534,40.64
42551,40.64
42566,50.80
42582,50.80
42598,53.34
42613,53.34
42629,55.88
42645,55.88
42660,78.74
42677,116.84
42692,119.38
42707,121.92
42724,129.54
42739,129.54
42756,127.00
42771,116.84
42787,116.84
42803,114.30
42818,114.30
42834,114.30
42850,114.30
42866,116.84
42882,114.30
42897,114.30
42913,63.50
42929,55.88
42945,55.88
42960,55.88
42976,53.34
42992,55.88
43008,76.20
43024,111.76
43039,111.76
43055,60.96
43071,38.10
43086,38.10
43103,38.10
43118,106.68
43133,111.76
43150,101.60
43165,43.18
43182,40.64
43197,38.10
43212,38.10
43229,35.56
43244,38.10
43259,35.56
43276,35.56
43291,35.56
43308,38.10
-1,-1
44323,35.56
44339,35.56
44354,25.40
44370,22.86
44386,22.86
44401,35.56
44418,38.10
44433,38.10
44449,27.94
44465,25.40
44480,22.86
44496,27.94
44512,35.56
44527,35.56
44544,33.02
44559,25.40
44575,22.86
44591,22.86
44606,35.56
44622,35.56
44638,35.56
44653,35.56
44669,35.56
44685,38.10
44701,73.66
44717,111.76
44732,111.76
44748,58.42
44764,38.10
44780,35.56
44795,40.64
44811,109.22
44827,111.76
44843,91.44
44859,40.64
44874,38.10
44890,38.10
44906,104.14
44921,114.30
44938,114.30
44953,114.30
44968,114.30
44985,114.30
45000,114.30
45017,114.30
45032,114.30
45047,114.30
45064,114.30
45079,114.30
45095,114.30
45111,114.30
45127,114.30
45143,114.30
45158,116.84
45174,116.84
45190,116.84
45206,119.38
45221,119.38
45237,119.38
45253,63.50
45268,58.42
45285,58.42
45300,43.18
45316,40.64
45332,40.64
45347,40.64
45364,40.64
45379,40.64
45394,40.64
45411,38.10
45426,38.10
45442,38.10
45458,38.10
45473,38.10
45490,40.64
45505,48.26
45520,48.26
45537,48.26
45552,38.10
45569,38.10
45584,38.10
45599,38.10
45616,38.10
45631,38.10
45646,38.10
45663,38.10
45678,35.56
45694,35.56
45710,35.56
45725,35.56
45742,35.56
45757,35.56
45772,35.56
45789,35.56
45804,35.56
45820,35.56
45836,38.10
45851,38.10
45868,38.10
45883,38.10
45898,38.10
45915,38.10
45930,38.10
45946,48.26
45962,48.26
45977,48.26
45993,48.26
46009,48.26
46025,48.26
46041,48.26
46056,48.26
46072,48.26
46088,50.80
46103,48.26
46119,50.80
46135,50.80
46151,48.26
46167,48.26
46182,48.26
46198,48.26
46214,50.80
46229,50.80
46245,48.26
46261,48.26
46277,48.26
46292,48.26
46308,48.26
46324,48.26
46340,48.26
46355,48.26
46371,48.26
46387,48.26
46403,48.26
46418,50.80
46434,45.72
46450,38.10
46466,35.56
46482,35.56
46497,50.80
46513,50.80
46529,50.80
46544,53.34
46560,53.34
46576,53.34
46592,96.52
46608,121.92
46623,121.92
46639,114.30
46655,111.76
46670,114.30
46687,111.76
46702,111.76
46717,111.76
46734,91.44
46749,60.96
46766,55.88
46781,55.88
46796,58.42
46813,58.42
46828,58.42
46844,55.88
46860,55.88
46875,58.42
46892,55.88
46907,55.88
46922,55.88
46939,83.82
46954,109.22
46970,109.22
46986,58.42
47001,40.64
-1,-1
48017,35.56
48033,38.10
48049,35.56
48065,35.56
48080,68.58
48096,106.68
48112,109.22
48128,63.50
48144,40.64
48159,38.10
48175,38.10
48191,106.68
48206,109.22
48222,104.14
48238,43.18
48253,38.10
48270,38.10
48285,38.10
48301,38.10
48317,38.10
48332,38.10
48349,38.10
48364,40.64
48379,50.80
48396,55.88
48411,55.88
48427,68.58
48443,106.68
48458,109.22
48475,88.90
48490,58.42
48505,58.42
48522,58.42
48537,55.88
48553,58.42
48569,55.88
48584,55.88
48601,55.88
48616,55.88
48631,104.14
48648,124.46
48663,121.92
48679,53.34
48695,43.18
48710,38.10
48727,60.96
48742,119.38
48758,121.92
48774,83.82
48789,55.88
48805,50.80
48821,45.72
48837,38.10
48852,35.56
48868,38.10
48884,48.26
48900,48.26
48915,48.26
48931,48.26
48947,48.26
48963,48.26
48978,48.26
48994,48.26
49010,48.26
49026,43.18
49042,40.64
49057,38.10
49073,45.72
49089,48.26
49104,48.26
49120,45.72
49136,40.64
49152,38.10
49168,40.64
49183,48.26
49199,48.26
49215,48.26
49230,48.26
49246,48.26
49262,48.26
49277,48.26
49294,50.80
49309,48.26
49325,48.26
49341,48.26
49356,48.26
49373,40.64
49388,38.10
49403,35.56
49420,43.18
49435,48.26
49451,48.26
49467,43.18
49482,38.10
49499,35.56
49514,35.56
49529,38.10
49546,35.56
49561,35.56
49576,35.56
49593,35.56
49608,35.56
49625,35.56
49640,35.56
49655,35.56
49672,38.10
49687,38.10
49702,38.10
49719,45.72
49734,48.26
49751,48.26
49766,48.26
49781,48.26
49798,48.26
49813,48.26
49829,48.26
49845,48.26
49860,48.26
49876,48.26
49892,48.26
49907,50.80
49924,40.64
49939,38.10
49955,38.10
49971,50.80
49986,53.34
50002,53.34
50018,55.88
50033,58.42
50050,55.88
50065,58.42
50081,124.46
50097,129.54
50112,129.54
50128,119.38
50144,119.38
50160,119.38
50176,116.84
50192,116.84
50207,116.84
50223,116.84
50239,116.84
50254,116.84
50271,114.30
50286,116.84
50301,116.84
50318,55.88
50333,40.64
50350,38.10
50365,48.26
50380,111.76
50397,114.30
50412,91.44
50428,40.64
50444,38.10
50459,38.10
50476,40.64
50491,40.64
50507,40.64
50523,38.10
50538,38.10
50554,38.10
50570,35.56
50585,38.10
50601,35.56
50617,30.48
50633,27.94
50649,27.94
50664,35.56
50680,38.10
50696,35.56
-1,-1
51712,35.56
51727,35.56
51743,35.56
51759,30.48
51775,25.40
51790,22.86
51806,30.48
51822,35.56
51837,35.56
51853,38.10
51869,38.10
51885,38.10
51901,38.10
51916,27.94
51932,25.40
51948,22.86
51963,22.86
51980,22.86
51995,22.86
52011,33.02
52027,35.56
52042,35.56
52058,33.02
52074,27.94
52089,27.94
52106,33.02
52121,38.10
52136,35.56
52153,38.10
52168,38.10
52184,38.10
52200,38.10
52215,38.10
52232,35.56
52247,38.10
52262,38.10
52279,38.10
52294,38.10
52310,38.10
52326,38.10
52341,38.10
52358,63.50
52373,111.76
52388,114.30
52405,114.30
52420,114.30
52436,114.30
52452,114.30
52467,114.30
52484,114.30
52499,114.30
52515,119.38
52531,119.38
52547,119.38
52562,116.84
52578,119.38
52594,116.84
52610,127.00
52626,129.54
52641,129.54
52658,132.08
52673,132.08
52688,134.62
52705,81.28
52720,55.88
52737,53.34
52752,53.34
52767,53.34
52784,53.34
52799,53.34
52814,50.80
52831,50.80
52846,50.80
52862,50.80
52878,50.80
52893,50.80
52910,50.80
52925,50.80
52940,48.26
52957,40.64
52972,38.10
52988,38.10
53004,38.10
53019,38.10
53036,38.10
53051,43.18
53066,48.26
53083,48.26
53098,45.72
53114,38.10
53130,35.56
53145,35.56
53161,35.56
53177,35.56
53192,35.56
53209,38.10
53224,35.56
53240,35.56
53256,38.10
53271,38.10
53287,38.10
53303,48.26
53319,48.26
53335,48.26
53350,48.26
53366,48.26
53382,48.26
53397,50.80
53413,48.26
53429,48.26
53445,48.26
53460,50.80
53476,48.26
53492,48.26
53508,43.18
53523,40.64
53539,38.10
53555,38.10
53571,40.64
53586,38.10
53602,48.26
53618,48.26
53634,48.26
53649,48.26
53665,48.26
53681,50.80
53697,48.26
53712,48.26
53728,48.26
53744,48.26
53760,48.26
53776,48.26
53791,48.26
53807,50.80
53823,50.80
53838,50.80
53854,38.10
53870,35.56
53885,38.10
53902,50.80
53917,50.80
53933,50.80
53949,73.66
53964,121.92
53980,124.46
53996,124.46
54011,124.46
54028,124.46
54043,124.46
54060,114.30
54075,114.30
54090,114.30
54107,58.42
54122,58.42
54138,58.42
54154,58.42
54169,58.42
54185,58.42
54201,58.42
54217,55.88
54233,55.88
54248,81.28
54264,106.68
54280,109.22
54295,73.66
54311,55.88
54327,55.88
54343,55.88
54359,106.68
54374,109.22
54390,109.22
-1,-1
55406,109.22
55421,111.76
55438,109.22
55453,109.22
55470,109.22
55485,109.22
55500,109.22
55517,109.22
55532,109.22
55548,109.22
55564,109.22
55580,109.22
55596,109.22
55611,109.22
55627,109.22
55643,109.22
55659,109.22
55674,109.22
55690,109.22
55706,109.22
55721,109.22
55738,73.66
55753,58.42
55770,58.42
55785,60.96
55800,106.68
55817,109.22
55832,101.60
55848,60.96
55864,55.88
55879,53.34
55896,101.60
55911,109.22
55927,109.22
55943,60.96
55958,55.88
55974,55.88
55990,43.18
56005,38.10
56022,38.10
56037,35.56
56053,38.10
56069,38.10
56084,43.18
56100,121.92
56116,124.46
56132,93.98
56147,45.72
56163,40.64
56179,40.64
56195,50.80
56210,50.80
56226,50.80
56242,40.64
56258,38.10
56273,38.10
56289,48.26
56305,48.26
56321,48.26
56336,48.26
56352,48.26
56368,48.26
56384,50.80
56399,48.26
56415,48.26
56431,48.26
56446,48.26
56462,48.26
56478,50.80
56494,48.26
56510,48.26
56525,50.80
56541,48.26
56557,48.26
56572,50.80
56589,50.80
56604,50.80
56620,50.80
56636,48.26
56651,48.26
56667,48.26
56683,48.26
56698,48.26
56715,48.26
56730,43.18
56745,38.10
56762,35.56
56777,38.10
56793,35.56
56809,35.56
56824,35.56
56841,35.56
56856,35.56
56871,35.56
56888,35.56
56903,35.56
56919,35.56
56935,35.56
56950,35.56
56967,35.56
56982,35.56
56997,35.56
57014,35.56
57029,35.56
57044,35.56
57061,35.56
57076,35.56
57093,38.10
57108,35.56
57123,38.10
57140,45.72
57155,48.26
57171,48.26
57187,38.10
57202,35.56
57219,38.10
57234,48.26
57249,48.26
57266,50.80
57281,50.80
57297,50.80
57313,50.80
57328,50.80
57345,53.34
57360,50.80
57375,55.88
57392,58.42
57407,58.42
57423,58.42
57439,124.46
57454,134.62
57470,137.16
57486,50.80
57502,43.18
57518,43.18
57533,88.90
57549,127.00
57565,129.54
57581,119.38
57596,116.84
57612,116.84
57628,116.84
57644,114.30
57660,116.84
57675,114.30
57692,114.30
57707,114.30
57722,91.44
57739,43.18
57754,38.10
57769,38.10
57786,38.10
57801,38.10
57818,38.10
57833,93.98
57848,114.30
57865,114.30
57880,48.26
57896,38.10
57912,38.10
57927,71.12
57944,111.76
57959,111.76
57975,60.96
57991,40.64
58006,38.10
58022,30.48
58038,25.40
58053,22.86
58070,22.86
58085,38.10
-1,-1
59101,111.76
59117,83.82
59132,25.40
59148,22.86
59164,22.86
59180,101.60
59196,111.76
59211,111.76
59227,30.48
59243,25.40
59258,22.86
59275,22.86
59290,22.86
59305,22.86
59322,33.02
59337,35.56
59353,35.56
59369,35.56
59384,35.56
59401,35.56
59416,38.10
59431,38.10
59448,38.10
59463,38.10
59479,38.10
59495,38.10
59510,38.10
59527,38.10
59542,40.64
59557,38.10
59574,86.36
59589,109.22
59606,109.22
59621,55.88
59636,40.64
59653,38.10
59668,40.64
59684,38.10
59700,38.10
59715,38.10
59731,109.22
59747,114.30
59763,109.22
59779,58.42
59794,55.88
59810,55.88
59826,101.60
59841,114.30
59857,116.84
59873,114.30
59889,114.30
59905,114.30
59921,124.46
59936,129.54
59952,129.54
59968,124.46
59983,119.38
60000,119.38
60015,86.36
60030,58.42
60047,58.42
60062,55.88
60079,55.88
60094,55.88
60109,55.88
60126,53.34
60141,53.34
60157,53.34
60173,53.34
60188,53.34
60205,53.34
60220,43.18
60235,40.64
60252,40.64
60267,40.64
60283,38.10
60299,38.10
60314,45.72
60331,50.80
60346,50.80
60361,43.18
60378,38.10
60393,38.10
60409,38.10
60425,35.56
60440,38.10
60456,35.56
60472,35.56
60488,38.10
60504,35.56
60519,35.56
60535,35.56
60551,35.56
60566,35.56
60582,35.56
60598,35.56
60614,38.10
60630,38.10
60645,38.10
60661,38.10
60677,35.56
60692,35.56
60708,38.10
60724,38.10
60740,38.10
60755,35.56
60771,48.26
60787,48.26
60803,48.26
60818,48.26
60834,48.26
60850,48.26
60866,48.26
60881,48.26
60897,48.26
60913,48.26
60929,48.26
60945,48.26
60960,48.26
60976,48.26
60992,48.26
61007,48.26
61023,48.26
61039,48.26
61054,48.26
61071,43.18
61086,40.64
61102,38.10
61118,48.26
61133,48.26
61149,50.80
61165,48.26
61180,48.26
61197,48.26
61212,40.64
61228,38.10
61244,35.56
61259,38.10
61276,38.10
61291,38.10
61306,43.18
61323,50.80
61338,50.80
61353,48.26
61370,40.64
61385,38.10
61402,35.56
61417,101.60
61432,111.76
61449,111.76
61464,111.76
61480,111.76
61496,111.76
61511,68.58
61528,58.42
61543,55.88
61559,55.88
61575,58.42
61590,58.42
61606,55.88
61622,55.88
61638,58.42
61654,55.88
61669,55.88
61685,55.88
61701,55.88
61716,58.42
61732,58.42
61748,58.42
61764,99.06
61779,106.68
-1,-1
62795,40.64
62811,101.60
62827,106.68
62842,106.68
62859,43.18
62874,38.10
62889,38.10
62906,38.10
62921,38.10
62937,40.64
62953,73.66
62968,106.68
62985,109.22
63000,109.22
63016,109.22
63032,109.22
63047,78.74
63064,38.10
63079,38.10
63094,38.10
63111,38.10
63126,38.10
63142,38.10
63158,99.06
63173,109.22
63190,109.22
63205,63.50
63221,55.88
63237,55.88
63252,58.42
63268,55.88
63284,55.88
63300,55.88
63315,55.88
63331,55.88
63347,55.88
63363,55.88
63378,55.88
63394,55.88
63410,106.68
63426,111.76
63441,111.76
63457,121.92
63473,124.46
63489,124.46
63505,48.26
63520,43.18
63536,40.64
63552,50.80
63567,53.34
63584,53.34
63599,45.72
63614,43.18
63631,38.10
63646,38.10
63662,38.10
63678,38.10
63693,40.64
63710,48.26
63725,48.26
63740,48.26
63757,48.26
63772,48.26
63789,48.26
63804,48.26
63819,48.26
63836,48.26
63851,48.26
63866,48.26
63883,48.26
63898,48.26
63915,48.26
63930,48.26
63945,48.26
63962,48.26
63977,48.26
63992,45.72
64009,43.18
64024,38.10
64040,40.64
64056,48.26
64071,48.26
64088,48.26
64103,48.26
64118,48.26
64135,48.26
64150,38.10
64166,38.10
64182,38.10
64197,35.56
64214,35.56
64229,38.10
64244,38.10
64261,35.56
64276,38.10
64292,38.10
64308,38.10
64323,40.64
64339,38.10
64355,35.56
64371,35.56
64387,35.56
64402,35.56
64418,35.56
64434,38.10
64449,35.56
64465,35.56
64481,35.56
64497,35.56
64513,35.56
64528,35.56
64544,48.26
64560,48.26
64575,48.26
64591,43.18
64607,38.10
64623,38.10
64638,40.64
64654,50.80
64670,50.80
64686,48.26
64701,43.18
64717,40.64
64733,40.64
64749,50.80
64764,53.34
64780,53.34
64796,96.52
64812,127.00
64827,127.00
64843,127.00
64859,129.54
64875,129.54
64890,129.54
64907,132.08
64922,129.54
64937,129.54
64954,116.84
64969,114.30
64986,106.68
65001,58.42
65016,58.42
65033,58.42
65048,43.18
65064,40.64
65080,40.64
65095,38.10
65112,38.10
65127,38.10
65143,35.56
65159,38.10
65174,38.10
65190,35.56
65206,38.10
65221,38.10
65238,35.56
65253,35.56
65269,35.56
65285,35.56
65300,35.56
65316,38.10
65332,35.56
65347,35.56
65363,38.10
65379,35.56
65395,35.56
65411,35.56
65426,35.56
65442,38.10
65458,35.56
65473,38.10
-1,-1
66489,25.40
66505,22.86
66521,22.86
66537,22.86
66552,20.32
66568,22.86
66584,63.50
66599,111.76
66615,114.30
66631,53.34
66647,25.40
66663,22.86
66678,27.94
66694,35.56
66710,35.56
66725,35.56
66742,38.10
66757,35.56
66772,38.10
66789,35.56
66804,35.56
66820,38.10
66836,30.48
66851,27.94
66868,27.94
66883,35.56
66898,38.10
66915,35.56
66930,38.10
66946,38.10
66962,40.64
66977,38.10
66994,35.56
67009,35.56
67024,38.10
67041,35.56
67056,38.10
67073,38.10
67088,35.56
67103,38.10
67120,38.10
67135,38.10
67150,35.56
67167,38.10
67182,38.10
67198,40.64
67214,38.10
67229,50.80
67246,55.88
67261,55.88
67276,58.42
67293,114.30
67308,116.84
67324,116.84
67340,116.84
67356,116.84
67372,114.30
67387,129.54
67403,129.54
67419,129.54
67435,63.50
67450,55.88
67466,58.42
67482,55.88
67497,53.34
67514,53.34
67529,50.80
67545,50.80
67561,50.80
67576,50.80
67592,50.80
67608,48.26
67623,45.72
67640,38.10
67655,38.10
67671,35.56
67687,48.26
67702,50.80
67718,50.80
67734,40.64
67749,38.10
67766,38.10
67781,35.56
67796,35.56
67813,38.10
67828,35.56
67844,35.56
67860,35.56
67875,35.56
67892,35.56
67907,38.10
67922,35.56
67939,35.56
67954,35.56
67970,35.56
67986,35.56
68001,35.56
68018,35.56
68033,35.56
68048,35.56
68065,35.56
68080,45.72
68097,48.26
68112,48.26
68127,48.26
68144,48.26
68159,48.26
68174,48.26
68191,48.26
68206,48.26
68222,50.80
68238,48.26
68253,48.26
68270,48.26
68285,48.26
68300,48.26
68317,50.80
68332,48.26
68348,48.26
68364,48.26
68379,48.26
68396,48.26
68411,48.26
68426,48.26
68443,48.26
68458,48.26
68474,48.26
68490,48.26
68505,48.26
68521,50.80
68537,50.80
68553,50.80
68569,50.80
68584,50.80
68600,53.34
68616,48.26
68631,38.10
68647,35.56
68663,38.10
68679,38.10
68695,38.10
68710,38.10
68726,50.80
68742,50.80
68757,50.80
68773,86.36
68789,121.92
68805,121.92
68820,116.84
68836,111.76
68852,111.76
68868,86.36
68884,60.96
68899,58.42
68915,58.42
68931,55.88
68946,55.88
68963,58.42
68978,55.88
68994,55.88
69010,55.88
69025,55.88
69042,55.88
69057,55.88
69072,55.88
69089,55.88
69104,58.42
69120,78.74
69136,106.68
69151,109.22
69168,109.22
-1,-1
70183,106.68
70199,109.22
70214,50.80
70231,40.64
70246,40.64
70262,60.96
70278,106.68
70293,109.22
70309,71.12
70325,40.64
70341,38.10
70356,38.10
70372,35.56
70388,38.10
70404,35.56
70420,99.06
70435,109.22
70451,109.22
70467,109.22
70482,109.22
70499,109.22
70514,109.22
70530,109.22
70546,109.22
70561,71.12
70578,58.42
70593,58.42
70608,55.88
70625,58.42
70640,55.88
70657,55.88
70672,104.14
70687,109.22
70704,109.22
70719,58.42
70735,58.42
70751,55.88
70766,55.88
70782,55.88
70798,55.88
70813,88.90
70830,114.30
70845,114.30
70861,119.38
70877,124.46
70892,124.46
70908,66.04
70924,40.64
70940,38.10
70956,43.18
70971,50.80
70987,50.80
71003,48.26
71019,38.10
71034,38.10
71050,38.10
71066,50.80
71081,50.80
71097,50.80
71113,48.26
71129,48.26
71145,48.26
71160,48.26
71176,48.26
71192,48.26
71207,48.26
71224,48.26
71239,48.26
71255,48.26
71271,48.26
71286,48.26
71302,48.26
71318,48.26
71333,48.26
71350,48.26
71365,48.26
71380,48.26
71397,48.26
71412,48.26
71428,48.26
71444,48.26
71459,48.26
71476,48.26
71491,48.26
71506,48.26
71523,48.26
71538,48.26
71554,45.72
71570,40.64
71585,38.10
71602,38.10
71617,35.56
71632,38.10
71649,35.56
71664,35.56
71681,35.56
71696,38.10
71711,35.56
71728,38.10
71743,38.10
71758,35.56
71775,35.56
71790,38.10
71806,35.56
71822,35.56
71837,35.56
71854,38.10
71869,35.56
71884,38.10
71901,43.18
71916,48.26
71932,48.26
71948,48.26
71963,48.26
71980,48.26
71995,48.26
72011,50.80
72027,48.26
72042,50.80
72058,48.26
72074,50.80
72089,50.80
72105,53.34
72121,53.34
72137,53.34
72153,55.88
72168,53.34
72184,55.88
72200,55.88
72215,127.00
72231,129.54
72247,129.54
72263,116.84
72279,116.84
72295,116.84
72310,121.92
72326,121.92
72342,121.92
72357,116.84
72374,116.84
72389,116.84
72404,114.30
72421,114.30
72436,116.84
72453,53.34
72468,40.64
72483,38.10
72500,55.88
72515,111.76
72531,114.30
72547,76.20
72562,40.64
72579,38.10
72594,38.10
72610,38.10
72626,38.10
72641,38.10
72657,40.64
72673,40.64
72688,40.64
72705,38.10
72720,38.10
72736,38.10
72752,35.56
72767,35.56
72783,38.10
72799,27.94
72815,25.40
72830,22.86
72846,33.02
72862,35.56
-1,-1
73878,22.86
73893,20.32
73909,20.32
73925,22.86
73940,27.94
73957,35.56
73972,35.56
73988,33.02
74004,25.40
74019,22.86
74035,22.86
74051,22.86
74066,22.86
74083,22.86
74098,35.56
74114,35.56
74130,35.56
74145,25.40
74161,25.40
74177,22.86
74192,33.02
74209,35.56
74224,35.56
74240,33.02
74256,30.48
74271,27.94
74287,27.94
74303,35.56
74318,35.56
74335,35.56
74350,35.56
74365,35.56
74382,38.10
74397,38.10
74413,35.56
74429,35.56
74444,38.10
74461,38.10
74476,38.10
74491,38.10
74508,38.10
74523,35.56
74540,40.64
74555,109.22
74570,111.76
74587,111.76
74602,116.84
74618,116.84
74634,116.84
74649,43.18
74665,40.64
74681,38.10
74697,38.10
74713,38.10
74728,35.56
74744,38.10
74760,38.10
74775,40.64
74791,40.64
74807,40.64
74823,40.64
74839,48.26
74854,50.80
74870,50.80
74886,53.34
74902,50.80
74917,53.34
74933,53.34
74949,50.80
74964,50.80
74980,50.80
74996,50.80
75012,50.80
75028,50.80
75043,48.26
75059,48.26
75075,50.80
75090,40.64
75106,38.10
75122,35.56
75138,35.56
75154,35.56
75169,38.10
75185,38.10
75201,38.10
75216,35.56
75232,38.10
75248,35.56
75264,35.56
75280,38.10
75295,35.56
75311,35.56
75327,35.56
75342,35.56
75359,35.56
75374,35.56
75389,48.26
75406,48.26
75421,48.26
75437,40.64
75453,38.10
75468,38.10
75485,45.72
75500,48.26
75515,48.26
75532,48.26
75547,48.26
75563,48.26
75579,48.26
75594,48.26
75611,48.26
75626,48.26
75641,48.26
75658,48.26
75673,48.26
75689,48.26
75705,48.26
75720,48.26
75737,48.26
75752,48.26
75767,48.26
75784,48.26
75799,48.26
75815,48.26
75831,48.26
75846,48.26
75863,48.26
75878,48.26
75893,48.26
75910,50.80
75925,48.26
75941,50.80
75957,50.80
75972,50.80
75988,40.64
76004,38.10
76019,35.56
76036,50.80
76051,50.80
76067,53.34
76083,40.64
76098,38.10
76114,38.10
76130,35.56
76146,121.92
76162,124.46
76177,116.84
76193,58.42
76209,58.42
76225,55.88
76240,104.14
76256,111.76
76272,111.76
76288,48.26
76304,40.64
76319,40.64
76335,53.34
76351,55.88
76366,55.88
76382,55.88
76398,55.88
76413,55.88
76430,55.88
76445,55.88
76461,55.88
76477,55.88
76492,104.14
76509,106.68
76524,106.68
76539,109.22
76556,109.22
-1,-1
77572,73.66
77587,40.64
77603,38.10
77619,38.10
77634,101.60
77650,109.22
77666,109.22
77682,109.22
77698,109.22
77713,109.22
77729,109.22
77745,109.22
77761,109.22
77776,48.26
77793,38.10
77808,35.56
77824,68.58
77840,106.68
77855,109.22
77872,109.22
77887,109.22
77902,109.22
77919,109.22
77934,109.22
77950,109.22
77966,109.22
77982,60.96
77998,55.88
78013,55.88
78029,55.88
78045,55.88
78060,55.88
78076,91.44
78092,106.68
78108,106.68
78124,111.76
78139,111.76
78155,111.76
78171,71.12
78187,55.88
78202,53.34
78218,45.72
78234,40.64
78249,35.56
78266,38.10
78281,116.84
78297,121.92
78313,124.46
78328,45.72
78345,40.64
78360,38.10
78375,50.80
78392,50.80
78407,50.80
78423,38.10
78439,35.56
78454,38.10
78471,45.72
78486,48.26
78501,48.26
78518,48.26
78533,48.26
78548,48.26
78565,48.26
78580,48.26
78597,48.26
78612,48.26
78627,48.26
78644,48.26
78659,48.26
78675,43.18
78691,40.64
78706,38.10
78723,48.26
78738,48.26
78753,48.26
78770,48.26
78785,48.26
78801,48.26
78817,48.26
78832,48.26
78849,48.26
78864,48.26
78879,48.26
78896,50.80
78911,48.26
78927,38.10
78943,35.56
78958,35.56
78974,48.26
78990,48.26
79006,48.26
79022,40.64
79037,38.10
79053,35.56
79069,35.56
79084,35.56
79100,35.56
79116,35.56
79132,35.56
79148,35.56
79163,35.56
79179,38.10
79195,35.56
79210,40.64
79226,48.26
79242,48.26
79258,48.26
79273,38.10
79289,35.56
79305,35.56
79321,45.72
79337,48.26
79352,48.26
79368,48.26
79384,48.26
79399,50.80
79415,48.26
79431,48.26
79447,50.80
79463,50.80
79478,50.80
79494,50.80
79510,53.34
79525,50.80
79541,50.80
79557,50.80
79572,40.64
79589,40.64
79604,40.64
79620,99.06
79636,116.84
79651,119.38
79668,48.26
79683,40.64
79698,40.64
79715,81.28
79730,129.54
79746,129.54
79762,124.46
79777,114.30
79794,116.84
79809,116.84
79825,116.84
79841,114.30
79856,114.30
79873,114.30
79888,114.30
79904,114.30
79920,43.18
79936,38.10
79951,35.56
79967,91.44
79983,109.22
79998,109.22
80014,48.26
80030,38.10
80046,38.10
80062,38.10
80077,38.10
80093,38.10
80109,38.10
80124,38.10
80141,40.64
80156,40.64
80172,38.10
80188,38.10
80203,35.56
80219,25.40
80235,22.86
80250,22.86
-1,-1
81266,35.56
81283,35.56
81298,35.56
81313,25.40
81330,25.40
81345,22.86
81360,22.86
81377,20.32
81392,22.86
81409,33.02
81424,35.56
81439,35.56
81456,38.10
81471,38.10
81486,38.10
81503,27.94
81518,25.40
81534,22.86
81550,27.94
81565,35.56
81582,35.56
81597,35.56
81612,35.56
81629,35.56
81644,35.56
81660,35.56
81676,35.56
81691,35.56
81708,38.10
81723,38.10
81739,38.10
81755,38.10
81770,35.56
81786,35.56
81802,38.10
81817,38.10
81833,38.10
81849,38.10
81865,40.64
81881,38.10
81896,38.10
81912,106.68
81928,111.76
81944,111.76
81959,114.30
81975,114.30
81991,114.30
82007,116.84
82023,116.84
82038,116.84
82054,68.58
82070,55.88
82085,55.88
82102,43.18
82117,38.10
82132,38.10
82149,38.10
82164,40.64
82180,38.10
82196,40.64
82211,121.92
82228,132.08
82243,132.08
82258,58.42
82275,53.34
82290,53.34
82307,53.34
82322,53.34
82337,53.34
82354,43.18
82369,40.64
82385,38.10
82401,48.26
82416,50.80
82433,50.80
82448,50.80
82463,48.26
82480,50.80
82495,50.80
82511,48.26
82527,48.26
82542,48.26
82558,38.10
82574,38.10
82589,35.56
82606,38.10
82621,38.10
82637,38.10
82653,35.56
82668,35.56
82684,35.56
82700,35.56
82715,38.10
82732,35.56
82747,35.56
82763,35.56
82779,35.56
82794,43.18
82810,48.26
82826,48.26
82841,48.26
82857,38.10
82873,38.10
82889,38.10
82905,48.26
82920,48.26
82936,48.26
82952,48.26
82968,48.26
82983,50.80
82999,48.26
83015,48.26
83031,48.26
83046,48.26
83062,48.26
83078,50.80
83094,48.26
83109,48.26
83125,48.26
83141,48.26
83156,48.26
83172,50.80
83188,48.26
83204,48.26
83220,48.26
83235,48.26
83251,48.26
83267,48.26
83282,50.80
83299,48.26
83314,48.26
83330,48.26
83346,40.64
83361,38.10
83377,38.10
83393,35.56
83408,38.10
83425,38.10
83440,38.10
83456,40.64
83472,40.64
83487,40.64
83503,106.68
83519,111.76
83534,111.76
83551,43.18
83566,38.10
83581,38.10
83598,88.90
83613,111.76
83630,114.30
83645,71.12
83660,58.42
83677,55.88
83692,55.88
83708,55.88
83724,55.88
83739,55.88
83756,55.88
83771,55.88
83786,58.42
83803,55.88
83818,55.88
83834,55.88
83850,55.88
83865,55.88
83881,55.88
83897,55.88
83912,55.88
83929,58.42
83944,86.36
-1,-1
84960,111.76
84976,109.22
84992,109.22
85007,109.22
85023,109.22
85039,101.60
85055,93.98
85070,93.98
85086,50.80
85102,38.10
85117,38.10
85134,50.80
85149,106.68
85165,109.22
85181,83.82
85196,43.18
85213,38.10
85228,38.10
85243,101.60
85260,109.22
85275,109.22
85292,66.04
85307,60.96
85322,60.96
85339,93.98
85354,106.68
85370,109.22
85386,68.58
85401,58.42
85417,58.42
85433,55.88
85448,55.88
85465,55.88
85480,55.88
85496,55.88
85512,55.88
85527,55.88
85543,104.14
85559,109.22
85575,106.68
85591,111.76
85606,111.76
85622,111.76
85638,48.26
85654,40.64
85669,40.64
85685,50.80
85701,53.34
85716,53.34
85733,40.64
85748,38.10
85764,35.56
85780,45.72
85795,50.80
85811,50.80
85827,45.72
85842,40.64
85859,38.10
85874,35.56
85890,45.72
85906,48.26
85921,48.26
85937,48.26
85953,48.26
85968,48.26
85985,48.26
86000,48.26
86016,48.26
86032,48.26
86047,48.26
86063,48.26
86079,50.80
86094,48.26
86111,48.26
86126,48.26
86141,48.26
86158,48.26
86173,48.26
86190,38.10
86205,35.56
86220,35.56
86237,48.26
86252,48.26
86267,48.26
86284,40.64
86299,38.10
86316,38.10
86331,45.72
86346,48.26
86363,48.26
86378,40.64
86393,35.56
86410,35.56
86425,38.10
86441,35.56
86457,35.56
86472,35.56
86489,38.10
86504,35.56
86520,38.10
86536,35.56
86551,38.10
86567,35.56
86583,35.56
86598,35.56
86615,35.56
86630,48.26
86646,48.26
86662,48.26
86677,40.64
86693,38.10
86709,35.56
86724,45.72
86740,48.26
86756,48.26
86772,48.26
86788,50.80
86803,50.80
86819,50.80
86835,50.80
86850,50.80
86866,53.34
86882,53.34
86898,53.34
86914,53.34
86929,53.34
86945,53.34
86961,53.34
86977,76.20
86992,127.00
87008,129.54
87024,73.66
87040,43.18
87056,40.64
87071,40.64
87087,111.76
87103,116.84
87118,116.84
87135,114.30
87150,114.30
87165,114.30
87182,43.18
87197,38.10
87214,38.10
87229,88.90
87244,114.30
87261,114.30
87276,50.80
87292,40.64
87308,38.10
87323,38.10
87340,38.10
87355,38.10
87370,38.10
87387,38.10
87402,40.64
87418,40.64
87434,35.56
87449,35.56
87465,38.10
87481,35.56
87496,38.10
87513,35.56
87528,30.48
87544,27.94
87560,25.40
87575,27.94
87591,27.94
87607,27.94
87622,35.56
87639,35.56
-1,-1
