14,114.30
30,116.84
46,116.84
61,114.30
77,116.84
93,114.30
108,114.30
123,114.30
140,114.30
155,114.30
171,114.30
187,114.30
202,114.30
218,114.30
234,114.30
249,114.30
265,114.30
281,114.30
296,114.30
312,116.84
328,114.30
344,114.30
360,114.30
375,114.30
391,114.30
407,114.30
422,114.30
438,114.30
454,114.30
470,114.30
485,114.30
501,114.30
517,114.30
532,114.30
548,114.30
564,114.30
579,114.30
595,114.30
611,116.84
626,114.30
643,114.30
658,114.30
673,114.30
690,114.30
705,114.30
720,114.30
737,114.30
752,157.48
768,160.02
783,160.02
799,132.08
815,129.54
830,132.08
846,152.40
862,160.02
877,160.02
893,160.02
909,160.02
924,160.02
941,160.02
956,160.02
971,160.02
988,160.02
1003,160.02
1018,160.02
1035,160.02
1050,160.02
1067,160.02
1082,160.02
1097,116.84
1114,114.30
1129,114.30
1144,55.88
1161,50.80
1176,50.80
1191,50.80
1208,53.34
1223,53.34
1239,50.80
1255,50.80
1270,53.34
1286,50.80
1302,50.80
1317,50.80
1333,50.80
1349,50.80
1364,50.80
1380,50.80
1396,50.80
1412,53.34
1427,53.34
1443,50.80
1459,50.80
1474,50.80
1490,48.26
1506,50.80
1521,48.26
1538,50.80
1553,50.80
1568,50.80
1585,50.80
1600,50.80
1615,53.34
1632,50.80
1647,50.80
1662,50.80
1679,50.80
1694,50.80
1710,50.80
1726,50.80
1741,50.80
1757,50.80
1773,50.80
1788,50.80
1804,50.80
1820,53.34
1836,50.80
1851,50.80
1867,50.80
1883,50.80
1898,50.80
1914,50.80
1930,53.34
1945,50.80
1961,50.80
1977,53.34
1992,109.22
2009,114.30
2024,106.68
2040,58.42
2056,53.34
2071,55.88
2087,127.00
2103,157.48
2118,157.48
2135,50.80
2150,40.64
2165,38.10
2182,78.74
2197,124.46
2212,127.00
2229,127.00
2244,127.00
2260,127.00
2276,127.00
2291,124.46
2308,124.46
2323,124.46
2338,129.54
2355,127.00
2370,127.00
2386,114.30
2402,111.76
2417,111.76
2434,111.76
2449,111.76
2464,111.76
2481,111.76
2496,111.76
2512,111.76
2528,111.76
2543,109.22
2560,109.22
2575,111.76
2590,109.22
2607,109.22
2622,109.22
2638,109.22
2654,109.22
2669,109.22
2685,109.22
-1,-1
3701,109.22
3717,109.22
3732,109.22
3748,109.22
3764,109.22
3780,109.22
3795,109.22
3811,109.22
3827,109.22
3843,109.22
3858,109.22
3874,109.22
3890,109.22
3906,109.22
3921,109.22
3937,109.22
3953,109.22
3969,111.76
3985,109.22
4000,109.22
4016,109.22
4032,111.76
4047,109.22
4063,109.22
4079,111.76
4094,111.76
4111,111.76
4126,111.76
4142,111.76
4158,114.30
4173,111.76
4189,111.76
4205,111.76
4220,111.76
4237,111.76
4252,114.30
4268,121.92
4284,124.46
4299,124.46
4315,124.46
4331,124.46
4346,124.46
4363,124.46
4378,124.46
4393,124.46
4410,127.00
4425,137.16
4441,137.16
4457,137.16
4472,154.94
4489,160.02
4504,157.48
4519,160.02
4536,160.02
4551,160.02
4567,157.48
4583,157.48
4598,157.48
4615,132.08
4630,116.84
4645,114.30
4662,73.66
4677,53.34
4692,55.88
4709,55.88
4724,50.80
4740,50.80
4756,50.80
4771,50.80
4787,50.80
4803,50.80
4818,50.80
4834,50.80
4850,53.34
4866,50.80
4881,50.80
4897,50.80
4913,50.80
4928,50.80
4944,50.80
4960,50.80
4975,48.26
4992,48.26
5007,50.80
5022,50.80
5039,50.80
5054,50.80
5069,50.80
5086,50.80
5101,53.34
5116,50.80
5133,48.26
5148,48.26
5164,50.80
5180,50.80
5195,50.80
5211,50.80
5227,50.80
5242,50.80
5258,50.80
5274,50.80
5289,50.80
5305,50.80
5321,50.80
5337,50.80
5352,50.80
5368,50.80
5384,50.80
5399,50.80
5415,50.80
5431,50.80
5446,50.80
5463,50.80
5478,50.80
5493,50.80
5510,83.82
5525,111.76
5540,114.30
5557,119.38
5572,157.48
5588,157.48
5604,157.48
5619,160.02
5636,160.02
5651,160.02
5666,160.02
5683,160.02
5698,160.02
5714,160.02
5730,160.02
5745,160.02
5762,134.62
5777,132.08
5792,129.54
5809,139.70
5824,157.48
5840,157.48
5856,134.62
5871,119.38
5888,116.84
5903,116.84
5918,116.84
5935,119.38
5950,116.84
5966,127.00
5982,127.00
5997,127.00
6013,116.84
6029,116.84
6044,116.84
6061,114.30
6076,116.84
6092,114.30
6108,114.30
6123,114.30
6139,114.30
6155,114.30
6170,114.30
6187,114.30
6202,114.30
6218,114.30
6234,114.30
6249,114.30
6265,114.30
6281,114.30
6296,114.30
6312,114.30
6328,114.30
6344,116.84
6360,114.30
6375,116.84
-1,-1
7391,114.30
7407,116.84
7422,114.30
7438,114.30
7454,114.30
7470,114.30
7486,114.30
7501,116.84
7517,116.84
7533,114.30
7548,114.30
7564,114.30
7580,114.30
7596,114.30
7612,114.30
7627,114.30
7643,114.30
7659,114.30
7674,114.30
7690,114.30
7706,114.30
7721,114.30
7738,116.84
7753,114.30
7769,114.30
7785,114.30
7800,119.38
7816,116.84
7832,116.84
7847,114.30
7864,114.30
7879,116.84
7895,114.30
7911,114.30
7926,114.30
7942,116.84
7958,116.84
7973,116.84
7990,116.84
8005,116.84
8020,116.84
8037,116.84
8052,114.30
8068,114.30
8084,114.30
8099,129.54
8116,129.54
8131,129.54
8146,152.40
8163,160.02
8178,160.02
8194,160.02
8210,160.02
8225,160.02
8242,160.02
8257,160.02
8272,160.02
8289,160.02
8304,160.02
8321,160.02
8336,160.02
8351,160.02
8368,160.02
8383,160.02
8398,160.02
8415,160.02
8430,160.02
8445,160.02
8462,160.02
8477,160.02
8494,63.50
8509,55.88
8524,55.88
8541,55.88
8556,53.34
8571,53.34
8588,53.34
8603,50.80
8619,50.80
8635,50.80
8650,50.80
8666,50.80
8682,50.80
8697,50.80
8713,50.80
8729,50.80
8744,50.80
8760,50.80
8776,50.80
8792,50.80
8807,50.80
8823,53.34
8839,50.80
8854,48.26
8870,48.26
8886,50.80
8901,50.80
8918,50.80
8933,50.80
8948,48.26
8965,50.80
8980,50.80
8995,50.80
9012,50.80
9027,50.80
9042,50.80
9059,50.80
9074,53.34
9090,50.80
9106,53.34
9121,53.34
9137,50.80
9153,50.80
9168,50.80
9184,50.80
9200,50.80
9216,50.80
9231,50.80
9247,50.80
9263,50.80
9278,50.80
9294,50.80
9310,53.34
9325,53.34
9341,53.34
9357,53.34
9372,53.34
9389,53.34
9404,53.34
9419,53.34
9436,111.76
9451,154.94
9466,154.94
9483,134.62
9498,127.00
9513,127.00
9530,127.00
9545,127.00
9562,127.00
9577,127.00
9592,129.54
9609,129.54
9624,129.54
9639,154.94
9656,157.48
9671,157.48
9688,129.54
9703,127.00
9718,124.46
9735,114.30
9750,111.76
9765,114.30
9782,111.76
9797,111.76
9814,114.30
9829,111.76
9844,111.76
9861,111.76
9876,111.76
9891,111.76
9908,111.76
9923,114.30
9939,111.76
9955,114.30
9970,111.76
9987,109.22
10002,109.22
10018,109.22
10034,111.76
10049,109.22
10065,109.22
-1,-1
11081,109.22
11097,109.22
11113,109.22
11128,109.22
11144,109.22
11160,109.22
11175,109.22
11192,109.22
11207,109.22
11224,111.76
11239,109.22
11254,109.22
11271,109.22
11286,109.22
11302,109.22
11318,109.22
11334,109.22
11350,109.22
11365,109.22
11381,109.22
11397,109.22
11413,109.22
11428,111.76
11444,111.76
11460,111.76
11475,111.76
11492,111.76
11507,114.30
11524,111.76
11539,111.76
11554,111.76
11571,111.76
11586,111.76
11602,111.76
11618,114.30
11634,114.30
11650,114.30
11665,119.38
11681,121.92
11697,121.92
11713,124.46
11728,127.00
11744,127.00
11760,127.00
11776,127.00
11792,127.00
11807,127.00
11824,127.00
11839,127.00
11854,127.00
11871,144.78
11886,157.48
11902,157.48
11918,157.48
11933,157.48
11950,157.48
11965,73.66
11981,55.88
11997,53.34
12012,53.34
12028,53.34
12044,55.88
12060,53.34
12076,50.80
12091,50.80
12107,50.80
12123,53.34
12138,50.80
12154,53.34
12170,50.80
12186,50.80
12201,50.80
12217,50.80
12233,50.80
12249,50.80
12264,50.80
12280,50.80
12296,50.80
12312,50.80
12327,50.80
12343,50.80
12359,50.80
12375,50.80
12390,50.80
12406,50.80
12422,50.80
12437,50.80
12453,50.80
12469,50.80
12485,50.80
12500,48.26
12516,50.80
12532,50.80
12548,50.80
12563,50.80
12579,50.80
12595,50.80
12611,50.80
12626,50.80
12642,50.80
12658,50.80
12674,50.80
12690,50.80
12705,50.80
12721,50.80
12737,50.80
12752,50.80
12768,53.34
12784,50.80
12800,50.80
12816,50.80
12831,50.80
12847,53.34
12863,50.80
12878,50.80
12894,50.80
12910,81.28
12925,111.76
12942,111.76
12957,119.38
12973,157.48
12989,160.02
13004,160.02
13021,157.48
13036,157.48
13051,160.02
13068,160.02
13083,160.02
13100,160.02
13115,157.48
13131,160.02
13147,160.02
13162,160.02
13178,160.02
13194,160.02
13210,160.02
13225,160.02
13241,160.02
13257,139.70
13273,132.08
13289,132.08
13304,124.46
13321,116.84
13336,116.84
13351,116.84
13368,114.30
13383,114.30
13400,114.30
13415,114.30
13430,116.84
13447,114.30
13462,114.30
13478,114.30
13494,114.30
13510,114.30
13526,116.84
13541,114.30
13557,45.72
13573,40.64
13589,38.10
13604,38.10
13620,38.10
13636,38.10
13651,63.50
13667,114.30
13683,114.30
13699,114.30
13715,114.30
13730,114.30
13747,116.84
13762,114.30
-1,-1
14778,114.30
14793,116.84
14810,116.84
14825,116.84
14841,116.84
14857,114.30
14873,114.30
14888,114.30
14904,116.84
14920,114.30
14936,114.30
14952,116.84
14967,116.84
14984,114.30
14999,114.30
15014,114.30
15031,116.84
15046,114.30
15063,114.30
15078,114.30
15093,114.30
15110,114.30
15125,114.30
15141,114.30
15157,114.30
15173,114.30
15188,116.84
15204,114.30
15220,114.30
15236,114.30
15252,116.84
15267,114.30
15284,114.30
15299,114.30
15314,114.30
15331,114.30
15346,114.30
15363,114.30
15378,114.30
15393,114.30
15410,114.30
15425,114.30
15441,116.84
15457,116.84
15473,116.84
15489,119.38
15504,124.46
15520,124.46
15536,124.46
15552,132.08
15567,132.08
15584,129.54
15599,132.08
15614,132.08
15631,132.08
15646,149.86
15663,157.48
15678,157.48
15693,160.02
15710,160.02
15725,160.02
15741,160.02
15757,160.02
15773,162.56
15789,160.02
15804,160.02
15820,160.02
15836,147.32
15852,116.84
15867,116.84
15883,91.44
15899,58.42
15915,53.34
15931,53.34
15946,50.80
15962,50.80
15978,53.34
15993,50.80
16009,53.34
16025,50.80
16040,50.80
16057,50.80
16072,50.80
16088,50.80
16104,50.80
16119,50.80
16135,50.80
16151,50.80
16166,50.80
16183,50.80
16198,50.80
16214,50.80
16230,50.80
16245,48.26
16261,48.26
16277,48.26
16292,50.80
16309,50.80
16324,50.80
16339,48.26
16356,48.26
16371,50.80
16387,50.80
16403,50.80
16418,50.80
16435,50.80
16450,50.80
16465,50.80
16482,50.80
16497,50.80
16513,50.80
16529,50.80
16544,53.34
16561,50.80
16576,50.80
16591,50.80
16608,50.80
16623,50.80
16638,50.80
16655,50.80
16670,53.34
16687,50.80
16702,50.80
16717,50.80
16734,53.34
16749,55.88
16764,53.34
16781,71.12
16796,111.76
16813,114.30
16828,111.76
16843,149.86
16860,157.48
16875,154.94
16891,160.02
16907,160.02
16923,160.02
16939,132.08
16954,129.54
16970,129.54
16986,147.32
17002,154.94
17017,154.94
17034,134.62
17049,129.54
17064,127.00
17081,127.00
17096,127.00
17113,127.00
17128,127.00
17143,124.46
17160,124.46
17175,124.46
17191,114.30
17207,111.76
17223,111.76
17239,111.76
17254,114.30
17270,114.30
17286,111.76
17302,111.76
17317,111.76
17334,114.30
17349,111.76
17364,111.76
17381,111.76
17396,114.30
17413,114.30
17428,111.76
17443,109.22
17460,109.22
-1,-1
18476,109.22
18491,106.68
18507,106.68
18523,109.22
18539,109.22
18554,109.22
18570,109.22
18586,109.22
18601,109.22
18618,111.76
18633,111.76
18650,111.76
18665,111.76
18680,109.22
18697,111.76
18712,111.76
18728,109.22
18744,111.76
18760,111.76
18776,109.22
18791,109.22
18807,109.22
18823,109.22
18839,109.22
18854,109.22
18871,111.76
18886,111.76
18902,111.76
18918,111.76
18933,111.76
18950,111.76
18965,111.76
18980,114.30
18997,114.30
19012,114.30
19028,124.46
19044,124.46
19060,124.46
19076,127.00
19091,127.00
19107,127.00
19123,127.00
19139,127.00
19154,127.00
19171,127.00
19186,127.00
19202,127.00
19218,127.00
19233,127.00
19250,127.00
19265,129.54
19280,154.94
19297,157.48
19312,157.48
19329,157.48
19344,157.48
19360,127.00
19376,58.42
19391,53.34
19407,55.88
19423,53.34
19438,53.34
19454,55.88
19470,50.80
19486,50.80
19502,53.34
19517,50.80
19533,50.80
19549,53.34
19564,50.80
19580,50.80
19596,50.80
19612,50.80
19628,50.80
19643,50.80
19659,50.80
19675,50.80
19690,50.80
19706,50.80
19722,50.80
19738,53.34
19753,50.80
19769,50.80
19785,48.26
19801,48.26
19816,48.26
19832,48.26
19848,50.80
19864,50.80
19879,50.80
19895,53.34
19911,50.80
19927,50.80
19942,50.80
19958,53.34
19974,50.80
19990,50.80
20005,50.80
20021,50.80
20037,50.80
20052,50.80
20068,50.80
20084,53.34
20100,53.34
20116,50.80
20131,50.80
20147,53.34
20163,50.80
20178,50.80
20194,50.80
20210,50.80
20226,50.80
20242,50.80
20257,53.34
20273,53.34
20289,55.88
20304,53.34
20320,147.32
20336,160.02
20352,157.48
20368,160.02
20383,160.02
20400,160.02
20415,162.56
20430,160.02
20447,160.02
20462,160.02
20478,160.02
20494,160.02
20510,160.02
20526,160.02
20541,160.02
20557,160.02
20573,160.02
20589,160.02
20604,149.86
20620,132.08
20636,132.08
20652,132.08
20668,114.30
20683,114.30
20700,116.84
20715,129.54
20730,129.54
20747,129.54
20762,127.00
20779,127.00
20794,127.00
20809,116.84
20826,114.30
20841,116.84
20857,48.26
20873,40.64
20888,38.10
20904,71.12
20920,114.30
20936,114.30
20952,63.50
20967,43.18
20983,40.64
20999,40.64
21015,111.76
21030,114.30
21046,114.30
21062,111.76
21078,111.76
21094,111.76
21109,114.30
21126,114.30
21141,114.30
21156,114.30
-1,-1
22172,114.30
22189,114.30
22204,114.30
22220,114.30
22236,114.30
22252,114.30
22267,114.30
22283,116.84
22299,114.30
22315,114.30
22331,114.30
22346,114.30
22362,114.30
22378,116.84
22393,114.30
22410,114.30
22425,114.30
22441,114.30
22457,114.30
22472,114.30
22489,114.30
22504,114.30
22520,114.30
22536,114.30
22552,114.30
22567,114.30
22583,116.84
22599,116.84
22615,114.30
22631,116.84
22646,114.30
22662,116.84
22678,114.30
22693,116.84
22710,116.84
22725,116.84
22742,116.84
22757,116.84
22772,114.30
22789,114.30
22804,127.00
22820,127.00
22836,127.00
22851,132.08
22867,132.08
22883,134.62
22899,119.38
22915,116.84
22931,116.84
22946,134.62
22962,157.48
22978,160.02
22993,137.16
23010,129.54
23025,132.08
23041,134.62
23057,160.02
23072,160.02
23089,160.02
23104,160.02
23120,160.02
23136,160.02
23151,160.02
23168,160.02
23183,160.02
23199,160.02
23215,160.02
23230,160.02
23246,160.02
23262,160.02
23278,160.02
23293,60.96
23309,53.34
23325,50.80
23341,50.80
23357,53.34
23372,53.34
23388,50.80
23404,50.80
23419,50.80
23436,50.80
23451,50.80
23467,50.80
23483,50.80
23498,50.80
23514,50.80
23530,50.80
23545,50.80
23562,53.34
23577,50.80
23592,50.80
23609,50.80
23624,50.80
23640,50.80
23656,48.26
23671,48.26
23688,50.80
23703,50.80
23718,50.80
23735,50.80
23750,50.80
23766,50.80
23782,50.80
23797,50.80
23814,50.80
23829,50.80
23844,50.80
23861,50.80
23876,50.80
23891,50.80
23908,50.80
23923,53.34
23940,53.34
23955,50.80
23970,50.80
23987,50.80
24002,50.80
24017,50.80
24034,50.80
24049,50.80
24066,50.80
24081,50.80
24096,50.80
24113,50.80
24128,50.80
24143,53.34
24160,50.80
24175,53.34
24192,137.16
24207,157.48
24222,157.48
24239,160.02
24254,157.48
24270,157.48
24286,134.62
24301,129.54
24317,129.54
24333,127.00
24349,127.00
24365,127.00
24381,129.54
24396,154.94
24412,154.94
24428,152.40
24443,129.54
24460,129.54
24475,127.00
24492,127.00
24507,127.00
24522,127.00
24539,116.84
24554,114.30
24570,114.30
24586,121.92
24601,124.46
24617,124.46
24633,114.30
24649,111.76
24665,114.30
24681,111.76
24696,109.22
24712,109.22
24728,111.76
24743,111.76
24760,111.76
24775,111.76
24792,109.22
24807,109.22
24822,109.22
24839,109.22
24854,109.22
-1,-1
25870,109.22
25886,109.22
25902,111.76
25917,109.22
25933,109.22
25949,109.22
25965,109.22
25980,109.22
25997,109.22
26012,109.22
26028,109.22
26044,109.22
26059,109.22
26076,109.22
26091,109.22
26107,109.22
26123,109.22
26138,109.22
26155,109.22
26170,109.22
26186,109.22
26202,109.22
26218,111.76
26233,111.76
26249,111.76
26265,111.76
26280,109.22
26297,109.22
26312,109.22
26328,111.76
26344,111.76
26359,111.76
26376,111.76
26391,111.76
26407,111.76
26423,114.30
26438,111.76
26455,111.76
26470,121.92
26486,124.46
26502,124.46
26518,124.46
26533,124.46
26549,124.46
26565,127.00
26580,127.00
26597,127.00
26612,127.00
26628,154.94
26644,157.48
26659,157.48
26676,129.54
26691,127.00
26707,127.00
26723,152.40
26738,157.48
26755,160.02
26770,157.48
26786,157.48
26802,157.48
26817,73.66
26833,58.42
26849,58.42
26865,55.88
26881,53.34
26896,50.80
26912,50.80
26928,50.80
26943,53.34
26959,50.80
26975,50.80
26991,50.80
27006,53.34
27022,50.80
27038,50.80
27054,50.80
27069,50.80
27085,50.80
27101,50.80
27117,50.80
27132,50.80
27148,53.34
27164,50.80
27180,50.80
27195,50.80
27211,50.80
27227,50.80
27243,50.80
27258,50.80
27274,53.34
27290,53.34
27305,53.34
27321,50.80
27337,50.80
27353,50.80
27369,53.34
27384,50.80
27400,50.80
27416,50.80
27431,50.80
27447,53.34
27463,50.80
27479,50.80
27495,50.80
27510,50.80
27526,50.80
27542,50.80
27557,50.80
27573,50.80
27589,50.80
27604,50.80
27621,50.80
27636,50.80
27652,50.80
27668,106.68
27683,114.30
27700,114.30
27715,147.32
27730,160.02
27747,160.02
27762,160.02
27779,160.02
27794,160.02
27809,162.56
27826,160.02
27841,160.02
27857,160.02
27873,160.02
27889,160.02
27905,160.02
27920,160.02
27936,160.02
27952,160.02
27968,132.08
27983,132.08
27999,132.08
28015,152.40
28030,160.02
28047,160.02
28062,121.92
28079,116.84
28094,119.38
28109,124.46
28126,127.00
28141,127.00
28157,116.84
28173,114.30
28189,114.30
28205,116.84
28220,114.30
28236,114.30
28252,114.30
28268,116.84
28283,114.30
28299,114.30
28315,114.30
28331,114.30
28347,114.30
28362,111.76
28379,111.76
28394,111.76
28409,116.84
28426,114.30
28441,114.30
28457,114.30
28473,114.30
28489,114.30
28505,114.30
28520,114.30
28536,114.30
28552,114.30
-1,-1
29568,114.30
29584,114.30
29599,114.30
29616,114.30
29631,114.30
29646,116.84
29663,114.30
29678,114.30
29694,116.84
29710,114.30
29725,114.30
29742,114.30
29757,116.84
29773,114.30
29789,114.30
29805,114.30
29820,114.30
29836,114.30
29852,111.76
29868,111.76
29884,111.76
29899,114.30
29916,114.30
29931,114.30
29946,114.30
29963,116.84
29978,114.30
29995,116.84
30010,114.30
30025,114.30
30042,114.30
30057,114.30
30073,114.30
30089,114.30
30105,114.30
30120,114.30
30136,114.30
30152,114.30
30168,114.30
30184,114.30
30199,114.30
30216,114.30
30231,114.30
30246,116.84
30263,116.84
30278,116.84
30295,124.46
30310,127.00
30325,127.00
30342,129.54
30357,132.08
30373,132.08
30389,132.08
30405,157.48
30420,160.02
30436,160.02
30452,160.02
30468,162.56
30484,160.02
30499,160.02
30515,160.02
30531,160.02
30546,160.02
30563,160.02
30578,160.02
30595,160.02
30610,160.02
30625,160.02
30642,160.02
30657,160.02
30673,160.02
30689,76.20
30704,53.34
30721,50.80
30736,53.34
30752,53.34
30768,55.88
30783,53.34
30799,53.34
30815,50.80
30830,50.80
30846,50.80
30862,50.80
30878,50.80
30894,50.80
30909,50.80
30925,50.80
30941,50.80
30956,50.80
30972,50.80
30988,50.80
31004,50.80
31020,50.80
31035,50.80
31051,48.26
31067,48.26
31082,50.80
31098,50.80
31114,50.80
31130,53.34
31145,50.80
31161,50.80
31177,50.80
31193,50.80
31209,50.80
31224,50.80
31240,50.80
31256,53.34
31271,50.80
31287,50.80
31303,50.80
31319,50.80
31335,50.80
31350,50.80
31366,50.80
31382,50.80
31397,50.80
31413,50.80
31429,50.80
31444,50.80
31461,50.80
31476,50.80
31492,50.80
31508,50.80
31523,50.80
31539,50.80
31555,50.80
31570,53.34
31587,101.60
31602,154.94
31618,154.94
31634,58.42
31649,43.18
31666,38.10
31681,43.18
31696,152.40
31713,154.94
31728,154.94
31745,127.00
31760,127.00
31775,127.00
31792,132.08
31807,129.54
31823,129.54
31839,152.40
31854,160.02
31870,160.02
31886,129.54
31902,124.46
31918,127.00
31934,114.30
31949,111.76
31965,111.76
31981,114.30
31996,114.30
32013,114.30
32028,114.30
32045,111.76
32060,111.76
32075,114.30
32092,111.76
32107,111.76
32123,114.30
32139,114.30
32154,114.30
32171,111.76
32186,109.22
32202,109.22
32218,109.22
32234,111.76
32249,109.22
-1,-1
33265,109.22
33281,109.22
33297,109.22
33312,111.76
33329,109.22
33344,109.22
33360,109.22
33376,109.22
33391,109.22
33408,109.22
33423,109.22
33439,109.22
33455,109.22
33471,111.76
33486,109.22
33502,109.22
33518,109.22
33533,111.76
33550,109.22
33565,109.22
33581,109.22
33597,109.22
33612,109.22
33629,109.22
33644,109.22
33660,109.22
33676,109.22
33691,109.22
33708,109.22
33723,111.76
33739,111.76
33755,111.76
33771,111.76
33786,111.76
33802,111.76
33818,114.30
33833,111.76
33850,111.76
33865,114.30
33881,124.46
33897,124.46
33912,124.46
33929,127.00
33944,127.00
33960,127.00
33976,152.40
33991,157.48
34008,157.48
34023,132.08
34039,129.54
34055,129.54
34071,142.24
34086,154.94
34102,157.48
34118,160.02
34134,160.02
34150,160.02
34165,81.28
34181,55.88
34197,53.34
34212,55.88
34229,53.34
34244,53.34
34259,53.34
34276,53.34
34291,50.80
34307,50.80
34323,50.80
34338,50.80
34355,50.80
34370,50.80
34385,50.80
34402,50.80
34417,53.34
34433,50.80
34449,53.34
34464,50.80
34481,50.80
34496,50.80
34511,50.80
34528,50.80
34543,50.80
34558,50.80
34575,53.34
34590,50.80
34607,50.80
34622,50.80
34637,53.34
34654,53.34
34669,50.80
34684,50.80
34701,50.80
34716,50.80
34733,50.80
34748,50.80
34763,53.34
34780,53.34
34795,53.34
34810,50.80
34827,50.80
34842,50.80
34859,50.80
34874,50.80
34889,53.34
34906,50.80
34921,50.80
34936,50.80
34953,50.80
34968,50.80
34984,50.80
35000,50.80
35015,53.34
35032,50.80
35047,50.80
35062,53.34
35079,53.34
35094,53.34
35110,81.28
35126,154.94
35141,157.48
35158,157.48
35173,160.02
35189,157.48
35205,157.48
35221,160.02
35236,160.02
35252,160.02
35268,160.02
35283,160.02
35300,160.02
35315,137.16
35331,134.62
35347,134.62
35362,147.32
35379,160.02
35394,160.02
35410,137.16
35426,132.08
35441,132.08
35458,121.92
35473,116.84
35489,116.84
35505,116.84
35520,114.30
35536,116.84
35552,114.30
35568,114.30
35584,114.30
35600,116.84
35615,114.30
35631,114.30
35647,114.30
35662,114.30
35679,116.84
35694,114.30
35709,111.76
35726,111.76
35741,111.76
35758,111.76
35773,111.76
35789,111.76
35805,114.30
35820,116.84
35836,116.84
35852,114.30
35868,114.30
35884,114.30
35900,114.30
35915,116.84
35931,116.84
35947,114.30
-1,-1
36963,114.30
36978,116.84
36995,114.30
37010,114.30
37026,114.30
37042,116.84
37057,111.76
37073,111.76
37089,111.76
37105,114.30
37121,116.84
37136,116.84
37152,114.30
37168,114.30
37184,114.30
37199,114.30
37216,116.84
37231,114.30
37246,114.30
37263,114.30
37278,114.30
37295,114.30
37310,114.30
37326,114.30
37342,114.30
37357,114.30
37373,114.30
37389,114.30
37405,114.30
37421,116.84
37436,116.84
37452,114.30
37468,114.30
37484,116.84
37499,114.30
37516,114.30
37531,114.30
37547,114.30
37563,114.30
37578,114.30
37595,116.84
37610,114.30
37626,114.30
37642,114.30
37657,114.30
37673,114.30
37689,116.84
37705,119.38
37721,116.84
37736,119.38
37752,129.54
37768,129.54
37784,132.08
37799,154.94
37816,160.02
37831,160.02
37847,160.02
37863,160.02
37878,160.02
37895,160.02
37910,160.02
37925,160.02
37942,160.02
37957,160.02
37974,160.02
37989,160.02
38005,160.02
38021,160.02
38036,152.40
38052,116.84
38068,116.84
38084,96.52
38099,53.34
38115,50.80
38131,50.80
38147,50.80
38163,50.80
38178,50.80
38194,50.80
38210,50.80
38225,50.80
38241,50.80
38257,50.80
38273,50.80
38289,50.80
38304,50.80
38320,53.34
38336,50.80
38351,50.80
38367,50.80
38383,50.80
38398,50.80
38415,50.80
38430,53.34
38446,50.80
38462,50.80
38477,50.80
38493,48.26
38509,48.26
38524,48.26
38541,50.80
38556,50.80
38572,50.80
38588,50.80
38603,50.80
38619,50.80
38635,50.80
38650,50.80
38667,50.80
38682,50.80
38697,50.80
38714,50.80
38729,50.80
38745,50.80
38761,50.80
38776,50.80
38793,50.80
38808,50.80
38823,50.80
38840,50.80
38855,50.80
38871,50.80
38887,50.80
38902,50.80
38919,53.34
38934,50.80
38949,50.80
38966,53.34
38981,53.34
38996,149.86
39013,157.48
39028,157.48
39045,157.48
39060,157.48
39076,154.94
39092,129.54
39107,127.00
39123,129.54
39139,132.08
39155,129.54
39171,129.54
39187,127.00
39202,129.54
39218,127.00
39234,129.54
39249,127.00
39266,127.00
39281,127.00
39297,124.46
39313,124.46
39328,119.38
39345,111.76
39360,114.30
39376,114.30
39392,111.76
39407,111.76
39424,114.30
39439,114.30
39455,111.76
39471,114.30
39486,111.76
39502,109.22
39518,109.22
39534,111.76
39549,109.22
39566,109.22
39581,111.76
39597,109.22
39613,109.22
39628,109.22
39645,109.22
-1,-1
40660,109.22
40676,109.22
40692,109.22
40708,109.22
40723,111.76
40739,109.22
40755,109.22
40771,109.22
40786,109.22
40803,109.22
40818,109.22
40834,109.22
40850,109.22
40865,109.22
40882,109.22
40897,109.22
40913,109.22
40929,109.22
40944,109.22
40961,109.22
40976,109.22
40992,109.22
41008,109.22
41023,109.22
41039,109.22
41055,109.22
41071,109.22
41086,109.22
41103,109.22
41118,111.76
41134,111.76
41150,111.76
41165,111.76
41182,111.76
41197,111.76
41213,111.76
41229,111.76
41244,114.30
41261,111.76
41276,124.46
41292,127.00
41308,127.00
41323,144.78
41339,157.48
41355,160.02
41371,134.62
41387,129.54
41403,129.54
41418,127.00
41434,127.00
41450,127.00
41465,129.54
41482,157.48
41497,157.48
41513,157.48
41529,157.48
41544,157.48
41561,157.48
41576,116.84
41592,116.84
41608,116.84
41623,55.88
41639,50.80
41655,50.80
41671,50.80
41687,53.34
41702,50.80
41718,50.80
41734,50.80
41749,50.80
41765,50.80
41781,50.80
41797,50.80
41812,50.80
41828,50.80
41844,53.34
41860,50.80
41875,50.80
41891,50.80
41907,50.80
41923,50.80
41938,50.80
41954,53.34
41970,50.80
41986,50.80
42001,50.80
42017,50.80
42033,50.80
42049,50.80
42064,53.34
42080,53.34
42096,50.80
42112,50.80
42127,50.80
42143,50.80
42159,50.80
42175,50.80
42190,50.80
42206,50.80
42222,50.80
42237,50.80
42253,50.80
42269,50.80
42285,50.80
42301,50.80
42316,50.80
42332,50.80
42348,50.80
42363,50.80
42379,50.80
42395,50.80
42411,50.80
42427,50.80
42442,50.80
42458,63.50
42474,111.76
42489,111.76
42506,111.76
42521,157.48
42536,160.02
42553,160.02
42568,160.02
42585,160.02
42600,160.02
42615,160.02
42632,160.02
42647,160.02
42663,160.02
42679,160.02
42694,160.02
42711,160.02
42726,160.02
42742,160.02
42758,160.02
42774,160.02
42789,160.02
42805,154.94
42821,132.08
42836,132.08
42853,129.54
42868,119.38
42884,119.38
42900,119.38
42915,114.30
42932,114.30
42947,114.30
42963,116.84
42979,114.30
42994,114.30
43011,116.84
43026,116.84
43042,114.30
43058,114.30
43074,116.84
43089,114.30
43105,116.84
43121,114.30
43137,114.30
43153,114.30
43168,114.30
43184,114.30
43200,114.30
43215,114.30
43232,114.30
43247,114.30
43264,114.30
43279,114.30
43294,116.84
43311,116.84
43326,116.84
43342,114.30
-1,-1
44358,114.30
44374,114.30
44390,116.84
44405,114.30
44421,116.84
44437,114.30
44452,111.76
44469,111.76
44484,111.76
44499,114.30
44516,114.30
44531,114.30
44548,114.30
44563,114.30
44579,114.30
44595,114.30
44610,111.76
44626,111.76
44642,111.76
44658,114.30
44674,116.84
44690,116.84
44705,114.30
44721,114.30
44737,114.30
44752,114.30
44769,114.30
44784,114.30
44800,114.30
44816,111.76
44831,111.76
44848,114.30
44863,114.30
44879,114.30
44895,114.30
44910,114.30
44926,114.30
44942,114.30
44958,114.30
44974,114.30
44990,116.84
45005,114.30
45021,114.30
45037,114.30
45052,114.30
45069,114.30
45084,114.30
45100,127.00
45116,127.00
45131,129.54
45148,132.08
45163,132.08
45179,132.08
45195,139.70
45210,160.02
45227,160.02
45242,160.02
45258,160.02
45274,160.02
45289,160.02
45305,157.48
45321,160.02
45337,160.02
45352,160.02
45369,160.02
45384,160.02
45400,160.02
45416,160.02
45431,160.02
45448,121.92
45463,114.30
45479,114.30
45495,63.50
45510,55.88
45527,53.34
45542,53.34
45557,50.80
45574,50.80
45589,53.34
45605,50.80
45621,50.80
45636,50.80
45652,50.80
45668,50.80
45683,50.80
45700,50.80
45715,50.80
45731,50.80
45747,50.80
45762,50.80
45778,50.80
45794,50.80
45809,50.80
45826,50.80
45841,50.80
45857,50.80
45873,50.80
45888,50.80
45904,50.80
45920,50.80
45935,50.80
45952,50.80
45967,50.80
45983,50.80
45999,50.80
46014,50.80
46030,53.34
46046,50.80
46061,50.80
46077,53.34
46093,50.80
46109,53.34
46125,50.80
46140,50.80
46156,50.80
46172,50.80
46187,50.80
46203,50.80
46219,50.80
46235,50.80
46251,50.80
46266,50.80
46282,50.80
46298,50.80
46313,50.80
46329,53.34
46345,53.34
46361,53.34
46376,53.34
46392,137.16
46408,154.94
46424,154.94
46440,157.48
46455,157.48
46471,157.48
46487,157.48
46502,157.48
46519,157.48
46534,137.16
46551,129.54
46566,127.00
46581,129.54
46598,157.48
46613,157.48
46629,154.94
46645,124.46
46660,124.46
46676,124.46
46692,127.00
46708,127.00
46724,127.00
46740,114.30
46755,111.76
46771,111.76
46787,111.76
46802,111.76
46819,111.76
46834,111.76
46850,111.76
46866,109.22
46881,109.22
46898,109.22
46913,109.22
46929,109.22
46945,111.76
46960,109.22
46977,109.22
46992,109.22
47008,109.22
47024,109.22
47040,109.22
-1,-1
48056,111.76
48071,111.76
48087,109.22
48103,109.22
48118,109.22
48135,109.22
48150,109.22
48166,109.22
48182,109.22
48197,111.76
48214,111.76
48229,109.22
48245,109.22
48261,109.22
48276,109.22
48292,109.22
48308,109.22
48324,109.22
48339,109.22
48356,109.22
48371,109.22
48387,109.22
48403,109.22
48418,111.76
48435,111.76
48450,111.76
48466,111.76
48482,109.22
48497,109.22
48514,111.76
48529,111.76
48545,111.76
48561,111.76
48576,114.30
48592,114.30
48608,111.76
48624,114.30
48640,114.30
48656,114.30
48671,124.46
48687,127.00
48703,127.00
48718,127.00
48735,127.00
48750,127.00
48766,127.00
48782,129.54
48797,129.54
48814,129.54
48829,154.94
48845,157.48
48861,157.48
48876,129.54
48892,129.54
48908,129.54
48924,58.42
48940,55.88
48955,55.88
48971,53.34
48987,53.34
49003,55.88
49018,53.34
49034,50.80
49050,50.80
49065,50.80
49081,53.34
49097,50.80
49113,50.80
49129,50.80
49144,50.80
49160,50.80
49176,50.80
49191,50.80
49207,50.80
49223,50.80
49239,50.80
49255,50.80
49270,50.80
49286,50.80
49302,53.34
49317,50.80
49333,50.80
49349,50.80
49364,50.80
49381,48.26
49396,48.26
49412,50.80
49428,50.80
49443,50.80
49459,50.80
49475,50.80
49490,50.80
49507,53.34
49522,50.80
49538,50.80
49554,53.34
49569,50.80
49586,50.80
49601,53.34
49616,50.80
49633,50.80
49648,50.80
49664,50.80
49680,50.80
49695,50.80
49712,50.80
49727,50.80
49742,50.80
49759,50.80
49774,53.34
49789,50.80
49806,50.80
49821,50.80
49838,50.80
49853,50.80
49868,106.68
49885,114.30
49900,111.76
49916,147.32
49932,157.48
49947,157.48
49964,160.02
49979,160.02
49995,160.02
50011,160.02
50026,160.02
50042,160.02
50058,160.02
50074,160.02
50089,160.02
50106,160.02
50121,160.02
50137,160.02
50153,160.02
50168,160.02
50185,160.02
50200,160.02
50215,132.08
50232,129.54
50247,132.08
50264,119.38
50279,116.84
50295,119.38
50311,116.84
50326,116.84
50342,116.84
50358,116.84
50374,114.30
50390,114.30
50406,114.30
50421,114.30
50437,116.84
50453,114.30
50468,114.30
50485,114.30
50500,114.30
50515,116.84
50532,114.30
50547,114.30
50564,111.76
50579,111.76
50595,111.76
50611,114.30
50626,114.30
50642,114.30
50658,114.30
50674,114.30
50690,114.30
50705,114.30
50721,114.30
50737,114.30
-1,-1
51752,114.30
51769,116.84
51784,114.30
51801,114.30
51816,116.84
51832,114.30
51848,116.84
51863,116.84
51879,116.84
51895,116.84
51911,114.30
51927,114.30
51942,114.30
51958,114.30
51974,114.30
51990,114.30
52005,114.30
52022,114.30
52037,116.84
52052,114.30
52069,114.30
52084,114.30
52101,114.30
52116,114.30
52131,114.30
52148,114.30
52163,114.30
52179,114.30
52195,114.30
52211,111.76
52227,111.76
52242,114.30
52258,114.30
52274,114.30
52290,114.30
52305,116.84
52322,116.84
52337,116.84
52353,114.30
52369,114.30
52384,114.30
52401,114.30
52416,114.30
52431,114.30
52448,127.00
52463,129.54
52480,129.54
52495,129.54
52511,129.54
52527,129.54
52542,132.08
52558,160.02
52574,160.02
52590,160.02
52605,160.02
52621,160.02
52637,160.02
52653,160.02
52669,160.02
52684,160.02
52701,160.02
52716,160.02
52731,160.02
52748,160.02
52763,160.02
52780,160.02
52795,160.02
52810,160.02
52827,160.02
52842,129.54
52858,119.38
52874,119.38
52890,68.58
52905,53.34
52921,50.80
52937,50.80
52953,50.80
52968,50.80
52984,50.80
53000,50.80
53016,50.80
53031,50.80
53047,50.80
53063,50.80
53079,53.34
53094,50.80
53110,50.80
53126,53.34
53142,50.80
53157,50.80
53173,50.80
53189,50.80
53204,50.80
53220,50.80
53236,50.80
53252,48.26
53268,48.26
53283,50.80
53299,50.80
53315,50.80
53330,50.80
53346,50.80
53362,50.80
53378,50.80
53394,50.80
53409,50.80
53425,50.80
53441,50.80
53456,50.80
53472,50.80
53488,50.80
53504,50.80
53520,50.80
53535,50.80
53551,50.80
53567,50.80
53582,50.80
53598,50.80
53614,50.80
53629,50.80
53646,50.80
53661,50.80
53677,50.80
53693,50.80
53708,50.80
53724,50.80
53740,53.34
53755,53.34
53772,53.34
53787,106.68
53803,154.94
53819,157.48
53834,137.16
53851,127.00
53866,127.00
53882,127.00
53898,127.00
53913,127.00
53929,127.00
53945,127.00
53961,127.00
53977,127.00
53992,129.54
54008,129.54
54024,129.54
54040,127.00
54055,124.46
54072,124.46
54087,124.46
54103,124.46
54119,124.46
54134,116.84
54151,114.30
54166,116.84
54181,114.30
54198,111.76
54213,111.76
54230,111.76
54245,111.76
54261,111.76
54277,111.76
54292,111.76
54308,111.76
54324,111.76
54340,109.22
54355,111.76
54371,109.22
54387,109.22
54403,111.76
54419,109.22
54434,109.22
-1,-1
55450,109.22
55467,109.22
55482,111.76
55497,109.22
55514,111.76
55529,109.22
55545,109.22
55561,111.76
55577,109.22
55592,109.22
55608,109.22
55624,109.22
55640,109.22
55656,109.22
55671,109.22
55688,109.22
55703,109.22
55718,109.22
55735,109.22
55750,109.22
55767,111.76
55782,109.22
55797,109.22
55814,109.22
55829,109.22
55845,109.22
55861,109.22
55877,111.76
55892,111.76
55908,111.76
55924,111.76
55940,111.76
55956,111.76
55971,111.76
55988,111.76
56003,111.76
56018,119.38
56035,124.46
56050,124.46
56067,124.46
56082,124.46
56097,124.46
56114,124.46
56129,127.00
56145,127.00
56161,127.00
56177,127.00
56193,127.00
56208,127.00
56224,129.54
56240,129.54
56256,129.54
56271,144.78
56287,157.48
56303,157.48
56318,160.02
56335,157.48
56350,157.48
56367,134.62
56382,116.84
56397,116.84
56414,78.74
56429,58.42
56445,53.34
56461,53.34
56476,50.80
56493,50.80
56508,53.34
56524,50.80
56540,50.80
56555,50.80
56571,50.80
56587,50.80
56602,50.80
56619,50.80
56634,50.80
56650,50.80
56666,50.80
56681,50.80
56697,50.80
56713,50.80
56728,50.80
56744,50.80
56760,50.80
56775,50.80
56792,50.80
56807,50.80
56823,50.80
56839,50.80
56854,50.80
56870,50.80
56886,50.80
56901,50.80
56918,50.80
56933,50.80
56949,53.34
56965,50.80
56980,50.80
56996,53.34
57012,50.80
57028,50.80
57043,50.80
57059,50.80
57075,50.80
57091,50.80
57106,53.34
57122,50.80
57138,50.80
57154,50.80
57169,50.80
57185,50.80
57201,50.80
57217,50.80
57232,50.80
57248,50.80
57264,91.44
57280,111.76
57295,111.76
57311,127.00
57327,160.02
57342,157.48
57359,160.02
57374,160.02
57390,160.02
57406,160.02
57421,160.02
57438,160.02
57453,160.02
57469,160.02
57485,160.02
57500,160.02
57517,160.02
57532,160.02
57548,160.02
57564,162.56
57579,160.02
57595,160.02
57611,132.08
57627,127.00
57643,129.54
57659,129.54
57674,129.54
57690,129.54
57706,124.46
57721,114.30
57738,116.84
57753,114.30
57769,114.30
57785,116.84
57800,116.84
57817,114.30
57832,114.30
57848,114.30
57864,116.84
57879,114.30
57895,114.30
57911,114.30
57927,114.30
57943,116.84
57959,114.30
57974,114.30
57990,114.30
58006,116.84
58021,114.30
58038,114.30
58053,114.30
58070,114.30
58085,116.84
58100,116.84
58117,114.30
58132,114.30
-1,-1
59148,114.30
59164,114.30
59180,114.30
59196,114.30
59211,114.30
59227,116.84
59243,114.30
59258,114.30
59275,114.30
59290,116.84
59305,114.30
59322,114.30
59337,114.30
59354,114.30
59369,114.30
59385,114.30
59401,114.30
59416,114.30
59432,116.84
59448,114.30
59464,114.30
59480,114.30
59496,114.30
59511,114.30
59527,114.30
59543,114.30
59558,114.30
59575,114.30
59590,114.30
59606,114.30
59622,114.30
59637,114.30
59654,114.30
59669,114.30
59685,114.30
59701,114.30
59716,114.30
59732,114.30
59748,114.30
59764,114.30
59780,114.30
59796,116.84
59811,116.84
59827,116.84
59843,121.92
59858,127.00
59875,127.00
59890,129.54
59906,129.54
59922,129.54
59937,129.54
59954,132.08
59969,129.54
59985,129.54
60001,154.94
60016,160.02
60033,160.02
60048,160.02
60064,160.02
60080,160.02
60095,160.02
60111,160.02
60127,160.02
60143,160.02
60158,160.02
60175,160.02
60190,132.08
60206,116.84
60222,114.30
60237,78.74
60254,58.42
60269,55.88
60284,53.34
60301,50.80
60316,50.80
60332,50.80
60348,50.80
60363,50.80
60380,50.80
60395,50.80
60410,50.80
60427,53.34
60442,50.80
60457,50.80
60474,50.80
60489,50.80
60506,50.80
60521,50.80
60536,50.80
60553,50.80
60568,50.80
60583,50.80
60600,50.80
60615,50.80
60632,50.80
60647,50.80
60662,50.80
60679,50.80
60694,48.26
60710,50.80
60726,48.26
60741,50.80
60758,50.80
60773,50.80
60788,50.80
60805,50.80
60820,50.80
60836,50.80
60852,50.80
60867,53.34
60883,50.80
60899,53.34
60914,53.34
60931,50.80
60946,50.80
60962,50.80
60978,50.80
60993,50.80
61009,50.80
61025,50.80
61040,50.80
61057,50.80
61072,50.80
61088,50.80
61104,50.80
61119,50.80
61135,78.74
61151,114.30
61166,114.30
61182,119.38
61198,157.48
61214,160.02
61230,160.02
61246,129.54
61261,129.54
61277,129.54
61293,154.94
61308,157.48
61325,157.48
61340,129.54
61357,127.00
61372,127.00
61387,127.00
61404,124.46
61419,124.46
61435,127.00
61451,127.00
61466,127.00
61483,124.46
61498,124.46
61514,124.46
61530,119.38
61546,111.76
61561,111.76
61577,111.76
61593,111.76
61608,111.76
61625,111.76
61640,109.22
61656,109.22
61672,109.22
61687,111.76
61704,111.76
61719,111.76
61735,111.76
61751,109.22
61766,111.76
61783,109.22
61798,109.22
61814,109.22
61830,111.76
-1,-1
62845,109.22
62862,109.22
62877,109.22
62893,111.76
62909,111.76
62924,109.22
62941,109.22
62956,109.22
62972,111.76
62988,109.22
63003,109.22
63020,109.22
63035,109.22
63051,109.22
63067,109.22
63083,109.22
63098,109.22
63114,109.22
63130,109.22
63145,109.22
63162,109.22
63177,109.22
63193,109.22
63209,109.22
63224,109.22
63241,109.22
63256,109.22
63272,109.22
63288,109.22
63303,109.22
63320,111.76
63335,111.76
63351,111.76
63367,114.30
63383,124.46
63398,124.46
63414,124.46
63430,111.76
63446,111.76
63462,111.76
63477,127.00
63493,129.54
63509,127.00
63524,127.00
63541,127.00
63556,127.00
63572,127.00
63588,127.00
63603,127.00
63620,127.00
63635,127.00
63651,127.00
63667,129.54
63683,154.94
63698,157.48
63714,157.48
63730,154.94
63746,154.94
63762,157.48
63777,116.84
63793,116.84
63809,109.22
63824,60.96
63841,55.88
63856,55.88
63872,53.34
63888,50.80
63903,50.80
63920,50.80
63935,50.80
63950,50.80
63967,50.80
63982,53.34
63997,50.80
64014,53.34
64029,50.80
64046,50.80
64061,50.80
64076,48.26
64093,48.26
64108,48.26
64123,48.26
64140,48.26
64155,48.26
64172,50.80
64187,50.80
64202,50.80
64219,50.80
64234,50.80
64249,50.80
64266,50.80
64281,48.26
64297,48.26
64313,50.80
64328,50.80
64345,50.80
64360,50.80
64375,50.80
64392,50.80
64407,50.80
64423,50.80
64439,53.34
64454,50.80
64471,50.80
64486,50.80
64501,50.80
64518,50.80
64533,50.80
64549,50.80
64565,50.80
64580,50.80
64596,50.80
64612,50.80
64627,50.80
64644,50.80
64659,53.34
64675,53.34
64691,53.34
64706,53.34
64722,149.86
64738,160.02
64754,160.02
64770,160.02
64785,160.02
64801,160.02
64817,160.02
64833,160.02
64848,160.02
64864,160.02
64880,160.02
64896,160.02
64912,160.02
64927,160.02
64944,160.02
64959,142.24
64974,132.08
64991,132.08
65006,129.54
65022,129.54
65038,132.08
65053,132.08
65070,129.54
65085,129.54
65101,129.54
65117,129.54
65133,129.54
65148,129.54
65164,116.84
65180,116.84
65196,116.84
65212,114.30
65227,114.30
65244,114.30
65259,116.84
65274,116.84
65291,114.30
65306,114.30
65323,111.76
65338,111.76
65353,114.30
65370,114.30
65385,114.30
65401,116.84
65417,114.30
65433,114.30
65448,114.30
65464,114.30
65480,114.30
65496,114.30
65512,114.30
65527,114.30
-1,-1
66543,114.30
66560,114.30
66575,114.30
66590,116.84
66607,114.30
66622,114.30
66638,114.30
66654,114.30
66669,114.30
66685,114.30
66701,114.30
66717,116.84
66733,116.84
66749,114.30
66764,114.30
66780,114.30
66796,114.30
66811,114.30
66828,114.30
66843,114.30
66860,114.30
66875,114.30
66890,114.30
66907,114.30
66922,114.30
66938,116.84
66954,111.76
66970,111.76
66985,111.76
67001,114.30
67017,114.30
67033,111.76
67049,114.30
67064,114.30
67080,114.30
67096,114.30
67111,114.30
67128,114.30
67143,121.92
67160,129.54
67175,129.54
67190,129.54
67207,127.00
67222,127.00
67238,127.00
67254,116.84
67269,116.84
67286,116.84
67301,149.86
67317,157.48
67333,157.48
67349,132.08
67364,132.08
67380,129.54
67396,147.32
67411,157.48
67428,157.48
67443,160.02
67460,160.02
67475,160.02
67490,160.02
67507,160.02
67522,160.02
67538,160.02
67554,160.02
67569,160.02
67586,160.02
67601,160.02
67617,160.02
67633,152.40
67649,55.88
67664,50.80
67680,53.34
67696,50.80
67712,50.80
67727,50.80
67743,50.80
67759,50.80
67775,50.80
67790,50.80
67806,50.80
67822,50.80
67837,50.80
67853,50.80
67869,50.80
67885,50.80
67901,50.80
67916,50.80
67932,50.80
67948,50.80
67963,53.34
67979,50.80
67995,50.80
68011,50.80
68027,50.80
68042,50.80
68058,50.80
68074,50.80
68089,50.80
68105,50.80
68121,50.80
68136,50.80
68153,50.80
68168,50.80
68184,50.80
68200,50.80
68215,50.80
68231,50.80
68247,50.80
68262,53.34
68279,50.80
68294,50.80
68310,50.80
68326,50.80
68341,50.80
68357,50.80
68373,50.80
68388,50.80
68405,50.80
68420,50.80
68435,50.80
68452,50.80
68467,53.34
68483,53.34
68499,53.34
68514,50.80
68531,55.88
68546,55.88
68561,55.88
68578,55.88
68593,142.24
68609,154.94
68625,157.48
68640,129.54
68657,124.46
68672,124.46
68688,127.00
68704,127.00
68719,127.00
68736,127.00
68751,127.00
68767,127.00
68783,129.54
68799,129.54
68814,127.00
68830,127.00
68846,124.46
68861,127.00
68878,124.46
68893,127.00
68909,124.46
68925,127.00
68940,114.30
68957,114.30
68972,114.30
68988,111.76
69004,111.76
69019,111.76
69036,111.76
69051,109.22
69067,109.22
69083,109.22
69098,109.22
69114,109.22
69130,109.22
69146,109.22
69161,109.22
69178,109.22
69193,109.22
69209,109.22
69225,109.22
-1,-1
70241,109.22
70256,109.22
70273,109.22
70288,109.22
70304,109.22
70320,109.22
70335,111.76
70351,109.22
70367,109.22
70383,109.22
70398,109.22
70415,109.22
70430,109.22
70446,111.76
70462,109.22
70477,109.22
70494,109.22
70509,109.22
70524,111.76
70541,111.76
70556,109.22
70573,109.22
70588,111.76
70604,109.22
70620,109.22
70635,109.22
70651,109.22
70667,111.76
70683,111.76
70699,111.76
70715,111.76
70730,111.76
70746,111.76
70762,111.76
70777,111.76
70794,111.76
70809,111.76
70824,111.76
70841,111.76
70856,111.76
70873,121.92
70888,121.92
70904,124.46
70920,124.46
70935,124.46
70951,124.46
70967,124.46
70983,127.00
70999,127.00
71015,129.54
71030,127.00
71046,127.00
71062,127.00
71077,154.94
71094,157.48
71109,152.40
71124,58.42
71141,53.34
71156,53.34
71173,53.34
71188,53.34
71203,55.88
71220,53.34
71235,50.80
71251,50.80
71267,50.80
71282,50.80
71299,50.80
71314,50.80
71329,50.80
71346,50.80
71361,50.80
71377,50.80
71393,50.80
71408,53.34
71425,50.80
71440,50.80
71455,50.80
71472,50.80
71487,50.80
71503,50.80
71519,50.80
71534,50.80
71550,50.80
71566,50.80
71581,50.80
71598,50.80
71613,50.80
71629,53.34
71645,50.80
71660,50.80
71676,50.80
71692,50.80
71707,50.80
71724,50.80
71739,50.80
71755,50.80
71771,50.80
71786,50.80
71802,50.80
71818,50.80
71833,50.80
71849,50.80
71865,50.80
71881,50.80
71897,50.80
71912,50.80
71928,53.34
71944,50.80
71959,50.80
71975,50.80
71991,50.80
72007,50.80
72023,50.80
72038,50.80
72054,50.80
72070,139.70
72085,157.48
72101,157.48
72117,160.02
72133,160.02
72148,160.02
72165,162.56
72180,160.02
72196,160.02
72212,160.02
72227,160.02
72244,160.02
72259,160.02
72275,160.02
72291,160.02
72306,149.86
72323,132.08
72338,132.08
72354,132.08
72370,132.08
72385,132.08
72401,129.54
72417,116.84
72433,116.84
72449,119.38
72465,114.30
72480,114.30
72496,114.30
72512,114.30
72527,114.30
72544,114.30
72559,116.84
72574,114.30
72591,114.30
72606,116.84
72623,114.30
72638,114.30
72654,114.30
72670,116.84
72685,116.84
72701,114.30
72717,114.30
72733,114.30
72749,116.84
72764,114.30
72780,114.30
72796,114.30
72812,114.30
72827,116.84
72844,114.30
72859,114.30
72875,114.30
72891,116.84
72906,116.84
72923,114.30
-1,-1
73938,114.30
73954,114.30
73970,114.30
73986,114.30
74001,116.84
74017,114.30
74033,116.84
74049,114.30
74064,114.30
74081,114.30
74096,114.30
74112,111.76
74128,111.76
74143,111.76
74160,114.30
74175,114.30
74190,114.30
74207,116.84
74222,114.30
74238,114.30
74254,114.30
74270,111.76
74286,111.76
74301,45.72
74317,40.64
74333,40.64
74349,96.52
74364,114.30
74380,114.30
74396,114.30
74412,114.30
74428,114.30
74443,114.30
74459,114.30
74475,114.30
74490,114.30
74507,111.76
74522,111.76
74539,111.76
74554,111.76
74569,111.76
74586,114.30
74601,114.30
74617,114.30
74633,114.30
74649,114.30
74664,114.30
74680,114.30
74696,127.00
74712,132.08
74728,132.08
74743,137.16
74759,160.02
74775,160.02
74790,160.02
74807,160.02
74822,157.48
74839,157.48
74854,160.02
74869,160.02
74886,160.02
74901,160.02
74917,160.02
74933,160.02
74949,160.02
74964,160.02
74980,160.02
74996,160.02
75012,160.02
75028,160.02
75043,127.00
75059,114.30
75075,114.30
75090,63.50
75107,53.34
75122,50.80
75138,50.80
75154,50.80
75169,53.34
75186,50.80
75201,50.80
75216,50.80
75233,53.34
75248,50.80
75264,50.80
75280,50.80
75295,50.80
75312,50.80
75327,50.80
75342,50.80
75359,50.80
75374,50.80
75389,50.80
75406,50.80
75421,50.80
75438,50.80
75453,50.80
75468,53.34
75485,50.80
75500,50.80
75515,50.80
75532,50.80
75547,50.80
75564,50.80
75579,50.80
75594,50.80
75611,53.34
75626,50.80
75641,50.80
75658,50.80
75673,50.80
75689,50.80
75705,50.80
75720,50.80
75737,50.80
75752,50.80
75767,50.80
75784,50.80
75799,50.80
75815,50.80
75831,50.80
75846,50.80
75863,50.80
75878,53.34
75893,53.34
75910,53.34
75925,53.34
75941,106.68
75957,114.30
75972,114.30
75988,132.08
76004,154.94
76020,157.48
76036,134.62
76052,127.00
76067,127.00
76083,127.00
76099,127.00
76114,129.54
76131,129.54
76146,127.00
76163,127.00
76178,127.00
76193,127.00
76210,127.00
76225,127.00
76241,127.00
76257,127.00
76272,127.00
76289,124.46
76304,124.46
76320,124.46
76336,116.84
76352,114.30
76367,114.30
76383,114.30
76399,114.30
76414,111.76
76431,111.76
76446,111.76
76462,111.76
76478,111.76
76493,111.76
76510,111.76
76525,111.76
76541,109.22
76557,109.22
76572,109.22
76589,109.22
76604,109.22
76620,109.22
-1,-1
77636,106.68
77651,106.68
77668,106.68
77683,109.22
77699,109.22
77715,109.22
77730,109.22
77747,109.22
77762,106.68
77778,109.22
77794,109.22
77809,109.22
77826,109.22
77841,109.22
77857,109.22
77873,111.76
77888,109.22
77904,109.22
77920,109.22
77936,109.22
77952,109.22
77968,109.22
77983,109.22
77999,109.22
78015,109.22
78030,111.76
78047,111.76
78062,111.76
78078,111.76
78094,111.76
78109,111.76
78126,111.76
78141,111.76
78157,111.76
78173,111.76
78189,111.76
78204,114.30
78220,121.92
78236,124.46
78252,127.00
78268,127.00
78283,127.00
78299,127.00
78315,129.54
78330,154.94
78347,157.48
78362,157.48
78379,129.54
78394,129.54
78409,127.00
78426,127.00
78441,127.00
78457,127.00
78473,147.32
78488,157.48
78504,157.48
78520,121.92
78536,116.84
78552,116.84
78568,114.30
78583,114.30
78599,116.84
78615,68.58
78630,53.34
78647,53.34
78662,50.80
78678,53.34
78694,53.34
78709,50.80
78726,50.80
78741,50.80
78756,50.80
78773,50.80
78788,50.80
78803,50.80
78820,50.80
78835,50.80
78852,53.34
78867,53.34
78882,50.80
78899,50.80
78914,50.80
78929,50.80
78946,50.80
78961,50.80
78978,53.34
78993,53.34
79008,50.80
79025,48.26
79040,48.26
79055,50.80
79072,50.80
79087,50.80
79104,50.80
79119,50.80
79134,50.80
79151,53.34
79166,53.34
79181,50.80
79198,50.80
79213,50.80
79229,50.80
79245,50.80
79260,50.80
79277,50.80
79292,50.80
79307,50.80
79324,50.80
79339,50.80
79355,50.80
79371,50.80
79386,50.80
79403,53.34
79418,106.68
79434,114.30
79450,114.30
79465,129.54
79481,160.02
79497,160.02
79513,160.02
79528,160.02
79544,160.02
79560,160.02
79576,160.02
79592,160.02
79607,160.02
79624,160.02
79639,160.02
79654,162.56
79671,160.02
79686,160.02
79703,160.02
79718,160.02
79734,160.02
79750,160.02
79765,160.02
79781,160.02
79797,160.02
79813,121.92
79828,119.38
79844,119.38
79860,116.84
79876,119.38
79892,116.84
79907,116.84
79924,114.30
79939,116.84
79954,116.84
79971,114.30
79986,114.30
80003,116.84
80018,114.30
80033,116.84
80050,114.30
80065,111.76
80081,111.76
80097,111.76
80113,111.76
80129,111.76
80144,111.76
80160,111.76
80176,111.76
80192,111.76
80207,111.76
80224,111.76
80239,111.76
80254,111.76
80271,111.76
80286,111.76
80303,114.30
80318,114.30
-1,-1
81334,114.30
81350,114.30
81366,114.30
81381,114.30
81397,114.30
81413,114.30
81429,114.30
81444,114.30
81461,114.30
81476,116.84
81491,114.30
81508,114.30
81523,114.30
81540,114.30
81555,114.30
81570,116.84
81587,114.30
81602,114.30
81618,116.84
81634,116.84
81650,114.30
81666,114.30
81681,114.30
81697,114.30
81713,111.76
81729,111.76
81744,114.30
81761,114.30
81776,116.84
81792,114.30
81808,111.76
81823,111.76
81840,111.76
81855,114.30
81870,116.84
81887,116.84
81902,116.84
81918,116.84
81934,114.30
81950,114.30
81966,114.30
81981,116.84
81997,116.84
82013,116.84
82029,116.84
82044,127.00
82061,129.54
82076,129.54
82092,132.08
82108,157.48
82123,160.02
82140,160.02
82155,160.02
82170,160.02
82187,160.02
82202,160.02
82219,160.02
82234,160.02
82250,160.02
82266,160.02
82281,160.02
82297,160.02
82313,160.02
82329,160.02
82344,160.02
82360,160.02
82376,160.02
82392,160.02
82408,160.02
82423,160.02
82440,81.28
82455,53.34
82470,53.34
82487,53.34
82502,50.80
82518,53.34
82534,50.80
82549,50.80
82566,50.80
82581,50.80
82596,50.80
82613,50.80
82628,50.80
82643,53.34
82660,50.80
82675,50.80
82692,50.80
82707,50.80
82722,53.34
82739,50.80
82754,50.80
82769,50.80
82786,50.80
82801,50.80
82818,50.80
82833,50.80
82848,50.80
82865,50.80
82880,53.34
82895,48.26
82912,48.26
82927,48.26
82944,53.34
82959,50.80
82974,50.80
82991,50.80
83006,50.80
83021,50.80
83038,50.80
83053,50.80
83069,50.80
83085,50.80
83100,53.34
83117,50.80
83132,50.80
83147,50.80
83164,50.80
83179,50.80
83195,50.80
83211,50.80
83226,50.80
83243,50.80
83258,50.80
83273,50.80
83290,53.34
83305,53.34
83321,55.88
83337,53.34
83352,53.34
83368,53.34
83384,78.74
83399,157.48
83416,157.48
83431,160.02
83447,157.48
83463,157.48
83479,157.48
83494,132.08
83510,129.54
83526,129.54
83542,152.40
83558,154.94
83573,154.94
83590,129.54
83605,127.00
83620,129.54
83637,124.46
83652,127.00
83668,124.46
83684,127.00
83699,124.46
83716,124.46
83731,116.84
83747,114.30
83763,114.30
83779,114.30
83794,111.76
83810,111.76
83826,111.76
83842,114.30
83858,111.76
83873,111.76
83890,111.76
83905,111.76
83920,114.30
83937,109.22
83952,109.22
83969,109.22
83984,109.22
83999,109.22
84016,109.22
-1,-1
85031,109.22
85047,111.76
85063,111.76
85079,109.22
85095,109.22
85110,109.22
85126,109.22
85142,109.22
85157,109.22
85174,109.22
85189,109.22
85206,109.22
85221,109.22
85236,109.22
85253,109.22
85268,109.22
85284,109.22
85300,109.22
85316,109.22
85331,109.22
85347,109.22
85363,109.22
85379,111.76
85395,109.22
85410,109.22
85426,109.22
85442,111.76
85457,109.22
85474,111.76
85489,109.22
85506,111.76
85521,111.76
85536,114.30
85553,114.30
85568,111.76
85584,111.76
85600,111.76
85616,111.76
85632,127.00
85647,129.54
85663,127.00
85679,127.00
85695,127.00
85710,127.00
85726,127.00
85742,129.54
85757,127.00
85774,129.54
85789,127.00
85806,127.00
85821,129.54
85836,129.54
85853,132.08
85868,137.16
85884,157.48
85900,157.48
85915,81.28
85932,55.88
85947,55.88
85963,53.34
85979,50.80
85994,50.80
86010,50.80
86026,50.80
86042,50.80
86057,50.80
86073,50.80
86089,50.80
86105,50.80
86120,50.80
86136,50.80
86152,50.80
86167,50.80
86183,50.80
86199,50.80
86215,50.80
86231,50.80
86246,50.80
86262,50.80
86278,50.80
86294,50.80
86309,50.80
86325,50.80
86341,50.80
86356,53.34
86372,50.80
86388,50.80
86404,53.34
86420,50.80
86435,50.80
86451,50.80
86467,50.80
86482,50.80
86498,50.80
86514,50.80
86530,50.80
86546,50.80
86561,50.80
86577,50.80
86593,50.80
86608,53.34
86624,50.80
86640,50.80
86656,50.80
86672,50.80
86687,50.80
86703,50.80
86719,50.80
86734,50.80
86750,50.80
86766,50.80
86781,50.80
86798,50.80
86813,50.80
86829,50.80
86845,50.80
86860,73.66
86876,111.76
86892,111.76
86907,114.30
86924,160.02
86939,160.02
86955,160.02
86971,160.02
86986,160.02
87003,160.02
87018,160.02
87034,160.02
87050,160.02
87065,160.02
87081,160.02
87097,160.02
87113,160.02
87129,160.02
87145,160.02
87160,160.02
87176,160.02
87192,160.02
87207,134.62
87224,119.38
87239,116.84
87255,116.84
87271,114.30
87286,114.30
87303,114.30
87318,114.30
87334,114.30
87350,116.84
87365,116.84
87382,114.30
87397,114.30
87413,114.30
87429,116.84
87445,116.84
87460,116.84
87476,114.30
87492,116.84
87507,114.30
87524,116.84
87539,114.30
87555,114.30
87571,114.30
87586,114.30
87603,114.30
87618,114.30
87634,114.30
87650,114.30
87665,114.30
87682,114.30
87697,114.30
87713,114.30
-1,-1
