14,337.82
30,292.10
46,292.10
61,287.02
77,289.56
93,287.02
108,340.36
124,340.36
140,340.36
155,335.28
172,289.56
187,287.02
202,287.02
219,287.02
234,287.02
249,287.02
265,292.10
281,292.10
296,292.10
312,368.30
328,365.76
344,368.30
360,363.22
375,363.22
391,363.22
407,370.84
422,363.22
438,368.30
454,368.30
470,365.76
485,365.76
501,144.78
517,147.32
532,149.86
548,162.56
564,165.10
579,165.10
595,165.10
611,165.10
626,165.10
643,165.10
658,162.56
673,162.56
690,162.56
705,162.56
720,162.56
737,165.10
752,160.02
768,162.56
784,162.56
799,160.02
815,162.56
831,160.02
846,160.02
862,160.02
877,162.56
893,160.02
909,160.02
924,160.02
941,160.02
956,160.02
971,160.02
988,160.02
1003,160.02
1018,162.56
1035,162.56
1050,160.02
1067,160.02
1082,160.02
1097,160.02
1114,162.56
1129,160.02
1144,160.02
1161,160.02
1176,160.02
1192,162.56
1208,162.56
1223,162.56
1240,116.84
1255,119.38
1270,119.38
1287,114.30
1302,114.30
1318,116.84
1334,114.30
1349,114.30
1366,114.30
1381,116.84
1396,111.76
1413,111.76
1428,114.30
1444,111.76
1460,114.30
1475,114.30
1491,111.76
1507,111.76
1522,111.76
1539,111.76
1554,111.76
1570,111.76
1586,114.30
1601,114.30
1617,114.30
1633,111.76
1648,114.30
1665,111.76
1680,111.76
1696,111.76
1712,111.76
1727,111.76
1743,111.76
1759,114.30
1774,111.76
1790,111.76
1806,111.76
1822,111.76
1838,111.76
1853,111.76
1869,111.76
1885,111.76
1900,111.76
1916,111.76
1932,111.76
1948,111.76
1964,111.76
1979,114.30
1995,111.76
2011,111.76
2027,119.38
2042,114.30
2058,116.84
2074,114.30
2089,116.84
2105,114.30
2121,116.84
2137,162.56
2153,160.02
2168,160.02
2184,157.48
2200,157.48
2215,157.48
2231,157.48
2247,157.48
2263,160.02
2278,129.54
2294,127.00
2310,127.00
2326,127.00
2341,127.00
2357,127.00
2373,127.00
2388,127.00
2404,127.00
2420,127.00
2436,127.00
2452,127.00
2467,127.00
2483,111.76
2499,114.30
2514,111.76
2530,111.76
2546,111.76
2562,111.76
2578,109.22
2593,111.76
2609,109.22
2625,111.76
2640,111.76
2656,111.76
2672,109.22
2688,109.22
-1,-1
3703,109.22
3720,111.76
3735,109.22
3750,109.22
3767,109.22
3782,109.22
3799,109.22
3814,109.22
3829,109.22
3846,109.22
3861,109.22
3876,109.22
3893,109.22
3908,109.22
3924,111.76
3940,111.76
3955,109.22
3972,111.76
3987,109.22
4002,111.76
4019,109.22
4034,109.22
4050,109.22
4066,109.22
4081,109.22
4098,111.76
4113,111.76
4129,111.76
4145,111.76
4160,111.76
4176,111.76
4192,111.76
4207,132.08
4224,127.00
4239,127.00
4255,127.00
4271,127.00
4286,127.00
4302,127.00
4318,160.02
4333,160.02
4349,160.02
4365,160.02
4380,160.02
4397,157.48
4412,104.14
4428,104.14
4444,106.68
4459,160.02
4475,157.48
4491,157.48
4507,157.48
4523,157.48
4538,157.48
4554,157.48
4570,160.02
4585,160.02
4601,91.44
4617,114.30
4632,114.30
4648,114.30
4664,114.30
4680,116.84
4696,116.84
4711,111.76
4727,111.76
4743,111.76
4758,111.76
4774,111.76
4790,111.76
4806,111.76
4822,114.30
4837,114.30
4853,111.76
4869,111.76
4884,111.76
4900,111.76
4916,111.76
4932,111.76
4947,111.76
4963,111.76
4979,111.76
4995,111.76
5010,111.76
5026,114.30
5042,111.76
5058,111.76
5073,111.76
5089,111.76
5105,111.76
5121,114.30
5136,111.76
5152,111.76
5168,111.76
5184,111.76
5199,111.76
5215,111.76
5231,111.76
5246,111.76
5262,111.76
5278,111.76
5294,111.76
5310,111.76
5325,111.76
5341,111.76
5357,111.76
5372,111.76
5389,111.76
5404,111.76
5420,111.76
5436,111.76
5451,165.10
5467,162.56
5483,162.56
5498,160.02
5515,162.56
5530,162.56
5545,160.02
5562,160.02
5577,160.02
5593,160.02
5609,160.02
5624,162.56
5641,162.56
5656,160.02
5671,160.02
5688,160.02
5703,160.02
5719,160.02
5735,160.02
5750,160.02
5766,160.02
5782,160.02
5797,160.02
5814,160.02
5829,160.02
5844,162.56
5861,162.56
5876,160.02
5892,160.02
5908,162.56
5923,162.56
5940,160.02
5955,162.56
5970,160.02
5987,162.56
6002,165.10
6018,165.10
6034,162.56
6049,162.56
6066,165.10
6081,162.56
6096,162.56
6113,165.10
6128,165.10
6145,116.84
6160,116.84
6175,116.84
6192,116.84
6207,116.84
6222,116.84
6239,116.84
6254,116.84
6269,116.84
6286,119.38
6301,363.22
6318,358.14
6333,358.14
6348,355.60
6365,355.60
6380,355.60
-1,-1
7396,546.10
7412,487.68
7428,490.22
7443,444.50
7459,391.16
7475,391.16
7490,365.76
7506,322.58
7522,320.04
7538,304.80
7554,289.56
7569,292.10
7585,287.02
7601,287.02
7617,287.02
7632,287.02
7648,289.56
7664,289.56
7680,289.56
7695,289.56
7711,289.56
7727,121.92
7743,119.38
7758,119.38
7774,119.38
7790,365.76
7805,363.22
7821,162.56
7837,121.92
7853,121.92
7869,124.46
7884,119.38
7900,119.38
7916,119.38
7931,119.38
7947,119.38
7963,119.38
7979,165.10
7995,162.56
8010,165.10
8026,160.02
8042,162.56
8057,160.02
8073,160.02
8089,162.56
8104,162.56
8121,160.02
8136,160.02
8152,160.02
8168,162.56
8183,160.02
8199,162.56
8215,160.02
8230,162.56
8247,162.56
8262,162.56
8278,160.02
8294,160.02
8309,160.02
8325,162.56
8341,160.02
8356,160.02
8373,160.02
8388,160.02
8403,160.02
8420,160.02
8435,162.56
8451,160.02
8467,160.02
8482,160.02
8498,160.02
8514,160.02
8529,162.56
8546,162.56
8561,162.56
8577,160.02
8593,160.02
8608,160.02
8625,116.84
8640,119.38
8655,116.84
8672,111.76
8687,114.30
8702,114.30
8719,111.76
8734,111.76
8751,111.76
8766,111.76
8781,111.76
8798,111.76
8813,111.76
8828,111.76
8845,111.76
8860,119.38
8877,111.76
8892,111.76
8907,111.76
8924,111.76
8939,111.76
8954,111.76
8971,111.76
8986,111.76
9003,114.30
9018,111.76
9033,111.76
9050,111.76
9065,111.76
9080,111.76
9097,114.30
9112,111.76
9128,111.76
9144,111.76
9159,111.76
9176,111.76
9191,111.76
9206,111.76
9223,111.76
9238,111.76
9254,111.76
9270,114.30
9285,111.76
9302,114.30
9317,111.76
9332,111.76
9349,114.30
9364,114.30
9380,114.30
9396,114.30
9411,114.30
9427,116.84
9443,116.84
9458,142.24
9475,157.48
9490,157.48
9506,157.48
9522,157.48
9537,157.48
9553,157.48
9569,127.00
9585,127.00
9601,127.00
9616,157.48
9632,157.48
9648,157.48
9663,157.48
9679,157.48
9695,157.48
9711,104.14
9726,104.14
9742,104.14
9758,127.00
9774,127.00
9789,127.00
9805,127.00
9821,127.00
9837,127.00
9852,119.38
9868,114.30
9884,111.76
9900,111.76
9915,114.30
9931,114.30
9947,114.30
9963,109.22
9978,109.22
9994,111.76
10010,114.30
10025,111.76
10042,111.76
10057,109.22
10073,111.76
-1,-1
11088,109.22
11105,109.22
11120,109.22
11137,109.22
11152,109.22
11168,109.22
11184,109.22
11199,111.76
11215,109.22
11231,109.22
11247,109.22
11262,109.22
11278,111.76
11294,109.22
11310,109.22
11326,109.22
11341,109.22
11358,109.22
11373,109.22
11388,109.22
11405,109.22
11420,109.22
11437,109.22
11452,109.22
11468,109.22
11484,109.22
11499,111.76
11515,111.76
11531,111.76
11547,111.76
11563,111.76
11578,111.76
11594,111.76
11610,111.76
11626,111.76
11641,127.00
11658,129.54
11673,129.54
11688,129.54
11705,127.00
11720,127.00
11737,127.00
11752,127.00
11767,127.00
11784,127.00
11799,127.00
11815,127.00
11831,127.00
11847,160.02
11863,160.02
11878,160.02
11894,104.14
11910,106.68
11926,106.68
11941,157.48
11957,160.02
11973,160.02
11988,114.30
12005,114.30
12020,114.30
12037,116.84
12052,116.84
12067,114.30
12084,111.76
12099,114.30
12115,114.30
12131,111.76
12147,111.76
12163,111.76
12178,111.76
12194,111.76
12210,111.76
12226,111.76
12241,111.76
12257,111.76
12273,111.76
12289,111.76
12305,111.76
12320,111.76
12337,111.76
12352,111.76
12367,114.30
12384,111.76
12399,111.76
12416,111.76
12431,114.30
12447,111.76
12463,111.76
12478,111.76
12494,111.76
12510,111.76
12526,116.84
12541,111.76
12557,111.76
12573,111.76
12589,111.76
12605,111.76
12620,111.76
12637,111.76
12652,111.76
12667,111.76
12684,111.76
12699,111.76
12716,114.30
12731,116.84
12746,114.30
12763,116.84
12778,111.76
12794,111.76
12810,111.76
12826,165.10
12841,162.56
12857,165.10
12873,162.56
12889,160.02
12905,160.02
12920,160.02
12936,165.10
12952,167.64
12967,167.64
12984,160.02
12999,160.02
13016,162.56
13031,162.56
13046,160.02
13063,162.56
13078,160.02
13094,160.02
13110,160.02
13125,160.02
13142,160.02
13157,160.02
13173,165.10
13189,160.02
13205,160.02
13220,160.02
13236,162.56
13252,162.56
13267,162.56
13284,160.02
13299,160.02
13315,162.56
13331,162.56
13346,160.02
13363,162.56
13378,162.56
13394,162.56
13410,160.02
13425,162.56
13442,162.56
13457,165.10
13473,162.56
13489,162.56
13504,162.56
13520,162.56
13536,162.56
13552,165.10
13568,121.92
13584,116.84
13599,119.38
13615,116.84
13631,358.14
13646,360.68
13663,360.68
13678,365.76
13694,365.76
13710,363.22
13725,363.22
13742,363.22
13757,365.76
13773,365.76
-1,-1
14789,365.76
14804,368.30
14821,378.46
14836,381.00
14852,378.46
14868,373.38
14883,368.30
14900,368.30
14915,370.84
14930,363.22
14947,365.76
14962,365.76
14979,365.76
14994,368.30
15010,368.30
15026,365.76
15041,363.22
15057,365.76
15073,373.38
15089,370.84
15105,370.84
15121,365.76
15136,365.76
15152,365.76
15168,363.22
15183,363.22
15200,203.20
15215,124.46
15232,124.46
15247,124.46
15262,116.84
15279,119.38
15294,119.38
15310,119.38
15326,116.84
15342,119.38
15357,114.30
15373,114.30
15389,114.30
15405,162.56
15421,160.02
15436,160.02
15452,160.02
15468,160.02
15483,160.02
15500,160.02
15515,162.56
15532,160.02
15547,160.02
15562,162.56
15579,162.56
15594,162.56
15610,160.02
15626,160.02
15641,160.02
15657,160.02
15673,160.02
15689,160.02
15705,160.02
15721,160.02
15736,160.02
15752,160.02
15768,160.02
15783,160.02
15800,160.02
15815,162.56
15831,160.02
15847,167.64
15862,167.64
15879,167.64
15894,167.64
15910,162.56
15926,162.56
15941,162.56
15958,167.64
15973,165.10
15989,165.10
16005,162.56
16021,162.56
16036,162.56
16052,114.30
16068,116.84
16083,116.84
16100,114.30
16115,111.76
16131,114.30
16147,111.76
16162,111.76
16179,111.76
16194,111.76
16210,111.76
16226,111.76
16241,111.76
16258,111.76
16273,111.76
16289,111.76
16305,111.76
16321,111.76
16336,111.76
16352,111.76
16368,111.76
16384,111.76
16400,111.76
16415,111.76
16431,111.76
16447,111.76
16462,111.76
16479,111.76
16494,111.76
16510,111.76
16526,111.76
16541,111.76
16558,111.76
16573,111.76
16589,111.76
16605,111.76
16621,111.76
16636,111.76
16652,111.76
16668,111.76
16684,111.76
16700,111.76
16715,114.30
16731,111.76
16747,111.76
16762,111.76
16779,114.30
16794,111.76
16811,111.76
16826,111.76
16841,116.84
16858,114.30
16873,114.30
16889,114.30
16905,114.30
16921,114.30
16936,139.70
16952,157.48
16968,157.48
16984,160.02
17000,160.02
17015,157.48
17031,157.48
17047,127.00
17062,127.00
17079,129.54
17094,160.02
17111,160.02
17126,160.02
17141,104.14
17158,104.14
17173,106.68
17189,127.00
17205,127.00
17220,129.54
17236,127.00
17252,127.00
17268,127.00
17284,114.30
17300,116.84
17315,114.30
17331,111.76
17347,111.76
17362,111.76
17379,111.76
17394,111.76
17411,111.76
17426,111.76
17441,109.22
17458,109.22
17473,109.22
-1,-1
18489,109.22
18505,111.76
18521,109.22
18536,109.22
18552,111.76
18568,109.22
18584,109.22
18599,109.22
18616,109.22
18631,109.22
18647,109.22
18663,109.22
18678,109.22
18695,109.22
18710,109.22
18726,109.22
18742,109.22
18757,111.76
18774,109.22
18789,109.22
18805,109.22
18821,109.22
18837,109.22
18852,109.22
18868,109.22
18884,109.22
18899,109.22
18916,114.30
18931,111.76
18947,111.76
18963,111.76
18978,114.30
18995,111.76
19010,111.76
19026,124.46
19042,124.46
19057,124.46
19074,127.00
19089,127.00
19105,129.54
19121,157.48
19137,157.48
19152,157.48
19168,127.00
19184,127.00
19200,127.00
19216,129.54
19231,127.00
19247,127.00
19263,142.24
19278,160.02
19295,157.48
19310,157.48
19326,157.48
19342,160.02
19357,157.48
19374,116.84
19389,116.84
19405,119.38
19421,114.30
19437,114.30
19452,114.30
19468,111.76
19484,114.30
19500,111.76
19516,111.76
19531,114.30
19547,111.76
19563,111.76
19578,111.76
19595,111.76
19610,114.30
19627,111.76
19642,111.76
19657,111.76
19674,111.76
19689,111.76
19705,111.76
19721,111.76
19737,111.76
19752,111.76
19768,111.76
19784,114.30
19800,114.30
19816,111.76
19831,114.30
19847,111.76
19863,111.76
19878,111.76
19895,111.76
19910,111.76
19927,111.76
19942,111.76
19957,111.76
19974,111.76
19989,111.76
20005,111.76
20021,111.76
20037,111.76
20052,111.76
20068,111.76
20084,111.76
20100,111.76
20116,111.76
20131,111.76
20147,111.76
20163,119.38
20178,119.38
20195,119.38
20210,114.30
20227,114.30
20242,114.30
20257,162.56
20274,162.56
20289,162.56
20305,160.02
20321,160.02
20336,160.02
20353,165.10
20368,162.56
20384,162.56
20400,162.56
20416,160.02
20431,160.02
20447,160.02
20463,162.56
20478,160.02
20495,160.02
20510,160.02
20527,160.02
20542,162.56
20557,160.02
20574,160.02
20589,160.02
20605,162.56
20621,162.56
20636,160.02
20653,162.56
20668,160.02
20684,162.56
20700,162.56
20716,162.56
20731,162.56
20747,111.76
20763,119.38
20779,116.84
20795,116.84
20810,116.84
20826,119.38
20842,119.38
20857,116.84
20874,116.84
20889,119.38
20905,165.10
20921,165.10
20936,162.56
20953,162.56
20968,363.22
20984,360.68
21000,360.68
21016,368.30
21031,368.30
21047,368.30
21063,365.76
21079,363.22
21095,111.76
21110,116.84
21126,119.38
21142,119.38
21157,116.84
21174,114.30
-1,-1
22190,116.84
22205,287.02
22221,284.48
22237,121.92
22252,119.38
22268,119.38
22284,119.38
22300,119.38
22316,119.38
22332,119.38
22347,358.14
22363,370.84
22379,368.30
22394,350.52
22411,309.88
22426,309.88
22443,213.36
22458,213.36
22473,213.36
22490,121.92
22505,121.92
22521,124.46
22537,119.38
22552,116.84
22568,119.38
22584,119.38
22600,116.84
22616,119.38
22632,116.84
22647,114.30
22663,116.84
22679,121.92
22694,116.84
22711,119.38
22726,116.84
22743,116.84
22758,116.84
22773,119.38
22790,116.84
22805,119.38
22821,119.38
22837,116.84
22852,116.84
22868,116.84
22884,165.10
22900,162.56
22916,162.56
22932,160.02
22947,162.56
22963,160.02
22979,160.02
22994,160.02
23011,160.02
23026,160.02
23042,160.02
23058,160.02
23073,162.56
23090,160.02
23105,162.56
23121,162.56
23137,160.02
23152,160.02
23169,160.02
23184,160.02
23200,160.02
23216,160.02
23231,160.02
23247,160.02
23263,160.02
23279,160.02
23294,160.02
23311,162.56
23326,160.02
23342,160.02
23358,160.02
23373,167.64
23390,162.56
23405,162.56
23420,101.60
23437,116.84
23452,116.84
23469,116.84
23484,111.76
23500,111.76
23516,111.76
23531,111.76
23547,111.76
23563,111.76
23579,111.76
23595,111.76
23611,111.76
23626,111.76
23642,114.30
23658,111.76
23673,111.76
23690,111.76
23705,111.76
23720,111.76
23737,111.76
23752,111.76
23769,111.76
23784,114.30
23800,111.76
23816,111.76
23831,111.76
23847,111.76
23863,111.76
23879,111.76
23895,111.76
23911,111.76
23926,114.30
23942,111.76
23958,111.76
23973,111.76
23990,114.30
24005,114.30
24020,111.76
24037,111.76
24052,114.30
24069,111.76
24084,111.76
24100,111.76
24116,111.76
24131,111.76
24147,111.76
24163,119.38
24179,114.30
24195,114.30
24211,114.30
24226,114.30
24242,116.84
24258,114.30
24273,114.30
24290,116.84
24305,116.84
24321,157.48
24337,157.48
24352,157.48
24369,157.48
24384,157.48
24400,157.48
24416,160.02
24431,160.02
24448,160.02
24463,104.14
24479,104.14
24495,104.14
24511,121.92
24526,129.54
24542,127.00
24558,127.00
24573,127.00
24590,129.54
24605,127.00
24621,127.00
24637,127.00
24652,127.00
24669,114.30
24684,114.30
24700,114.30
24716,111.76
24731,111.76
24748,111.76
24763,109.22
24779,111.76
24795,111.76
24810,109.22
24826,109.22
24842,109.22
24858,109.22
24873,109.22
-1,-1
25889,109.22
25906,109.22
25921,109.22
25936,109.22
25953,109.22
25968,109.22
25985,109.22
26000,109.22
26016,109.22
26032,109.22
26047,109.22
26063,109.22
26079,109.22
26095,109.22
26110,109.22
26127,109.22
26142,109.22
26158,109.22
26174,109.22
26189,109.22
26206,109.22
26221,109.22
26237,109.22
26253,109.22
26268,109.22
26285,109.22
26300,109.22
26316,109.22
26332,109.22
26347,109.22
26363,109.22
26379,109.22
26395,111.76
26411,114.30
26427,111.76
26442,111.76
26458,111.76
26474,111.76
26489,114.30
26506,127.00
26521,127.00
26536,127.00
26553,127.00
26568,127.00
26585,127.00
26600,160.02
26616,160.02
26632,160.02
26647,157.48
26663,157.48
26679,157.48
26695,157.48
26711,157.48
26726,157.48
26742,160.02
26758,160.02
26774,157.48
26789,111.76
26806,119.38
26821,116.84
26836,116.84
26853,111.76
26868,114.30
26885,114.30
26900,111.76
26916,111.76
26932,111.76
26947,111.76
26963,111.76
26979,111.76
26995,111.76
27011,114.30
27026,111.76
27042,111.76
27058,111.76
27074,114.30
27089,114.30
27106,114.30
27121,114.30
27137,111.76
27153,111.76
27168,111.76
27185,114.30
27200,111.76
27216,114.30
27232,114.30
27247,111.76
27264,111.76
27279,111.76
27295,111.76
27311,111.76
27326,111.76
27342,111.76
27358,111.76
27374,111.76
27389,111.76
27406,111.76
27421,111.76
27437,111.76
27453,111.76
27468,111.76
27485,111.76
27500,111.76
27516,111.76
27532,111.76
27547,111.76
27564,111.76
27579,119.38
27595,114.30
27611,114.30
27626,114.30
27642,162.56
27658,162.56
27674,162.56
27689,162.56
27706,160.02
27721,160.02
27737,160.02
27753,160.02
27768,160.02
27785,160.02
27800,160.02
27816,160.02
27832,165.10
27847,160.02
27864,160.02
27879,160.02
27895,160.02
27911,162.56
27926,160.02
27942,160.02
27958,160.02
27974,162.56
27990,160.02
28006,160.02
28021,160.02
28037,160.02
28053,160.02
28068,160.02
28085,160.02
28100,160.02
28115,160.02
28132,160.02
28147,160.02
28164,160.02
28179,160.02
28195,162.56
28211,160.02
28226,167.64
28242,167.64
28258,167.64
28274,104.14
28290,116.84
28305,116.84
28321,116.84
28337,119.38
28353,119.38
28368,116.84
28385,116.84
28400,116.84
28416,119.38
28432,119.38
28447,116.84
28464,116.84
28479,114.30
28495,114.30
28511,114.30
28526,116.84
28542,114.30
28558,116.84
28574,114.30
-1,-1
29590,114.30
29605,116.84
29621,114.30
29637,116.84
29652,114.30
29669,114.30
29684,114.30
29701,114.30
29716,119.38
29731,119.38
29748,119.38
29763,114.30
29779,114.30
29795,114.30
29811,119.38
29827,116.84
29842,116.84
29858,116.84
29874,114.30
29890,114.30
29905,114.30
29921,114.30
29937,116.84
29953,116.84
29969,114.30
29984,114.30
30001,114.30
30016,119.38
30031,119.38
30048,116.84
30063,116.84
30080,116.84
30095,116.84
30111,114.30
30127,114.30
30142,114.30
30158,116.84
30174,116.84
30190,116.84
30205,116.84
30222,116.84
30237,119.38
30253,119.38
30269,162.56
30284,162.56
30301,162.56
30316,160.02
30331,160.02
30348,160.02
30363,160.02
30380,160.02
30395,160.02
30411,160.02
30427,160.02
30442,160.02
30458,160.02
30474,160.02
30490,160.02
30505,160.02
30521,160.02
30537,160.02
30553,160.02
30569,162.56
30584,160.02
30601,160.02
30616,160.02
30631,160.02
30648,160.02
30663,160.02
30680,160.02
30695,160.02
30711,160.02
30727,160.02
30742,162.56
30758,162.56
30774,162.56
30790,162.56
30806,116.84
30821,116.84
30837,116.84
30853,114.30
30869,114.30
30884,114.30
30901,111.76
30916,111.76
30931,111.76
30948,111.76
30963,111.76
30980,111.76
30995,111.76
31011,111.76
31027,111.76
31042,111.76
31058,114.30
31074,114.30
31090,114.30
31106,111.76
31121,111.76
31137,111.76
31153,111.76
31169,111.76
31184,111.76
31201,111.76
31216,111.76
31232,111.76
31248,111.76
31263,111.76
31280,114.30
31295,114.30
31311,114.30
31327,111.76
31342,111.76
31358,111.76
31374,109.22
31390,111.76
31406,111.76
31421,111.76
31437,111.76
31453,111.76
31469,111.76
31484,111.76
31501,111.76
31516,111.76
31532,111.76
31548,114.30
31563,114.30
31580,116.84
31595,114.30
31611,114.30
31627,114.30
31642,116.84
31659,116.84
31674,114.30
31690,116.84
31706,157.48
31721,157.48
31737,157.48
31753,157.48
31769,157.48
31784,157.48
31801,157.48
31816,160.02
31832,157.48
31848,127.00
31863,127.00
31880,129.54
31895,160.02
31910,157.48
31927,157.48
31942,129.54
31959,129.54
31974,127.00
31990,127.00
32006,127.00
32021,127.00
32037,101.60
32053,101.60
32069,101.60
32084,104.14
32101,111.76
32116,111.76
32132,111.76
32148,109.22
32163,109.22
32180,109.22
32195,106.68
32210,109.22
32227,111.76
32242,109.22
32259,111.76
32274,109.22
-1,-1
33290,109.22
33306,109.22
33321,111.76
33337,109.22
33353,109.22
33369,109.22
33385,111.76
33400,111.76
33417,109.22
33432,109.22
33447,109.22
33464,109.22
33479,109.22
33496,109.22
33511,109.22
33527,109.22
33543,109.22
33558,109.22
33574,109.22
33590,109.22
33606,109.22
33622,109.22
33637,109.22
33653,109.22
33669,109.22
33685,109.22
33700,111.76
33717,109.22
33732,109.22
33747,109.22
33764,111.76
33779,111.76
33796,111.76
33811,111.76
33827,111.76
33843,114.30
33858,111.76
33874,127.00
33890,127.00
33906,127.00
33922,147.32
33937,157.48
33953,157.48
33969,109.22
33985,127.00
34000,127.00
34017,127.00
34032,157.48
34048,157.48
34064,157.48
34079,160.02
34096,157.48
34111,157.48
34126,157.48
34143,157.48
34158,157.48
34174,157.48
34190,157.48
34206,157.48
34222,114.30
34237,114.30
34253,114.30
34269,111.76
34285,111.76
34300,111.76
34316,111.76
34332,111.76
34348,111.76
34364,111.76
34379,111.76
34396,114.30
34411,111.76
34426,111.76
34443,111.76
34458,114.30
34475,111.76
34490,111.76
34506,114.30
34522,111.76
34537,111.76
34553,114.30
34569,114.30
34585,111.76
34600,111.76
34616,111.76
34632,111.76
34648,111.76
34664,111.76
34679,111.76
34696,111.76
34711,111.76
34726,114.30
34743,111.76
34758,114.30
34775,111.76
34790,111.76
34806,114.30
34822,111.76
34837,111.76
34853,111.76
34869,111.76
34885,111.76
34900,114.30
34916,111.76
34932,111.76
34948,111.76
34964,111.76
34979,111.76
34996,111.76
35011,114.30
35026,116.84
35043,116.84
35058,114.30
35075,165.10
35090,162.56
35106,162.56
35122,160.02
35137,160.02
35153,160.02
35169,160.02
35185,160.02
35201,160.02
35216,160.02
35232,160.02
35248,160.02
35264,162.56
35279,162.56
35296,160.02
35311,160.02
35326,160.02
35343,160.02
35358,160.02
35375,160.02
35390,160.02
35405,160.02
35422,160.02
35437,160.02
35453,160.02
35469,160.02
35485,160.02
35501,160.02
35516,160.02
35532,160.02
35548,160.02
35564,160.02
35579,160.02
35595,160.02
35611,160.02
35627,160.02
35643,162.56
35658,162.56
35675,162.56
35690,162.56
35705,162.56
35722,162.56
35737,162.56
35753,167.64
35769,162.56
35785,165.10
35801,162.56
35816,358.14
35832,360.68
35848,360.68
35864,365.76
35879,365.76
35895,363.22
35911,365.76
35927,365.76
35943,365.76
35958,363.22
35975,363.22
-1,-1
36990,365.76
37006,342.90
37021,297.18
37038,297.18
37053,297.18
37069,299.72
37085,299.72
37101,289.56
37116,287.02
37132,289.56
37148,116.84
37164,119.38
37180,116.84
37195,119.38
37212,284.48
37227,287.02
37242,121.92
37259,121.92
37274,121.92
37291,119.38
37306,116.84
37322,116.84
37338,116.84
37353,116.84
37369,119.38
37385,119.38
37401,119.38
37416,116.84
37432,116.84
37448,116.84
37464,363.22
37480,360.68
37495,167.64
37512,167.64
37527,167.64
37542,121.92
37559,121.92
37574,121.92
37591,116.84
37606,116.84
37622,116.84
37638,144.78
37653,160.02
37669,160.02
37685,160.02
37701,160.02
37716,160.02
37732,160.02
37748,160.02
37764,162.56
37780,160.02
37795,160.02
37812,160.02
37827,162.56
37842,160.02
37859,160.02
37874,160.02
37891,162.56
37906,162.56
37922,165.10
37938,160.02
37953,162.56
37969,162.56
37985,160.02
38001,160.02
38017,160.02
38032,160.02
38048,160.02
38064,160.02
38080,162.56
38095,160.02
38112,160.02
38127,160.02
38142,162.56
38159,162.56
38174,165.10
38191,162.56
38206,162.56
38222,162.56
38238,116.84
38253,116.84
38269,116.84
38285,111.76
38301,114.30
38317,114.30
38332,111.76
38348,111.76
38364,114.30
38380,111.76
38395,111.76
38412,111.76
38427,111.76
38443,111.76
38459,111.76
38474,111.76
38491,111.76
38506,111.76
38522,114.30
38538,111.76
38553,111.76
38569,111.76
38585,111.76
38601,111.76
38617,111.76
38632,111.76
38648,111.76
38664,114.30
38680,111.76
38695,111.76
38712,114.30
38727,111.76
38743,111.76
38759,111.76
38774,111.76
38791,111.76
38806,111.76
38822,114.30
38838,111.76
38853,114.30
38870,114.30
38885,111.76
38901,111.76
38917,111.76
38932,111.76
38948,111.76
38964,111.76
38980,111.76
38995,111.76
39012,111.76
39027,114.30
39043,114.30
39059,114.30
39074,149.86
39091,157.48
39106,157.48
39122,162.56
39138,157.48
39153,160.02
39170,157.48
39185,157.48
39201,157.48
39217,160.02
39232,160.02
39248,160.02
39264,157.48
39280,127.00
39296,127.00
39312,127.00
39327,124.46
39343,127.00
39359,127.00
39374,127.00
39391,127.00
39406,127.00
39421,127.00
39438,127.00
39453,127.00
39470,116.84
39485,111.76
39501,111.76
39517,111.76
39532,111.76
39548,111.76
39564,114.30
39580,109.22
39596,109.22
39612,109.22
39627,109.22
39643,111.76
39659,111.76
39674,109.22
-1,-1
40690,109.22
40707,109.22
40722,111.76
40738,109.22
40754,109.22
40769,111.76
40785,109.22
40801,109.22
40817,109.22
40833,109.22
40848,111.76
40864,109.22
40880,109.22
40896,109.22
40911,109.22
40928,109.22
40943,109.22
40958,109.22
40975,109.22
40990,111.76
41007,109.22
41022,111.76
41038,109.22
41054,109.22
41069,109.22
41085,109.22
41101,109.22
41117,109.22
41133,109.22
41148,109.22
41164,111.76
41180,111.76
41196,111.76
41211,114.30
41228,111.76
41243,111.76
41259,114.30
41275,114.30
41290,114.30
41307,127.00
41322,129.54
41338,127.00
41354,127.00
41369,127.00
41385,127.00
41401,127.00
41417,127.00
41433,127.00
41448,132.08
41464,157.48
41480,157.48
41496,157.48
41511,160.02
41528,157.48
41543,157.48
41559,160.02
41575,157.48
41590,160.02
41607,114.30
41622,114.30
41637,114.30
41654,116.84
41669,116.84
41686,114.30
41701,111.76
41717,111.76
41733,114.30
41748,111.76
41764,111.76
41780,111.76
41796,111.76
41811,111.76
41828,111.76
41843,111.76
41859,111.76
41875,114.30
41890,111.76
41907,111.76
41922,111.76
41937,111.76
41954,111.76
41969,111.76
41986,111.76
42001,111.76
42017,111.76
42033,111.76
42048,111.76
42064,111.76
42080,111.76
42096,111.76
42112,111.76
42128,111.76
42143,111.76
42159,111.76
42175,111.76
42190,96.52
42207,111.76
42222,111.76
42237,111.76
42254,111.76
42269,111.76
42286,111.76
42301,111.76
42317,111.76
42333,111.76
42348,114.30
42364,116.84
42380,114.30
42396,114.30
42412,114.30
42427,116.84
42443,162.56
42459,162.56
42475,162.56
42490,162.56
42507,162.56
42522,162.56
42537,160.02
42554,160.02
42569,162.56
42586,162.56
42601,160.02
42616,160.02
42633,160.02
42648,160.02
42664,160.02
42680,160.02
42696,162.56
42712,162.56
42727,162.56
42743,160.02
42759,160.02
42775,160.02
42790,162.56
42806,162.56
42822,162.56
42838,160.02
42854,160.02
42869,162.56
42886,160.02
42901,160.02
42916,160.02
42933,160.02
42948,160.02
42964,162.56
42980,162.56
42995,162.56
43012,162.56
43027,162.56
43043,162.56
43059,162.56
43075,162.56
43090,162.56
43106,162.56
43122,162.56
43138,162.56
43154,162.56
43169,162.56
43186,170.18
43201,170.18
43216,170.18
43233,167.64
43248,165.10
43265,165.10
43280,99.06
43295,119.38
43312,119.38
43327,119.38
43343,114.30
43359,114.30
43375,114.30
-1,-1
44391,116.84
44406,116.84
44422,116.84
44438,116.84
44453,119.38
44470,116.84
44485,116.84
44502,116.84
44517,116.84
44532,116.84
44549,116.84
44564,116.84
44580,119.38
44596,119.38
44611,119.38
44627,116.84
44643,116.84
44659,116.84
44675,116.84
44691,114.30
44706,114.30
44722,114.30
44738,116.84
44753,114.30
44770,114.30
44785,114.30
44801,114.30
44817,119.38
44832,116.84
44849,116.84
44864,116.84
44880,165.10
44896,165.10
44911,165.10
44928,162.56
44943,162.56
44959,165.10
44975,165.10
44991,162.56
45006,162.56
45022,160.02
45038,160.02
45053,160.02
45070,160.02
45085,160.02
45101,160.02
45117,160.02
45132,160.02
45149,160.02
45164,165.10
45180,162.56
45196,162.56
45211,162.56
45228,160.02
45243,160.02
45259,160.02
45275,160.02
45291,160.02
45306,160.02
45322,160.02
45338,162.56
45353,162.56
45370,160.02
45385,160.02
45401,160.02
45417,162.56
45432,162.56
45449,162.56
45464,162.56
45480,162.56
45496,162.56
45511,160.02
45528,160.02
45543,160.02
45559,162.56
45575,162.56
45590,160.02
45606,160.02
45622,162.56
45638,165.10
45654,165.10
45670,114.30
45685,116.84
45701,114.30
45717,111.76
45732,111.76
45749,111.76
45764,111.76
45780,111.76
45796,111.76
45811,111.76
45828,111.76
45843,111.76
45859,111.76
45875,111.76
45890,111.76
45906,111.76
45922,111.76
45938,114.30
45954,111.76
45970,111.76
45985,114.30
46001,111.76
46017,116.84
46032,114.30
46049,114.30
46064,111.76
46081,111.76
46096,114.30
46111,111.76
46128,111.76
46143,111.76
46159,111.76
46175,111.76
46190,111.76
46206,111.76
46222,111.76
46238,111.76
46254,114.30
46270,111.76
46285,111.76
46301,111.76
46317,111.76
46332,111.76
46349,111.76
46364,111.76
46381,111.76
46396,111.76
46411,114.30
46428,114.30
46443,114.30
46459,114.30
46475,116.84
46490,114.30
46507,160.02
46522,157.48
46538,157.48
46554,157.48
46570,157.48
46585,157.48
46601,157.48
46617,157.48
46632,157.48
46649,116.84
46664,127.00
46681,127.00
46696,129.54
46711,124.46
46728,127.00
46743,124.46
46759,127.00
46775,127.00
46790,127.00
46807,124.46
46822,124.46
46838,124.46
46854,111.76
46870,111.76
46885,111.76
46901,111.76
46917,111.76
46932,111.76
46949,109.22
46964,109.22
46980,109.22
46996,109.22
47011,109.22
47028,109.22
47043,109.22
47059,111.76
47075,111.76
-1,-1
48091,109.22
48106,109.22
48122,111.76
48138,109.22
48154,109.22
48169,109.22
48186,109.22
48201,109.22
48217,109.22
48233,111.76
48248,109.22
48265,111.76
48280,109.22
48296,109.22
48312,109.22
48327,109.22
48344,109.22
48359,111.76
48375,109.22
48391,109.22
48407,109.22
48422,109.22
48438,109.22
48454,109.22
48470,109.22
48486,109.22
48501,111.76
48517,109.22
48533,114.30
48548,111.76
48565,111.76
48580,111.76
48596,111.76
48612,114.30
48627,111.76
48644,111.76
48659,111.76
48675,111.76
48691,124.46
48707,124.46
48722,127.00
48738,129.54
48754,127.00
48770,129.54
48786,127.00
48801,129.54
48817,127.00
48833,160.02
48848,157.48
48865,157.48
48880,160.02
48897,157.48
48912,157.48
48927,162.56
48944,157.48
48959,160.02
48975,160.02
48991,160.02
49006,160.02
49022,160.02
49038,114.30
49054,114.30
49070,116.84
49086,111.76
49101,111.76
49117,111.76
49133,111.76
49148,111.76
49165,111.76
49180,111.76
49197,111.76
49212,111.76
49227,111.76
49244,111.76
49259,114.30
49275,111.76
49291,111.76
49306,111.76
49323,111.76
49338,111.76
49354,111.76
49370,111.76
49386,111.76
49401,111.76
49417,111.76
49433,111.76
49448,111.76
49465,111.76
49480,111.76
49497,111.76
49512,111.76
49527,111.76
49544,114.30
49559,114.30
49575,111.76
49591,111.76
49606,111.76
49623,114.30
49638,111.76
49654,111.76
49670,111.76
49686,111.76
49701,111.76
49717,111.76
49733,111.76
49748,111.76
49765,114.30
49780,111.76
49797,111.76
49812,111.76
49827,114.30
49844,114.30
49859,114.30
49875,160.02
49891,160.02
49907,160.02
49923,160.02
49938,160.02
49954,160.02
49970,162.56
49986,160.02
50001,162.56
50017,160.02
50033,162.56
50049,160.02
50065,162.56
50080,160.02
50097,160.02
50112,160.02
50127,160.02
50144,160.02
50159,160.02
50176,160.02
50191,160.02
50206,160.02
50223,160.02
50238,160.02
50254,160.02
50270,160.02
50286,160.02
50301,160.02
50317,160.02
50333,160.02
50349,160.02
50365,160.02
50380,160.02
50396,160.02
50412,160.02
50427,162.56
50444,162.56
50459,162.56
50476,162.56
50491,162.56
50506,162.56
50523,167.64
50538,167.64
50554,167.64
50570,165.10
50586,167.64
50601,167.64
50617,167.64
50633,165.10
50649,167.64
50665,165.10
50680,365.76
50697,360.68
50712,119.38
50727,121.92
50744,121.92
50759,119.38
50776,116.84
-1,-1
51791,297.18
51807,299.72
51823,378.46
51838,373.38
51854,378.46
51870,365.76
51886,365.76
51902,368.30
51917,365.76
51933,365.76
51949,368.30
51964,368.30
51981,368.30
51996,365.76
52013,365.76
52028,363.22
52043,368.30
52060,347.98
52075,302.26
52091,292.10
52107,297.18
52123,297.18
52139,297.18
52154,297.18
52170,365.76
52186,368.30
52202,121.92
52217,119.38
52233,119.38
52249,116.84
52264,116.84
52281,119.38
52296,119.38
52313,363.22
52328,360.68
52343,360.68
52360,165.10
52375,167.64
52391,167.64
52407,165.10
52423,165.10
52439,165.10
52454,162.56
52470,165.10
52486,165.10
52502,160.02
52517,160.02
52533,160.02
52549,160.02
52564,160.02
52581,160.02
52596,160.02
52613,162.56
52628,162.56
52643,162.56
52660,162.56
52675,162.56
52691,162.56
52707,160.02
52722,160.02
52739,160.02
52754,160.02
52770,160.02
52786,160.02
52802,160.02
52817,160.02
52833,160.02
52849,162.56
52865,162.56
52881,162.56
52896,160.02
52912,160.02
52928,162.56
52943,162.56
52960,160.02
52975,160.02
52992,116.84
53007,114.30
53022,114.30
53039,114.30
53054,114.30
53070,116.84
53086,116.84
53101,111.76
53117,111.76
53133,111.76
53149,111.76
53165,111.76
53181,111.76
53196,111.76
53212,111.76
53228,111.76
53243,111.76
53260,111.76
53275,114.30
53292,111.76
53307,114.30
53322,114.30
53339,111.76
53354,111.76
53370,111.76
53386,111.76
53401,111.76
53417,111.76
53433,111.76
53449,111.76
53465,111.76
53481,111.76
53496,111.76
53512,114.30
53528,114.30
53543,111.76
53560,111.76
53575,111.76
53592,111.76
53607,114.30
53622,111.76
53639,111.76
53654,111.76
53670,111.76
53686,111.76
53701,111.76
53718,111.76
53733,111.76
53749,111.76
53765,111.76
53781,111.76
53796,111.76
53812,111.76
53828,116.84
53843,114.30
53860,114.30
53875,114.30
53892,114.30
53907,116.84
53922,114.30
53939,157.48
53954,157.48
53970,157.48
53986,160.02
54001,160.02
54018,157.48
54033,129.54
54049,127.00
54065,129.54
54081,127.00
54096,127.00
54112,127.00
54128,127.00
54144,127.00
54160,127.00
54175,127.00
54191,127.00
54207,127.00
54222,127.00
54239,111.76
54254,111.76
54270,111.76
54286,111.76
54301,111.76
54318,111.76
54333,109.22
54349,109.22
54365,111.76
54381,111.76
54396,111.76
54412,111.76
54428,109.22
54444,109.22
54460,109.22
54475,109.22
-1,-1
55491,109.22
55507,109.22
55523,109.22
55538,109.22
55555,109.22
55570,111.76
55586,114.30
55602,114.30
55617,109.22
55633,109.22
55649,109.22
55665,109.22
55681,109.22
55697,111.76
55712,109.22
55728,109.22
55744,109.22
55759,109.22
55776,109.22
55791,111.76
55808,111.76
55823,109.22
55838,109.22
55855,109.22
55870,109.22
55886,109.22
55902,109.22
55918,109.22
55933,109.22
55949,109.22
55965,111.76
55981,111.76
55997,111.76
56012,114.30
56028,114.30
56044,111.76
56059,132.08
56076,127.00
56091,127.00
56108,127.00
56123,127.00
56138,127.00
56155,127.00
56170,127.00
56186,127.00
56202,127.00
56217,127.00
56233,127.00
56249,129.54
56265,157.48
56281,157.48
56297,157.48
56312,157.48
56328,157.48
56344,157.48
56359,157.48
56376,157.48
56391,160.02
56407,119.38
56423,114.30
56438,114.30
56455,114.30
56470,116.84
56486,114.30
56502,114.30
56517,114.30
56534,111.76
56549,114.30
56565,111.76
56581,111.76
56597,111.76
56612,111.76
56628,111.76
56644,111.76
56659,111.76
56676,111.76
56691,111.76
56707,111.76
56723,111.76
56738,111.76
56755,111.76
56770,111.76
56786,111.76
56802,111.76
56817,111.76
56834,111.76
56849,111.76
56865,111.76
56881,111.76
56897,111.76
56912,114.30
56928,114.30
56944,114.30
56960,111.76
56976,114.30
56991,114.30
57007,111.76
57023,111.76
57038,111.76
57055,111.76
57070,114.30
57086,111.76
57102,111.76
57117,111.76
57134,111.76
57149,111.76
57165,111.76
57181,111.76
57197,119.38
57212,114.30
57228,114.30
57244,114.30
57260,162.56
57276,162.56
57291,162.56
57307,160.02
57323,160.02
57338,160.02
57355,160.02
57370,160.02
57387,160.02
57402,160.02
57417,160.02
57434,160.02
57449,162.56
57465,160.02
57481,160.02
57496,160.02
57512,160.02
57528,160.02
57544,160.02
57560,160.02
57576,160.02
57591,160.02
57607,162.56
57623,160.02
57638,160.02
57655,160.02
57670,162.56
57687,160.02
57702,160.02
57717,160.02
57734,162.56
57749,162.56
57765,160.02
57781,162.56
57796,162.56
57812,165.10
57828,162.56
57844,162.56
57860,162.56
57876,165.10
57891,162.56
57907,162.56
57923,162.56
57938,106.68
57955,119.38
57970,119.38
57987,119.38
58002,162.56
58017,162.56
58034,162.56
58049,116.84
58065,116.84
58081,119.38
58096,119.38
58113,365.76
58128,363.22
58144,360.68
58160,365.76
58176,365.76
-1,-1
59192,368.30
59207,370.84
59223,370.84
59239,365.76
59254,314.96
59271,297.18
59286,297.18
59302,373.38
59318,373.38
59333,373.38
59350,327.66
59365,294.64
59381,297.18
59397,370.84
59413,368.30
59428,368.30
59444,363.22
59460,363.22
59475,365.76
59492,381.00
59507,378.46
59524,378.46
59539,373.38
59554,358.14
59571,358.14
59586,358.14
59602,360.68
59618,363.22
59633,119.38
59650,119.38
59665,119.38
59681,116.84
59697,116.84
59713,119.38
59728,149.86
59744,162.56
59760,162.56
59776,162.56
59792,162.56
59807,162.56
59824,162.56
59839,162.56
59854,165.10
59871,162.56
59886,160.02
59902,160.02
59918,162.56
59934,162.56
59950,162.56
59965,162.56
59981,160.02
59997,160.02
60013,160.02
60028,160.02
60044,160.02
60060,160.02
60076,160.02
60092,160.02
60107,162.56
60124,162.56
60139,162.56
60154,162.56
60171,162.56
60186,160.02
60203,160.02
60218,162.56
60233,160.02
60250,162.56
60265,160.02
60281,162.56
60297,162.56
60313,162.56
60328,160.02
60344,160.02
60360,160.02
60376,162.56
60392,162.56
60407,162.56
60424,162.56
60439,162.56
60454,162.56
60471,114.30
60486,114.30
60503,114.30
60518,111.76
60533,111.76
60550,111.76
60565,111.76
60581,111.76
60597,111.76
60613,111.76
60628,111.76
60644,111.76
60660,114.30
60676,111.76
60692,111.76
60707,111.76
60724,111.76
60739,111.76
60754,111.76
60771,111.76
60786,111.76
60803,111.76
60818,111.76
60833,111.76
60850,111.76
60865,111.76
60881,111.76
60897,111.76
60913,111.76
60929,111.76
60944,111.76
60960,114.30
60976,111.76
60992,111.76
61007,114.30
61024,111.76
61039,111.76
61054,111.76
61071,111.76
61086,111.76
61103,111.76
61118,111.76
61134,111.76
61150,111.76
61165,111.76
61181,111.76
61197,111.76
61213,114.30
61229,116.84
61244,114.30
61260,114.30
61276,114.30
61292,114.30
61307,114.30
61324,157.48
61339,157.48
61355,160.02
61371,157.48
61386,157.48
61403,157.48
61418,160.02
61434,160.02
61450,160.02
61465,104.14
61481,106.68
61497,106.68
61513,129.54
61529,129.54
61544,129.54
61560,160.02
61576,160.02
61592,160.02
61607,114.30
61624,116.84
61639,116.84
61655,114.30
61671,111.76
61686,114.30
61703,111.76
61718,111.76
61734,111.76
61750,111.76
61765,109.22
61782,109.22
61797,111.76
61813,109.22
61829,109.22
61844,109.22
61860,109.22
61876,109.22
-1,-1
62892,111.76
62908,109.22
62923,109.22
62940,111.76
62955,111.76
62970,109.22
62987,109.22
63002,109.22
63019,109.22
63034,109.22
63050,109.22
63066,109.22
63081,111.76
63097,109.22
63113,109.22
63129,109.22
63144,109.22
63161,109.22
63176,109.22
63192,109.22
63208,109.22
63223,109.22
63240,109.22
63255,109.22
63271,109.22
63287,109.22
63302,109.22
63319,111.76
63334,109.22
63350,109.22
63366,109.22
63381,109.22
63397,111.76
63413,111.76
63429,111.76
63444,111.76
63461,111.76
63476,111.76
63492,129.54
63508,129.54
63523,127.00
63540,127.00
63555,127.00
63571,127.00
63587,127.00
63602,160.02
63619,160.02
63634,160.02
63650,157.48
63666,157.48
63681,157.48
63697,157.48
63713,157.48
63729,157.48
63745,157.48
63761,160.02
63776,160.02
63792,114.30
63808,114.30
63823,116.84
63840,111.76
63855,114.30
63872,111.76
63887,111.76
63902,111.76
63919,111.76
63934,111.76
63950,111.76
63966,114.30
63981,114.30
63997,111.76
64013,111.76
64029,111.76
64045,111.76
64061,111.76
64076,111.76
64092,111.76
64108,111.76
64123,111.76
64140,111.76
64155,111.76
64172,111.76
64187,111.76
64202,111.76
64219,111.76
64234,111.76
64250,111.76
64266,111.76
64281,114.30
64297,111.76
64313,111.76
64329,111.76
64345,111.76
64361,114.30
64376,111.76
64392,111.76
64408,111.76
64423,114.30
64440,111.76
64455,111.76
64472,111.76
64487,111.76
64502,114.30
64519,111.76
64534,111.76
64550,114.30
64566,114.30
64581,114.30
64598,114.30
64613,114.30
64629,114.30
64645,114.30
64661,116.84
64676,114.30
64692,160.02
64708,160.02
64723,160.02
64740,162.56
64755,160.02
64771,160.02
64787,160.02
64802,162.56
64819,162.56
64834,160.02
64850,162.56
64866,160.02
64881,162.56
64898,160.02
64913,160.02
64929,160.02
64945,162.56
64960,162.56
64976,160.02
64992,160.02
65008,162.56
65024,162.56
65040,162.56
65055,162.56
65071,162.56
65087,160.02
65102,160.02
65119,160.02
65134,160.02
65150,160.02
65166,160.02
65181,162.56
65198,160.02
65213,160.02
65229,162.56
65245,162.56
65260,165.10
65276,162.56
65292,162.56
65308,162.56
65324,162.56
65340,162.56
65355,162.56
65371,114.30
65387,116.84
65402,116.84
65419,116.84
65434,116.84
65449,116.84
65466,119.38
65481,119.38
65498,116.84
65513,116.84
65529,116.84
65545,365.76
65560,365.76
65576,363.22
-1,-1
66592,368.30
66608,368.30
66624,368.30
66639,368.30
66656,368.30
66671,365.76
66686,368.30
66703,368.30
66718,368.30
66735,365.76
66750,365.76
66766,368.30
66782,368.30
66797,370.84
66813,368.30
66829,365.76
66845,365.76
66861,365.76
66876,365.76
66892,365.76
66908,365.76
66924,365.76
66939,365.76
66956,368.30
66971,358.14
66987,358.14
67003,360.68
67018,358.14
67035,360.68
67050,360.68
67066,360.68
67082,363.22
67097,363.22
67113,162.56
67129,165.10
67145,165.10
67161,162.56
67177,162.56
67192,165.10
67208,162.56
67224,162.56
67239,162.56
67256,160.02
67271,162.56
67287,162.56
67303,162.56
67318,160.02
67335,160.02
67350,160.02
67366,162.56
67382,162.56
67397,160.02
67414,160.02
67429,162.56
67445,162.56
67461,162.56
67476,162.56
67492,162.56
67508,162.56
67524,162.56
67539,162.56
67556,160.02
67571,160.02
67587,160.02
67603,162.56
67618,162.56
67635,162.56
67650,160.02
67666,160.02
67682,160.02
67697,162.56
67714,162.56
67729,160.02
67745,162.56
67761,160.02
67776,160.02
67792,160.02
67808,162.56
67824,162.56
67840,160.02
67856,116.84
67871,116.84
67887,116.84
67903,111.76
67918,114.30
67935,114.30
67950,111.76
67965,111.76
67982,111.76
67997,111.76
68014,111.76
68029,111.76
68045,111.76
68061,111.76
68076,111.76
68092,111.76
68108,111.76
68124,111.76
68140,111.76
68156,111.76
68171,111.76
68187,111.76
68203,111.76
68218,111.76
68235,111.76
68250,114.30
68265,111.76
68282,111.76
68297,111.76
68314,111.76
68329,114.30
68345,111.76
68361,111.76
68376,111.76
68392,111.76
68408,114.30
68424,114.30
68440,111.76
68456,111.76
68471,111.76
68487,114.30
68503,111.76
68518,111.76
68535,114.30
68550,111.76
68566,111.76
68582,111.76
68597,114.30
68614,114.30
68629,116.84
68645,114.30
68661,114.30
68676,114.30
68692,147.32
68708,160.02
68724,160.02
68740,157.48
68756,157.48
68771,157.48
68787,160.02
68803,157.48
68818,157.48
68835,157.48
68850,129.54
68866,129.54
68882,129.54
68897,127.00
68914,127.00
68929,129.54
68945,129.54
68961,127.00
68976,127.00
68993,127.00
69008,127.00
69024,127.00
69040,111.76
69055,114.30
69071,114.30
69087,111.76
69103,111.76
69118,111.76
69135,111.76
69150,111.76
69166,111.76
69182,111.76
69197,109.22
69214,109.22
69229,111.76
69245,109.22
69261,109.22
69276,109.22
-1,-1
70292,109.22
70308,109.22
70324,109.22
70340,109.22
70355,109.22
70372,109.22
70387,109.22
70403,109.22
70419,111.76
70434,109.22
70451,109.22
70466,109.22
70482,109.22
70498,109.22
70513,109.22
70530,109.22
70545,109.22
70561,109.22
70577,109.22
70592,109.22
70608,109.22
70624,109.22
70640,109.22
70656,109.22
70672,109.22
70687,109.22
70703,109.22
70719,109.22
70734,109.22
70751,109.22
70766,114.30
70782,111.76
70798,111.76
70813,111.76
70830,111.76
70845,111.76
70861,111.76
70877,124.46
70892,124.46
70908,127.00
70924,127.00
70940,127.00
70956,127.00
70972,127.00
70987,127.00
71003,127.00
71019,149.86
71034,160.02
71051,160.02
71066,160.02
71083,157.48
71098,157.48
71113,157.48
71130,127.00
71145,127.00
71161,127.00
71177,157.48
71192,157.48
71208,157.48
71224,116.84
71240,116.84
71256,116.84
71272,114.30
71287,114.30
71303,114.30
71319,111.76
71334,111.76
71351,111.76
71366,111.76
71382,111.76
71398,111.76
71413,111.76
71430,111.76
71445,111.76
71461,111.76
71477,111.76
71492,111.76
71508,111.76
71524,111.76
71540,111.76
71556,111.76
71572,111.76
71587,111.76
71603,111.76
71619,111.76
71634,114.30
71651,111.76
71666,111.76
71682,111.76
71698,111.76
71713,111.76
71730,114.30
71745,111.76
71761,114.30
71777,114.30
71792,116.84
71809,114.30
71824,111.76
71840,111.76
71856,111.76
71872,111.76
71887,111.76
71903,114.30
71919,111.76
71934,111.76
71951,114.30
71966,111.76
71982,111.76
71998,111.76
72013,114.30
72030,114.30
72045,114.30
72061,162.56
72077,162.56
72092,162.56
72109,162.56
72124,162.56
72140,162.56
72156,160.02
72172,162.56
72187,160.02
72203,160.02
72219,160.02
72235,160.02
72251,162.56
72266,160.02
72282,160.02
72298,162.56
72313,162.56
72330,162.56
72345,162.56
72361,160.02
72377,160.02
72392,160.02
72409,160.02
72424,160.02
72440,160.02
72456,160.02
72471,160.02
72487,160.02
72503,165.10
72519,160.02
72535,162.56
72551,162.56
72566,160.02
72582,160.02
72598,160.02
72613,160.02
72630,162.56
72645,160.02
72662,119.38
72677,119.38
72692,121.92
72709,116.84
72724,116.84
72740,116.84
72756,114.30
72771,114.30
72787,114.30
72803,116.84
72819,116.84
72835,116.84
72851,119.38
72866,116.84
72882,119.38
72898,116.84
72913,116.84
72930,116.84
72945,116.84
72962,347.98
72977,355.60
-1,-1
73993,121.92
74008,294.64
74024,294.64
74040,292.10
74056,289.56
74072,287.02
74088,99.06
74103,121.92
74119,121.92
74135,124.46
74150,289.56
74167,287.02
74182,287.02
74198,297.18
74214,297.18
74229,297.18
74246,121.92
74261,121.92
74277,121.92
74293,124.46
74308,287.02
74324,287.02
74340,289.56
74356,365.76
74372,365.76
74387,119.38
74403,119.38
74419,121.92
74435,119.38
74450,114.30
74467,114.30
74482,114.30
74498,114.30
74514,116.84
74529,116.84
74546,114.30
74561,116.84
74577,114.30
74593,119.38
74608,119.38
74625,119.38
74640,160.02
74656,160.02
74672,160.02
74687,160.02
74703,160.02
74719,160.02
74735,160.02
74750,160.02
74767,160.02
74782,160.02
74798,160.02
74814,160.02
74829,160.02
74846,160.02
74861,160.02
74877,160.02
74893,160.02
74908,160.02
74925,160.02
74940,162.56
74956,162.56
74972,162.56
74987,160.02
75003,162.56
75019,162.56
75035,160.02
75051,160.02
75067,162.56
75082,160.02
75098,160.02
75114,160.02
75129,165.10
75146,160.02
75161,160.02
75177,162.56
75193,162.56
75208,162.56
75225,104.14
75240,114.30
75256,116.84
75272,114.30
75287,111.76
75303,111.76
75319,111.76
75335,111.76
75351,111.76
75367,114.30
75382,114.30
75398,114.30
75414,114.30
75429,111.76
75446,111.76
75461,111.76
75478,111.76
75493,111.76
75508,111.76
75525,111.76
75540,111.76
75556,111.76
75572,111.76
75587,111.76
75603,114.30
75619,111.76
75635,111.76
75651,111.76
75667,111.76
75682,111.76
75698,111.76
75714,114.30
75729,111.76
75746,111.76
75761,111.76
75778,111.76
75793,111.76
75808,111.76
75825,111.76
75840,111.76
75856,111.76
75872,114.30
75887,111.76
75904,111.76
75919,111.76
75935,111.76
75951,111.76
75967,111.76
75982,111.76
75998,111.76
76014,111.76
76029,119.38
76046,119.38
76061,119.38
76078,162.56
76093,160.02
76108,160.02
76125,157.48
76140,160.02
76156,160.02
76172,157.48
76187,157.48
76204,157.48
76219,157.48
76235,157.48
76251,157.48
76267,157.48
76282,160.02
76298,160.02
76314,147.32
76329,104.14
76346,104.14
76361,106.68
76378,127.00
76393,124.46
76408,124.46
76425,124.46
76440,124.46
76456,127.00
76472,101.60
76487,101.60
76504,104.14
76519,111.76
76535,111.76
76551,111.76
76567,109.22
76582,109.22
76598,109.22
76614,109.22
76630,109.22
76646,111.76
76661,109.22
76678,109.22
-1,-1
77693,109.22
77709,109.22
77724,109.22
77741,109.22
77756,109.22
77772,109.22
77788,109.22
77804,109.22
77819,109.22
77835,109.22
77851,109.22
77867,109.22
77883,109.22
77898,109.22
77914,109.22
77930,109.22
77945,109.22
77962,109.22
77977,109.22
77993,109.22
78009,109.22
78024,111.76
78041,111.76
78056,109.22
78072,109.22
78088,109.22
78104,114.30
78119,111.76
78135,111.76
78151,109.22
78167,109.22
78183,109.22
78198,111.76
78214,111.76
78230,111.76
78245,119.38
78262,127.00
78277,129.54
78294,127.00
78309,127.00
78324,127.00
78341,127.00
78356,160.02
78372,157.48
78388,157.48
78404,104.14
78419,104.14
78435,104.14
78451,157.48
78467,157.48
78483,157.48
78498,157.48
78514,157.48
78530,157.48
78545,162.56
78562,160.02
78577,160.02
78594,101.60
78609,114.30
78624,114.30
78641,116.84
78656,114.30
78672,114.30
78688,114.30
78703,111.76
78720,111.76
78735,111.76
78751,111.76
78767,114.30
78783,111.76
78798,111.76
78814,114.30
78830,111.76
78845,111.76
78862,111.76
78877,111.76
78894,111.76
78909,111.76
78924,111.76
78941,111.76
78956,111.76
78972,111.76
78988,111.76
79003,111.76
79020,111.76
79035,111.76
79051,111.76
79067,111.76
79083,111.76
79098,111.76
79114,111.76
79130,111.76
79145,111.76
79162,111.76
79177,111.76
79194,111.76
79209,111.76
79224,114.30
79241,111.76
79256,111.76
79272,111.76
79288,111.76
79303,111.76
79320,111.76
79335,111.76
79351,111.76
79367,111.76
79383,111.76
79398,119.38
79414,119.38
79430,119.38
79446,162.56
79462,165.10
79477,162.56
79494,160.02
79509,162.56
79524,160.02
79541,162.56
79556,160.02
79572,160.02
79588,160.02
79603,162.56
79620,162.56
79635,162.56
79651,160.02
79667,162.56
79683,162.56
79698,162.56
79714,160.02
79730,160.02
79746,160.02
79762,162.56
79777,160.02
79794,160.02
79809,160.02
79824,160.02
79841,162.56
79856,162.56
79873,160.02
79888,160.02
79903,160.02
79920,162.56
79935,160.02
79951,160.02
79967,162.56
79983,160.02
79998,160.02
80014,160.02
80030,162.56
80046,160.02
80062,162.56
80077,104.14
80094,119.38
80109,119.38
80124,121.92
80141,116.84
80156,114.30
80173,114.30
80188,116.84
80203,116.84
80220,116.84
80235,114.30
80251,114.30
80267,114.30
80283,114.30
80299,114.30
80314,114.30
80330,116.84
80346,116.84
80362,119.38
80377,116.84
-1,-1
81393,294.64
81410,294.64
81425,297.18
81440,297.18
81457,294.64
81472,294.64
81488,292.10
81504,294.64
81520,180.34
81536,213.36
81551,213.36
81567,119.38
81583,121.92
81599,121.92
81614,121.92
81630,370.84
81646,368.30
81661,368.30
81678,365.76
81693,365.76
81710,368.30
81725,355.60
81740,304.80
81757,297.18
81772,116.84
81788,119.38
81804,119.38
81820,114.30
81836,116.84
81851,116.84
81867,116.84
81883,116.84
81899,116.84
81914,116.84
81930,114.30
81946,116.84
81961,119.38
81978,116.84
81993,116.84
82010,116.84
82025,116.84
82040,116.84
82057,116.84
82072,160.02
82088,160.02
82104,160.02
82120,160.02
82136,160.02
82151,162.56
82167,160.02
82183,160.02
82199,162.56
82214,160.02
82230,160.02
82246,160.02
82262,162.56
82278,162.56
82293,160.02
82310,160.02
82325,160.02
82340,160.02
82357,160.02
82372,160.02
82388,162.56
82404,160.02
82419,162.56
82436,160.02
82451,162.56
82467,160.02
82483,162.56
82499,160.02
82514,160.02
82530,160.02
82546,160.02
82562,160.02
82578,160.02
82593,160.02
82609,162.56
82625,162.56
82640,162.56
82657,162.56
82672,162.56
82689,165.10
82704,111.76
82719,111.76
82736,111.76
82751,111.76
82767,111.76
82783,111.76
82798,111.76
82814,111.76
82830,111.76
82846,111.76
82862,114.30
82878,111.76
82893,114.30
82909,111.76
82925,114.30
82940,111.76
82957,114.30
82972,111.76
82989,114.30
83004,111.76
83019,111.76
83036,114.30
83051,111.76
83067,111.76
83083,111.76
83098,111.76
83115,111.76
83130,111.76
83146,111.76
83162,111.76
83178,111.76
83193,114.30
83209,114.30
83225,114.30
83240,111.76
83257,111.76
83272,111.76
83289,114.30
83304,114.30
83319,111.76
83336,111.76
83351,114.30
83367,114.30
83383,114.30
83398,114.30
83415,114.30
83430,114.30
83446,114.30
83462,114.30
83478,114.30
83493,114.30
83509,160.02
83525,160.02
83540,160.02
83557,157.48
83572,157.48
83589,157.48
83604,157.48
83619,157.48
83636,157.48
83651,127.00
83667,127.00
83683,127.00
83698,160.02
83715,157.48
83730,157.48
83746,104.14
83762,104.14
83778,104.14
83793,129.54
83809,127.00
83825,127.00
83841,101.60
83857,114.30
83872,114.30
83888,114.30
83904,114.30
83919,111.76
83936,114.30
83951,109.22
83968,111.76
83983,109.22
83998,109.22
84015,109.22
84030,109.22
84046,109.22
84062,109.22
84078,109.22
-1,-1
85094,109.22
85109,109.22
85125,109.22
85141,109.22
85156,109.22
85173,109.22
85188,109.22
85204,109.22
85220,109.22
85235,109.22
85252,109.22
85267,111.76
85283,109.22
85299,109.22
85314,109.22
85330,114.30
85346,111.76
85362,111.76
85378,109.22
85394,109.22
85409,111.76
85425,109.22
85441,111.76
85456,109.22
85473,111.76
85488,109.22
85505,109.22
85520,109.22
85535,111.76
85552,114.30
85567,111.76
85583,111.76
85599,111.76
85614,111.76
85630,111.76
85646,111.76
85662,111.76
85678,129.54
85694,127.00
85709,127.00
85725,127.00
85741,129.54
85756,127.00
85773,127.00
85788,127.00
85804,127.00
85820,127.00
85835,157.48
85852,157.48
85867,160.02
85883,157.48
85899,157.48
85914,157.48
85931,157.48
85946,157.48
85962,157.48
85978,160.02
85994,157.48
86009,160.02
86025,114.30
86041,116.84
86056,116.84
86073,111.76
86088,111.76
86104,111.76
86120,111.76
86135,111.76
86152,111.76
86167,114.30
86183,111.76
86199,111.76
86214,111.76
86231,111.76
86246,111.76
86262,111.76
86278,111.76
86294,111.76
86309,114.30
86325,111.76
86341,111.76
86356,111.76
86373,111.76
86388,111.76
86404,111.76
86420,111.76
86435,111.76
86452,111.76
86467,111.76
86483,111.76
86499,111.76
86514,111.76
86531,111.76
86546,111.76
86562,111.76
86578,111.76
86594,111.76
86609,111.76
86625,111.76
86641,111.76
86657,111.76
86673,111.76
86688,111.76
86704,111.76
86720,114.30
86735,114.30
86752,114.30
86767,111.76
86784,111.76
86799,111.76
86814,116.84
86831,114.30
86846,114.30
86862,114.30
86878,160.02
86894,160.02
86909,157.48
86925,160.02
86941,160.02
86957,160.02
86973,162.56
86988,165.10
87004,162.56
87020,162.56
87035,162.56
87052,162.56
87067,160.02
87084,160.02
87099,160.02
87114,160.02
87131,160.02
87146,160.02
87162,160.02
87178,160.02
87193,160.02
87209,162.56
87225,160.02
87241,160.02
87257,162.56
87273,162.56
87288,162.56
87304,160.02
87320,162.56
87335,162.56
87352,162.56
87367,160.02
87383,160.02
87399,160.02
87414,162.56
87431,162.56
87446,162.56
87462,116.84
87478,119.38
87493,119.38
87510,116.84
87525,116.84
87541,116.84
87557,116.84
87573,114.30
87588,114.30
87604,114.30
87620,114.30
87635,114.30
87652,114.30
87667,114.30
87683,114.30
87699,114.30
87714,114.30
87731,114.30
87746,114.30
87762,119.38
87778,119.38
-1,-1
