0,88.90
1,88.90
1,88.90
2,88.90
2,88.90
3,88.90
3,91.44
7,88.90
16,88.90
26,88.90
36,88.90
48,88.90
58,88.90
68,88.90
78,88.90
89,88.90
99,88.90
110,88.90
121,88.90
133,88.90
144,88.90
155,88.90
166,88.90
179,88.90
190,88.90
201,88.90
212,88.90
224,88.90
235,88.90
247,88.90
259,88.90
270,88.90
281,88.90
292,88.90
304,91.44
316,88.90
327,88.90
338,88.90
350,88.90
361,88.90
373,88.90
385,88.90
396,88.90
407,88.90
418,88.90
430,88.90
442,88.90
453,88.90
464,88.90
476,88.90
487,88.90
498,88.90
510,88.90
522,88.90
533,88.90
544,88.90
556,88.90
567,88.90
579,88.90
590,88.90
602,88.90
613,88.90
624,88.90
635,88.90
648,88.90
659,88.90
670,88.90
681,88.90
693,88.90
704,88.90
716,88.90
728,88.90
739,88.90
750,88.90
761,88.90
774,88.90
785,88.90
796,88.90
807,88.90
819,88.90
830,88.90
842,88.90
854,88.90
865,88.90
876,88.90
887,88.90
899,88.90
911,88.90
922,88.90
933,88.90
945,88.90
956,88.90
967,88.90
979,88.90
991,88.90
1002,88.90
1014,88.90
1027,88.90
1040,88.90
1052,88.90
1064,88.90
1077,88.90
1089,88.90
1101,88.90
1115,88.90
1127,88.90
1139,88.90
1152,88.90
1164,88.90
1177,88.90
1189,88.90
1202,88.90
1214,88.90
1226,88.90
1240,88.90
1252,88.90
1264,88.90
1276,88.90
1289,88.90
1301,88.90
1314,88.90
1327,88.90
1339,88.90
1351,88.90
1363,88.90
1377,88.90
1389,88.90
1401,88.90
1414,88.90
1426,88.90
1439,88.90
1452,88.90
1464,88.90
1476,88.90
1488,88.90
1501,88.90
1514,88.90
1526,88.90
1539,88.90
1551,88.90
1563,88.90
1576,88.90
1589,88.90
1601,88.90
1613,88.90
1626,88.90
1639,88.90
1651,88.90
1664,88.90
1676,88.90
1688,88.90
1700,88.90
1714,88.90
1726,88.90
1738,88.90
1751,88.90
1763,88.90
1776,88.90
1788,88.90
1801,88.90
1813,88.90
1825,88.90
1839,88.90
1851,88.90
1863,88.90
1875,88.90
1888,88.90
1900,88.90
1913,88.90
1926,88.90
1938,88.90
1950,88.90
1963,88.90
1976,88.90
1988,88.90
2000,88.90
2013,88.90
2025,88.90
2038,88.90
2051,88.90
2063,88.90
2075,88.90
2087,88.90
2100,88.90
2113,88.90
2125,88.90
2138,88.90
2150,88.90
2162,88.90
2176,88.90
2188,88.90
2200,88.90
2212,88.90
2225,88.90
2238,88.90
2250,88.90
2263,88.90
2275,88.90
2287,88.90
2299,88.90
2313,88.90
2325,88.90
2337,88.90
2350,88.90
2362,88.90
2375,88.90
2387,88.90
2400,88.90
2412,88.90
2424,88.90
2438,88.90
2450,88.90
2462,88.90
2475,88.90
2487,88.90
2499,88.90
2512,88.90
2525,88.90
2537,88.90
2549,88.90
2562,88.90
2575,88.90
2587,88.90
2599,88.90
2612,88.90
2624,88.90
2637,88.90
2650,88.90
2662,88.90
2674,88.90
2686,88.90
2699,88.90
2712,88.90
2724,88.90
2737,88.90
2749,88.90
2761,88.90
2775,88.90
2787,88.90
2799,88.90
2811,88.90
2824,91.44
2837,88.90
2849,88.90
2862,88.90
2874,88.90
2886,88.90
2898,91.44
2912,88.90
2924,88.90
2936,91.44
2949,88.90
2961,88.90
2974,88.90
2987,88.90
2999,88.90
3011,88.90
3023,88.90
3037,91.44
3049,88.90
3061,88.90
3074,91.44
3086,88.90
3098,88.90
3111,88.90
3124,88.90
3136,88.90
3148,88.90
3161,88.90
3174,88.90
3186,88.90
3198,88.90
3211,88.90
3223,88.90
3236,88.90
3249,88.90
3261,88.90
3273,88.90
3286,88.90
3298,88.90
3311,88.90
3323,88.90
3336,88.90
3348,88.90
3360,88.90
3374,88.90
3386,88.90
3398,88.90
3410,88.90
3423,88.90
3436,88.90
3448,88.90
3461,88.90
3473,88.90
3485,88.90
3497,88.90
3511,88.90
3523,88.90
3535,88.90
3548,88.90
3560,88.90
3573,88.90
3586,91.44
3598,88.90
3610,88.90
3622,88.90
3636,88.90
3648,88.90
3660,88.90
3673,88.90
3685,88.90
3697,88.90
3710,88.90
3723,88.90
3735,88.90
3747,88.90
3760,88.90
3773,88.90
3785,88.90
3798,88.90
3810,88.90
3822,88.90
3835,88.90
3848,88.90
3860,88.90
3872,88.90
3885,88.90
3897,88.90
3910,88.90
3922,88.90
3935,88.90
3947,88.90
3959,88.90
3973,88.90
3985,88.90
3997,88.90
4009,88.90
4022,88.90
4035,88.90
4047,88.90
4060,88.90
4072,88.90
4084,88.90
4097,88.90
4110,88.90
4122,88.90
4134,88.90
4147,88.90
4159,88.90
4172,88.90
4185,88.90
4197,88.90
4209,88.90
4221,88.90
4235,88.90
4247,88.90
4259,88.90
4272,88.90
4284,88.90
4296,88.90
4310,88.90
4322,88.90
4334,88.90
4346,88.90
4359,88.90
4372,88.90
4384,88.90
4397,88.90
4409,88.90
4421,88.90
4434,88.90
4447,88.90
4459,88.90
4471,88.90
4484,88.90
4496,88.90
4509,88.90
4521,88.90
4534,88.90
4546,88.90
4558,88.90
4572,88.90
4584,88.90
4596,88.90
4609,88.90
4621,88.90
4634,88.90
4646,88.90
4659,88.90
4671,88.90
4683,88.90
4696,88.90
4709,88.90
4721,88.90
4733,88.90
4746,88.90
4758,88.90
4771,88.90
4784,88.90
4796,88.90
4808,88.90
4820,88.90
4834,88.90
4846,88.90
4858,88.90
4871,88.90
4883,88.90
4895,88.90
4909,88.90
4921,88.90
4933,88.90
4945,88.90
4958,88.90
4971,88.90
4983,88.90
4996,88.90
5008,88.90
5020,88.90
5033,88.90
5046,88.90
5058,88.90
5070,88.90
5083,88.90
5095,88.90
5108,88.90
5121,88.90
5133,88.90
5145,88.90
5157,88.90
5171,88.90
5183,88.90
5195,88.90
5208,88.90
5220,91.44
5233,88.90
5245,88.90
5258,88.90
5270,88.90
5282,88.90
5295,88.90
5308,88.90
5320,88.90
5332,88.90
5345,88.90
5357,88.90
5370,88.90
5383,88.90
5395,88.90
5407,88.90
5420,88.90
5433,88.90
5445,88.90
5457,88.90
5470,88.90
5482,88.90
5494,88.90
5508,88.90
5520,91.44
5532,88.90
5544,88.90
5557,88.90
5570,88.90
5582,88.90
5595,88.90
5607,88.90
5619,88.90
5633,88.90
5645,88.90
5657,88.90
5669,88.90
5682,88.90
5694,88.90
5707,88.90
5720,88.90
5732,88.90
5744,88.90
5756,88.90
5770,88.90
5782,88.90
5794,88.90
5807,88.90
5819,88.90
5832,88.90
5844,88.90
5857,88.90
5869,88.90
5881,88.90
5894,88.90
5907,88.90
5919,88.90
5932,88.90
5944,88.90
5956,88.90
5969,88.90
5982,88.90
5994,88.90
6006,88.90
6019,88.90
6032,88.90
6044,88.90
6056,88.90
6069,88.90
6081,88.90
6093,88.90
6107,88.90
6119,88.90
6131,88.90
6144,88.90
6156,88.90
6169,88.90
6181,88.90
6194,88.90
6206,88.90
6218,88.90
6232,88.90
6244,88.90
6256,88.90
6268,88.90
6281,88.90
6293,88.90
6306,88.90
6319,88.90
6331,88.90
6343,88.90
6355,88.90
6369,88.90
6381,88.90
6393,88.90
6406,88.90
6418,88.90
6431,88.90
6444,88.90
6456,88.90
6468,88.90
6480,88.90
6493,88.90
6506,88.90
6518,88.90
6531,88.90
6543,88.90
6555,88.90
6568,88.90
6581,88.90
6593,88.90
6605,88.90
6618,88.90
6631,88.90
6643,88.90
6656,88.90
6668,88.90
6680,88.90
6692,88.90
6706,88.90
6718,88.90
6730,88.90
6743,88.90
6755,88.90
6768,88.90
6780,88.90
6793,88.90
6805,88.90
6817,88.90
6831,88.90
6843,88.90
6855,88.90
6867,88.90
6880,88.90
6892,88.90
6905,88.90
6918,88.90
6930,88.90
6942,88.90
6955,88.90
6968,88.90
6980,88.90
6992,88.90
7005,88.90
7017,88.90
7030,88.90
7043,88.90
7055,88.90
7067,88.90
7079,88.90
7092,88.90
7105,88.90
7117,88.90
7130,88.90
7142,88.90
7154,88.90
7168,88.90
7180,88.90
7192,88.90
7204,88.90
7217,88.90
7230,88.90
7242,88.90
7255,88.90
7267,88.90
7279,88.90
7291,88.90
7305,88.90
7317,88.90
7329,88.90
7342,88.90
7354,88.90
7367,88.90
7379,88.90
7392,88.90
7404,88.90
7416,88.90
7430,88.90
7442,88.90
7454,88.90
7467,88.90
7479,88.90
7491,88.90
7504,88.90
7517,88.90
7529,88.90
7541,88.90
7554,88.90
7567,88.90
7579,88.90
7591,88.90
7604,88.90
7616,88.90
7629,88.90
7642,88.90
7654,88.90
7666,88.90
7678,88.90
7691,88.90
7704,88.90
7716,88.90
7729,88.90
7741,88.90
7753,88.90
7767,88.90
7779,88.90
7791,88.90
7803,88.90
7816,88.90
7829,88.90
7841,88.90
7854,88.90
7866,88.90
7878,88.90
7890,88.90
7904,88.90
7916,88.90
7928,88.90
7941,88.90
7953,88.90
7966,88.90
7979,88.90
7991,88.90
8003,88.90
8015,88.90
8029,88.90
8041,88.90
8053,88.90
8066,88.90
8078,88.90
8090,88.90
8103,88.90
8116,86.36
8128,86.36
8140,86.36
8153,86.36
8166,86.36
8178,86.36
8190,86.36
8203,86.36
8215,86.36
8228,86.36
8241,86.36
8253,86.36
8265,86.36
8278,86.36
8290,86.36
8303,86.36
8315,86.36
8328,86.36
8340,86.36
8352,86.36
8366,86.36
8378,86.36
8390,86.36
8402,86.36
8415,86.36
8428,86.36
8440,86.36
8453,86.36
8465,86.36
8477,86.36
8489,86.36
8503,86.36
8515,86.36
8527,86.36
8540,86.36
8552,86.36
8565,86.36
8578,86.36
8590,86.36
8602,86.36
8614,86.36
8628,86.36
8640,86.36
8652,86.36
8665,86.36
8677,86.36
8689,86.36
8702,86.36
8715,86.36
8727,86.36
8739,86.36
8752,86.36
8765,86.36
8777,86.36
8790,86.36
8802,86.36
8814,86.36
8827,86.36
8840,86.36
8852,86.36
8864,86.36
8877,86.36
8889,86.36
8902,86.36
8914,86.36
8927,86.36
8939,86.36
8951,86.36
8965,86.36
8977,86.36
8989,86.36
9001,86.36
9014,86.36
9027,86.36
9039,86.36
9052,86.36
9064,86.36
9076,86.36
9089,86.36
9102,86.36
9114,86.36
9126,86.36
9139,86.36
9151,86.36
9164,86.36
9177,86.36
9189,86.36
9201,86.36
9213,86.36
9227,86.36
9239,86.36
9251,86.36
9264,86.36
9276,86.36
9288,86.36
9302,86.36
9314,86.36
9326,86.36
9338,86.36
9351,86.36
9364,86.36
9376,86.36
9389,86.36
9401,86.36
9413,86.36
9426,86.36
9439,86.36
9451,86.36
9463,86.36
9476,86.36
9488,86.36
9501,86.36
9513,86.36
9526,86.36
9538,88.90
9550,86.36
9564,86.36
9576,86.36
9588,86.36
9601,86.36
9613,86.36
9626,86.36
9638,86.36
9651,86.36
9663,86.36
9675,86.36
9688,86.36
9701,86.36
9713,86.36
9725,86.36
9738,86.36
9750,86.36
9763,86.36
9776,86.36
9788,86.36
9800,86.36
9812,86.36
9826,86.36
9838,86.36
9850,86.36
9863,86.36
9875,86.36
9887,86.36
9901,86.36
9913,86.36
9925,86.36
9937,86.36
9950,86.36
9963,86.36
9975,86.36
9988,86.36
10000,86.36
10013,86.36
10028,86.36
10041,86.36
10054,86.36
10067,86.36
10081,86.36
10095,86.36
10108,86.36
10122,86.36
10135,86.36
10148,86.36
10163,86.36
10176,86.36
10189,86.36
10203,86.36
10216,86.36
10230,86.36
10244,86.36
10257,86.36
10270,86.36
10284,86.36
10298,86.36
10311,86.36
10324,86.36
10338,86.36
10351,86.36
10365,86.36
10379,86.36
10392,86.36
10405,86.36
10419,86.36
10433,86.36
10446,86.36
10460,86.36
10473,86.36
10486,86.36
10501,86.36
10514,86.36
10527,86.36
10541,86.36
10554,86.36
10568,86.36
10582,86.36
10595,86.36
10608,86.36
10621,86.36
10636,86.36
10649,86.36
10662,86.36
10676,86.36
10690,86.36
10703,86.36
10717,86.36
10730,86.36
10743,86.36
10758,86.36
10771,86.36
10784,86.36
10798,86.36
10811,86.36
10825,86.36
10839,86.36
10852,86.36
10865,86.36
10878,86.36
10893,86.36
10906,86.36
10919,86.36
10933,86.36
10946,86.36
10960,86.36
10974,86.36
10987,86.36
11000,86.36
11014,86.36
11028,86.36
11041,86.36
11055,86.36
11068,86.36
11081,86.36
11096,86.36
11109,86.36
11122,86.36
11136,86.36
11149,86.36
11163,86.36
11176,86.36
11190,86.36
11203,86.36
11216,86.36
11231,86.36
11244,86.36
11257,86.36
11271,86.36
11284,86.36
11298,86.36
11312,86.36
11325,86.36
11338,86.36
11352,86.36
11366,86.36
11379,86.36
11393,86.36
11406,86.36
11419,86.36
11433,86.36
11447,86.36
11460,86.36
11473,88.90
11487,86.36
11501,86.36
11514,86.36
11528,86.36
11541,78.74
11555,78.74
11569,78.74
11582,78.74
11595,78.74
11609,78.74
11623,81.28
11636,78.74
11650,78.74
11663,78.74
11676,78.74
11691,78.74
11704,78.74
11717,78.74
11730,78.74
11744,78.74
11758,78.74
11771,78.74
11785,78.74
11798,78.74
11811,78.74
11826,78.74
11839,78.74
11852,78.74
11866,78.74
11879,78.74
11893,78.74
11907,78.74
11920,78.74
11933,78.74
11947,78.74
11961,78.74
11974,78.74
11987,78.74
12001,78.74
12014,78.74
12028,78.74
12042,78.74
12055,78.74
12068,78.74
12082,78.74
12096,78.74
12109,78.74
12123,78.74
12136,78.74
12149,78.74
12164,78.74
12177,78.74
12190,78.74
12204,78.74
12217,78.74
12231,78.74
12244,78.74
12258,78.74
12271,78.74
12284,78.74
12299,78.74
12312,78.74
12325,78.74
12339,76.20
12352,76.20
12366,76.20
12380,76.20
12393,76.20
12406,76.20
12421,76.20
12434,76.20
12447,76.20
12461,76.20
12474,76.20
12488,76.20
12502,76.20
12515,76.20
12528,76.20
12541,76.20
12556,76.20
12569,76.20
12582,76.20
12596,76.20
12609,76.20
12623,76.20
12637,76.20
12650,76.20
12663,76.20
12677,76.20
12691,76.20
12704,76.20
12718,76.20
12731,76.20
12744,76.20
12759,76.20
12772,76.20
12785,76.20
12798,76.20
12812,76.20
12826,76.20
12839,73.66
12853,73.66
12866,73.66
12879,73.66
12894,73.66
12907,73.66
12920,73.66
12934,73.66
12947,73.66
12961,73.66
12975,73.66
12988,73.66
13001,73.66
13015,73.66
13029,73.66
13042,73.66
13056,73.66
13069,73.66
13082,73.66
13096,73.66
13110,73.66
13123,73.66
13136,73.66
13150,73.66
13164,73.66
13177,73.66
13191,73.66
13204,73.66
13217,73.66
13232,73.66
13245,73.66
13258,73.66
13272,73.66
13286,73.66
13299,73.66
13313,73.66
13326,73.66
13339,73.66
13353,73.66
13367,73.66
13380,73.66
13393,73.66
13407,73.66
13421,73.66
13434,73.66
13448,73.66
13461,73.66
13474,73.66
13489,73.66
13502,73.66
13515,73.66
13529,73.66
13542,73.66
13556,73.66
13570,73.66
13583,73.66
13596,73.66
13609,73.66
13624,73.66
13637,73.66
13650,73.66
13664,73.66
13677,73.66
13691,73.66
13705,73.66
13718,73.66
13731,73.66
13745,73.66
13759,73.66
13772,73.66
13786,73.66
13799,73.66
13812,73.66
13827,73.66
13840,73.66
13853,73.66
13867,73.66
13880,73.66
13894,73.66
13907,73.66
13921,73.66
13934,73.66
13947,73.66
13962,73.66
13975,73.66
13988,73.66
14002,73.66
14015,73.66
14029,73.66
14043,73.66
14056,73.66
14069,73.66
14083,73.66
14097,73.66
14110,73.66
14124,73.66
14137,73.66
14151,73.66
14164,73.66
14178,73.66
14191,73.66
14204,73.66
14219,73.66
14232,73.66
14245,73.66
14259,73.66
14272,76.20
14286,76.20
14300,76.20
14313,83.82
14326,132.08
14341,134.62
14356,134.62
14370,83.82
14384,78.74
14397,78.74
14410,78.74
14425,76.20
14438,76.20
14451,76.20
14465,76.20
14478,78.74
14492,76.20
14505,76.20
14519,76.20
14532,76.20
14545,76.20
14560,76.20
14573,76.20
14586,76.20
14600,76.20
14613,76.20
14627,76.20
14641,76.20
14654,76.20
14667,73.66
14681,73.66
14695,73.66
14708,73.66
14722,73.66
14735,73.66
14748,76.20
14763,73.66
14776,73.66
14789,73.66
14802,73.66
14817,73.66
14830,73.66
14843,73.66
14857,73.66
14870,73.66
14884,73.66
14898,73.66
14911,76.20
14924,76.20
14938,76.20
14952,76.20
14965,73.66
14979,73.66
14992,73.66
15005,73.66
15020,73.66
15033,73.66
15046,73.66
15059,73.66
15073,73.66
15087,73.66
15100,73.66
15114,73.66
15127,73.66
15140,73.66
15155,73.66
15168,73.66
15181,73.66
15195,73.66
15208,73.66
15222,73.66
15236,73.66
15249,73.66
15262,73.66
15276,73.66
15290,73.66
15303,73.66
15316,73.66
15330,73.66
15343,73.66
15357,76.20
15371,73.66
15384,73.66
15397,76.20
15411,73.66
15425,73.66
15438,73.66
15452,73.66
15465,73.66
15478,73.66
15493,73.66
15506,73.66
15519,73.66
15533,73.66
15546,76.20
15560,73.66
15574,73.66
15587,73.66
15600,73.66
15613,73.66
15628,73.66
15641,73.66
15654,73.66
15668,73.66
15682,73.66
15695,73.66
15709,73.66
15722,73.66
15735,73.66
15750,73.66
15763,73.66
15776,76.20
15790,73.66
15803,73.66
15817,73.66
15831,73.66
15844,73.66
15857,73.66
15870,73.66
15885,73.66
15898,73.66
15911,99.06
15925,99.06
15938,99.06
15952,99.06
15966,99.06
15979,99.06
15992,99.06
16006,99.06
16020,99.06
16033,99.06
16047,99.06
16060,96.52
16073,96.52
16088,96.52
16101,99.06
16114,99.06
16128,99.06
16141,99.06
16155,99.06
16168,99.06
16182,99.06
16195,99.06
16208,96.52
16223,96.52
16236,96.52
16249,96.52
16263,96.52
16276,96.52
16290,96.52
16304,96.52
16317,96.52
16330,96.52
16344,96.52
16358,96.52
16371,96.52
16385,96.52
16398,96.52
16411,96.52
16425,96.52
16439,96.52
16452,96.52
16465,96.52
16479,96.52
16493,96.52
16506,96.52
16520,96.52
16533,96.52
16547,96.52
16561,96.52
16574,96.52
16587,96.52
16601,96.52
16615,96.52
16628,96.52
16642,96.52
16655,96.52
16668,96.52
16683,96.52
16696,96.52
16709,96.52
16722,96.52
16736,96.52
16750,96.52
16763,96.52
16777,96.52
16790,96.52
16803,96.52
16818,96.52
16831,96.52
16844,96.52
16858,96.52
16871,96.52
16885,96.52
16899,96.52
16912,96.52
16925,96.52
16939,96.52
16953,96.52
16966,96.52
16979,96.52
16993,96.52
17006,96.52
17020,96.52
17034,96.52
17047,96.52
17060,96.52
17074,96.52
17088,96.52
17101,96.52
17115,96.52
17128,96.52
17141,96.52
17156,93.98
17169,96.52
17182,93.98
17196,93.98
17209,93.98
17223,93.98
17236,93.98
17250,93.98
17263,96.52
17276,93.98
17291,93.98
17304,93.98
17317,93.98
17331,93.98
17344,93.98
17358,96.52
17372,93.98
17385,93.98
17398,93.98
17413,93.98
17426,93.98
17439,93.98
17453,93.98
17466,93.98
17480,93.98
17494,93.98
17507,93.98
17520,93.98
17533,93.98
17548,93.98
17561,93.98
17574,93.98
17588,93.98
17601,93.98
17615,93.98
17629,93.98
17642,93.98
17655,93.98
17669,93.98
17683,93.98
17696,93.98
17710,93.98
17723,93.98
17736,93.98
17751,93.98
17764,93.98
17777,96.52
17790,93.98
17804,93.98
17818,93.98
17831,93.98
17845,93.98
17858,93.98
17871,93.98
17886,93.98
17899,93.98
17912,93.98
17926,93.98
17939,93.98
17953,93.98
17967,93.98
17980,93.98
17993,93.98
18007,93.98
18021,93.98
18034,93.98
18048,93.98
18061,93.98
18074,96.52
18088,93.98
18102,93.98
18115,93.98
18128,93.98
18142,93.98
18156,93.98
18169,93.98
18183,93.98
18196,93.98
18209,93.98
18224,93.98
18237,93.98
18250,93.98
18264,93.98
18278,93.98
18291,93.98
18305,93.98
18318,93.98
18331,93.98
18345,93.98
18359,93.98
18372,93.98
18385,93.98
18399,93.98
18413,93.98
18426,93.98
18440,93.98
18453,93.98
18466,93.98
18481,93.98
18494,93.98
18507,93.98
18521,93.98
18534,93.98
18548,93.98
18562,93.98
18575,93.98
18588,93.98
18601,93.98
18616,96.52
18629,93.98
18642,93.98
18656,93.98
18669,93.98
18683,93.98
18697,93.98
18710,93.98
18723,93.98
18737,93.98
18751,93.98
18764,93.98
18778,93.98
18791,93.98
18804,93.98
18819,93.98
18832,93.98
18845,93.98
18859,93.98
18872,93.98
18886,93.98
18899,93.98
18913,93.98
18926,93.98
18939,93.98
18954,93.98
18967,93.98
18980,93.98
18994,93.98
19007,93.98
19021,93.98
19035,93.98
19048,93.98
19061,93.98
19075,93.98
19089,93.98
19102,93.98
19116,93.98
19129,93.98
19143,93.98
19156,93.98
19170,93.98
19183,93.98
19196,93.98
19211,93.98
19224,93.98
19237,93.98
19251,93.98
19264,93.98
19278,93.98
19292,93.98
19305,93.98
19318,93.98
19332,93.98
19346,93.98
19359,93.98
19373,93.98
19386,93.98
19399,93.98
19414,93.98
19427,93.98
19440,93.98
19453,93.98
19467,93.98
19481,91.44
19494,91.44
19508,91.44
19521,91.44
19534,91.44
19549,91.44
19562,91.44
19575,93.98
19589,93.98
19602,93.98
19616,93.98
19630,93.98
19643,91.44
19656,91.44
19670,91.44
19684,91.44
19697,91.44
19710,91.44
19724,91.44
19737,91.44
19751,91.44
19765,91.44
19778,91.44
19791,91.44
19805,91.44
19819,91.44
19832,91.44
19846,91.44
19859,91.44
19872,93.98
19887,91.44
19900,91.44
19913,91.44
19927,91.44
19940,91.44
19954,91.44
19968,91.44
19981,91.44
19994,91.44
20008,91.44
20022,91.44
20035,91.44
20048,91.44
20062,91.44
20076,91.44
20089,91.44
20103,91.44
20116,91.44
20129,91.44
20144,91.44
20157,91.44
20170,91.44
20184,91.44
20197,91.44
20211,91.44
20225,91.44
20238,91.44
20251,91.44
20264,91.44
20279,91.44
20292,91.44
20305,91.44
20319,91.44
20332,91.44
20346,91.44
20360,91.44
20373,91.44
20386,91.44
20400,91.44
20414,91.44
20427,91.44
20441,91.44
20454,91.44
20467,91.44
20482,91.44
20495,91.44
20508,91.44
20521,91.44
20535,91.44
20549,91.44
20562,91.44
20576,91.44
20589,91.44
20602,91.44
20617,91.44
20630,91.44
20643,91.44
20657,91.44
20670,91.44
20684,91.44
20698,91.44
20711,91.44
20724,91.44
20738,91.44
20752,91.44
20765,91.44
20779,91.44
20792,91.44
20805,91.44
20819,91.44
20833,91.44
20846,91.44
20859,91.44
20874,91.44
20887,91.44
20900,91.44
20914,91.44
20927,91.44
20941,91.44
20955,91.44
20968,91.44
20981,91.44
20995,91.44
21009,91.44
21022,91.44
21036,91.44
21049,91.44
21062,91.44
21076,91.44
21090,91.44
21103,91.44
21116,91.44
21130,91.44
21144,91.44
21157,91.44
21171,91.44
21184,91.44
21197,91.44
21212,91.44
21225,91.44
21238,91.44
21252,91.44
21265,91.44
21279,91.44
21293,91.44
21306,91.44
21319,91.44
21332,91.44
21347,91.44
21360,91.44
21373,91.44
21387,91.44
21400,91.44
21414,91.44
21428,91.44
21441,91.44
21454,91.44
21468,91.44
21482,91.44
21495,91.44
21509,91.44
21522,91.44
21535,91.44
21550,91.44
21563,91.44
21576,91.44
21590,91.44
21603,91.44
21617,91.44
21630,91.44
21644,91.44
21657,91.44
21670,91.44
21685,91.44
21698,91.44
21711,91.44
21725,91.44
21739,91.44
21752,91.44
21766,91.44
21779,91.44
21792,91.44
21807,91.44
21820,91.44
21833,91.44
21847,91.44
21860,91.44
21874,91.44
21888,91.44
21901,91.44
21914,91.44
21927,91.44
21942,91.44
21955,91.44
21968,91.44
21982,91.44
21995,91.44
22009,91.44
22023,91.44
22036,91.44
22049,91.44
22063,91.44
22077,91.44
22090,91.44
22104,91.44
22117,91.44
22130,91.44
22145,91.44
22158,91.44
22171,91.44
22184,91.44
22198,91.44
22212,91.44
22225,91.44
22239,91.44
22252,91.44
22265,91.44
22280,91.44
22293,91.44
22306,91.44
22320,91.44
22333,91.44
22347,91.44
22361,91.44
22374,91.44
22387,91.44
22401,91.44
22415,91.44
22428,91.44
22441,91.44
22455,91.44
22468,91.44
22482,91.44
22496,91.44
22509,91.44
22522,91.44
22536,91.44
22550,91.44
22563,91.44
22577,91.44
22590,91.44
22604,91.44
22618,91.44
22631,91.44
22644,91.44
22658,91.44
22672,91.44
22685,91.44
22699,91.44
22712,91.44
22725,91.44
22739,91.44
22753,91.44
22766,91.44
22779,91.44
22793,91.44
22807,91.44
22820,91.44
22834,91.44
22847,91.44
22860,91.44
22875,91.44
22888,91.44
22901,91.44
22915,91.44
22928,91.44
22942,91.44
22956,91.44
22969,91.44
22982,91.44
22995,91.44
23010,91.44
23023,91.44
23036,91.44
23050,91.44
23063,91.44
23077,91.44
23091,91.44
23104,91.44
23117,91.44
23131,91.44
23145,91.44
23158,91.44
23172,91.44
23185,91.44
23198,91.44
23213,91.44
23226,91.44
23239,91.44
23252,91.44
23266,91.44
23280,91.44
23293,91.44
23307,91.44
23320,91.44
23333,91.44
23348,91.44
23361,91.44
23374,91.44
23388,91.44
23401,91.44
23415,91.44
23429,91.44
23442,91.44
23455,91.44
23470,91.44
23483,91.44
23496,91.44
23510,91.44
23523,91.44
23537,91.44
23550,91.44
23564,91.44
23577,91.44
23590,91.44
23605,91.44
23618,91.44
23631,91.44
23645,91.44
23658,91.44
23672,91.44
23686,91.44
23699,91.44
23712,91.44
23726,91.44
23740,91.44
23753,91.44
23767,91.44
23780,91.44
23793,91.44
23808,91.44
23821,91.44
23834,91.44
23847,91.44
23861,91.44
23875,91.44
23888,91.44
23902,91.44
23915,91.44
23928,91.44
23943,91.44
23956,91.44
23969,91.44
23983,91.44
23996,91.44
24010,91.44
24024,91.44
24037,91.44
24050,91.44
24064,91.44
24078,91.44
24091,91.44
24104,91.44
24118,91.44
24131,91.44
24145,91.44
24159,91.44
24172,91.44
24185,91.44
24199,91.44
24213,91.44
24226,91.44
24240,91.44
24253,91.44
24266,91.44
24281,91.44
24294,91.44
24307,91.44
24321,91.44
24335,91.44
24348,91.44
24361,91.44
24375,91.44
24388,91.44
24402,91.44
24416,91.44
24429,91.44
24442,91.44
24456,91.44
24470,91.44
24483,91.44
24497,91.44
24510,91.44
24523,91.44
24538,91.44
24551,91.44
24564,91.44
24578,93.98
24591,91.44
24605,91.44
24619,91.44
24632,91.44
24645,91.44
24658,91.44
24673,91.44
24686,91.44
24699,91.44
24713,91.44
24726,91.44
24740,91.44
24754,91.44
24767,91.44
24780,91.44
24794,91.44
24808,91.44
24821,91.44
24835,91.44
24848,91.44
24861,91.44
24876,91.44
24889,91.44
24902,91.44
24915,91.44
24929,91.44
24943,91.44
24956,91.44
24970,91.44
24983,91.44
24996,91.44
25011,91.44
