999,12,0,96.52
1000,12,0,96.52
1001,12,0,93.98
1002,12,0,96.52
1003,12,0,96.52
1019,12,1,96.52
1037,12,2,96.52
1055,12,3,96.52
1073,12,4,96.52
1090,12,5,96.52
1107,12,6,96.52
1126,12,7,96.52
1143,12,8,96.52
1161,12,9,96.52
1178,12,10,96.52
1198,12,11,96.52
1216,12,12,96.52
1234,12,13,96.52
1254,12,14,96.52
1272,12,15,96.52
1291,12,16,96.52
1309,12,17,96.52
1329,12,18,96.52
1347,12,19,96.52
1366,12,20,96.52
1385,12,21,96.52
1403,12,22,96.52
1422,12,23,96.52
1440,12,24,96.52
1460,12,25,96.52
1478,12,26,96.52
1497,12,27,96.52
1515,12,28,96.52
1534,12,29,96.52
1553,12,30,96.52
1571,12,31,96.52
1591,12,32,96.52
1609,12,33,96.52
1628,12,34,99.06
1646,12,35,96.52
1666,12,36,99.06
1684,12,37,96.52
1702,12,38,99.06
1722,12,39,99.06
1740,12,40,99.06
1759,12,41,99.06
1777,12,42,101.60
1798,12,43,101.60
1817,12,44,101.60
1837,12,45,101.60
1857,12,46,101.60
1876,12,47,134.62
1896,12,48,134.62
1916,12,49,142.24
1936,12,50,134.62
1955,12,51,137.16
1975,12,52,134.62
1995,12,53,134.62
2015,12,54,137.16
2034,12,55,137.16
2055,12,56,137.16
2074,12,57,134.62
2094,12,58,134.62
2113,12,59,134.62
2134,12,60,137.16
2153,12,61,139.70
2172,12,62,99.06
2192,12,63,99.06
2210,12,64,96.52
2229,12,65,93.98
2247,12,66,93.98
2267,12,67,93.98
2285,12,68,93.98
2304,12,69,93.98
2323,12,70,93.98
2341,12,71,91.44
2360,12,72,91.44
2378,12,73,91.44
2398,12,74,91.44
2416,12,75,91.44
2435,12,76,93.98
2454,12,77,93.98
2472,12,78,91.44
2491,12,79,93.98
2509,12,80,93.98
2529,12,81,93.98
2547,12,82,93.98
2566,12,83,96.52
2585,12,84,93.98
2604,12,85,93.98
2622,12,86,93.98
2640,12,87,93.98
2660,12,88,96.52
2678,12,89,93.98
-1,-1
2704,12,90,96.52
2723,12,89,101.60
2743,12,88,96.52
2761,12,87,99.06
2780,12,86,101.60
2800,12,85,101.60
2820,12,84,101.60
2839,12,83,101.60
2860,12,82,101.60
2879,12,81,101.60
2898,12,80,99.06
2918,12,79,101.60
2937,12,78,101.60
2957,12,77,99.06
2975,12,76,99.06
2995,12,75,101.60
3014,12,74,99.06
3033,12,73,99.06
3052,12,72,99.06
3070,12,71,99.06
3089,12,70,101.60
3108,12,69,99.06
3128,12,68,93.98
3146,12,67,96.52
3165,12,66,93.98
3184,12,65,96.52
3203,12,64,96.52
3221,12,63,99.06
3239,12,62,99.06
3259,12,61,104.14
3278,12,60,109.22
3298,12,59,109.22
3318,12,58,114.30
3338,12,57,114.30
3357,12,56,109.22
3377,12,55,99.06
3396,12,54,101.60
3416,12,53,104.14
3435,12,52,104.14
3456,12,51,101.60
3475,12,50,99.06
3493,12,49,101.60
3514,12,48,101.60
3533,12,47,101.60
3553,12,46,99.06
3571,12,45,99.06
3591,12,44,99.06
3609,12,43,99.06
3628,12,42,96.52
3647,12,41,96.52
3665,12,40,137.16
3685,12,39,137.16
3704,12,38,137.16
3725,12,37,137.16
3744,12,36,132.08
3764,12,35,137.16
3784,12,34,139.70
3804,12,33,134.62
3823,12,32,137.16
3843,12,31,137.16
3863,12,30,137.16
3883,12,29,137.16
3902,12,28,106.68
3922,12,27,106.68
3942,12,26,106.68
3961,12,25,104.14
3982,12,24,106.68
4001,12,23,104.14
4021,12,22,101.60
4040,12,21,104.14
4061,12,20,104.14
4080,12,19,104.14
4100,12,18,104.14
4120,12,17,104.14
4140,12,16,101.60
4159,12,15,101.60
4179,12,14,101.60
4199,12,13,101.60
4218,12,12,101.60
4238,12,11,101.60
4258,12,10,101.60
4278,12,9,101.60
4296,12,8,101.60
4316,12,7,101.60
4334,12,6,101.60
4353,12,5,101.60
4371,12,4,101.60
4390,12,3,99.06
4408,12,2,101.60
4426,12,1,99.06
-1,-1
4452,11,0,99.06
4469,11,1,99.06
4487,11,2,99.06
4504,11,3,96.52
4523,11,4,99.06
4540,11,5,99.06
4557,11,6,99.06
4575,11,7,99.06
4593,11,8,99.06
4611,11,9,99.06
4628,11,10,99.06
4647,11,11,96.52
4666,11,12,96.52
4684,11,13,96.52
4703,11,14,96.52
4722,11,15,99.06
4741,11,16,96.52
4759,11,17,99.06
4779,11,18,96.52
4797,11,19,96.52
4815,11,20,96.52
4834,11,21,96.52
4853,11,22,96.52
4872,11,23,96.52
4890,11,24,99.06
4909,11,25,96.52
4928,11,26,96.52
4946,11,27,96.52
4965,11,28,96.52
4984,11,29,96.52
5003,11,30,96.52
5021,11,31,96.52
5040,11,32,96.52
5059,11,33,96.52
5078,11,34,96.52
5096,11,35,96.52
5115,11,36,96.52
5134,11,37,96.52
5152,11,38,96.52
5171,11,39,96.52
5190,11,40,96.52
5209,11,41,96.52
5227,11,42,96.52
5246,11,43,99.06
5265,11,44,99.06
5283,11,45,99.06
5302,11,46,99.06
5321,11,47,99.06
5340,11,48,132.08
5359,11,49,132.08
5380,11,50,132.08
5399,11,51,132.08
5419,11,52,132.08
5438,11,53,132.08
5458,11,54,132.08
5478,11,55,132.08
5497,11,56,132.08
5518,11,57,132.08
5537,11,58,132.08
5557,11,59,132.08
5577,11,60,132.08
5597,11,61,132.08
5616,11,62,132.08
5636,11,63,93.98
5655,11,64,96.52
5673,11,65,93.98
5692,11,66,91.44
5711,11,67,91.44
5730,11,68,91.44
5748,11,69,91.44
5767,11,70,91.44
5786,11,71,91.44
5805,11,72,91.44
5823,11,73,91.44
5841,11,74,91.44
5861,11,75,91.44
5879,11,76,91.44
5898,11,77,91.44
5917,11,78,91.44
5936,11,79,91.44
5954,11,80,91.44
5972,11,81,91.44
5992,11,82,91.44
6010,11,83,91.44
6029,11,84,93.98
6048,11,85,93.98
6067,11,86,93.98
6085,11,87,96.52
6104,11,88,101.60
6124,11,89,96.52
-1,-1
6150,11,90,114.30
6169,11,89,121.92
6190,11,88,121.92
6209,11,87,139.70
6228,11,86,121.92
6249,11,85,124.46
6268,11,84,114.30
6288,11,83,109.22
6307,11,82,111.76
6328,11,81,109.22
6347,11,80,109.22
6367,11,79,106.68
6387,11,78,106.68
6407,11,77,106.68
6426,11,76,104.14
6447,11,75,104.14
6466,11,74,104.14
6486,11,73,96.52
6504,11,72,96.52
6523,11,71,99.06
6542,11,70,104.14
6561,11,69,99.06
6581,11,68,114.30
6600,11,67,109.22
6620,11,66,104.14
6639,11,65,106.68
6660,11,64,134.62
6679,11,63,101.60
6699,11,62,99.06
6718,11,61,101.60
6737,11,60,104.14
6757,11,59,101.60
6777,11,58,104.14
6797,11,57,99.06
6815,11,56,101.60
6835,11,55,101.60
6855,11,54,99.06
6874,11,53,99.06
6892,11,52,101.60
6913,11,51,99.06
6931,11,50,99.06
6949,11,49,99.06
6968,11,48,99.06
6987,11,47,96.52
7006,11,46,106.68
7025,11,45,93.98
7045,11,44,96.52
7063,11,43,101.60
7083,11,42,99.06
7101,11,41,99.06
7120,11,40,137.16
7140,11,39,137.16
7159,11,38,137.16
7180,11,37,134.62
7199,11,36,134.62
7219,11,35,134.62
7238,11,34,134.62
7259,11,33,134.62
7278,11,32,134.62
7298,11,31,134.62
7318,11,30,134.62
7337,11,29,134.62
7357,11,28,134.62
7377,11,27,104.14
7397,11,26,104.14
7416,11,25,101.60
7436,11,24,101.60
7456,11,23,101.60
7476,11,22,96.52
7494,11,21,99.06
7514,11,20,96.52
7532,11,19,96.52
7550,11,18,106.68
7570,11,17,99.06
7589,11,16,99.06
7608,11,15,96.52
7626,11,14,96.52
7646,11,13,96.52
7664,11,12,96.52
7683,11,11,96.52
7701,11,10,96.52
7720,11,9,99.06
7738,11,8,99.06
7755,11,7,99.06
7774,11,6,96.52
7791,11,5,96.52
7809,11,4,96.52
7826,11,3,99.06
7844,11,2,99.06
7862,11,1,96.52
-1,-1
7886,10,0,96.52
7904,10,1,96.52
7922,10,2,96.52
7940,10,3,96.52
7957,10,4,96.52
7975,10,5,96.52
7993,10,6,96.52
8010,10,7,96.52
8028,10,8,96.52
8046,10,9,101.60
8065,10,10,96.52
8083,10,11,96.52
8101,10,12,96.52
8121,10,13,96.52
8139,10,14,96.52
8158,10,15,96.52
8177,10,16,96.52
8196,10,17,96.52
8214,10,18,96.52
8232,10,19,96.52
8252,10,20,96.52
8270,10,21,96.52
8289,10,22,96.52
8308,10,23,96.52
8327,10,24,96.52
8345,10,25,96.52
8364,10,26,96.52
8383,10,27,96.52
8401,10,28,96.52
8420,10,29,96.52
8439,10,30,96.52
8458,10,31,96.52
8476,10,32,96.52
8495,10,33,96.52
8514,10,34,96.52
8532,10,35,96.52
8551,10,36,93.98
8569,10,37,96.52
8589,10,38,93.98
8607,10,39,96.52
8626,10,40,93.98
8645,10,41,96.52
8664,10,42,96.52
8682,10,43,96.52
8700,10,44,99.06
8720,10,45,99.06
8738,10,46,99.06
8757,10,47,96.52
8776,10,48,96.52
8795,10,49,99.06
8813,10,50,132.08
8833,10,51,129.54
8853,10,52,132.08
8872,10,53,129.54
8892,10,54,129.54
8912,10,55,129.54
8932,10,56,129.54
8951,10,57,132.08
8972,10,58,132.08
8991,10,59,132.08
9011,10,60,93.98
9029,10,61,93.98
9049,10,62,91.44
9067,10,63,91.44
9085,10,64,91.44
9105,10,65,91.44
9123,10,66,88.90
9142,10,67,91.44
9160,10,68,91.44
9180,10,69,91.44
9198,10,70,91.44
9217,10,71,91.44
9235,10,72,91.44
9254,10,73,91.44
9273,10,74,91.44
9291,10,75,91.44
9311,10,76,91.44
9329,10,77,91.44
9348,10,78,91.44
9366,10,79,91.44
9385,10,80,91.44
9404,10,81,91.44
9422,10,82,91.44
9442,10,83,93.98
9460,10,84,93.98
9479,10,85,99.06
9497,10,86,101.60
9518,10,87,101.60
9537,10,88,104.14
9556,10,89,127.00
-1,-1
9584,10,90,101.60
9604,10,89,104.14
9623,10,88,99.06
9643,10,87,129.54
9662,10,86,137.16
9681,10,85,114.30
9701,10,84,114.30
9721,10,83,111.76
9741,10,82,114.30
9760,10,81,114.30
9781,10,80,111.76
9800,10,79,114.30
9820,10,78,114.30
9840,10,77,116.84
9860,10,76,116.84
9879,10,75,116.84
9899,10,74,109.22
9919,10,73,114.30
9938,10,72,121.92
9958,10,71,127.00
9978,10,70,104.14
9998,10,69,109.22
10017,10,68,99.06
10038,10,67,104.14
10058,10,66,109.22
10079,10,65,99.06
10098,10,64,109.22
10120,10,63,104.14
10140,10,62,93.98
10160,10,61,91.44
10180,10,60,91.44
10200,10,59,101.60
10220,10,58,96.52
10241,10,57,93.98
10260,10,56,101.60
10280,10,55,101.60
10301,10,54,99.06
10321,10,53,93.98
10341,10,52,91.44
10360,10,51,93.98
10381,10,50,91.44
10400,10,49,96.52
10420,10,48,96.52
10440,10,47,96.52
10460,10,46,96.52
10479,10,45,96.52
10499,10,44,93.98
10519,10,43,93.98
10539,10,42,134.62
10559,10,41,134.62
10580,10,40,132.08
10601,10,39,132.08
10621,10,38,132.08
10643,10,37,134.62
10663,10,36,134.62
10684,10,35,132.08
10705,10,34,134.62
10726,10,33,132.08
10746,10,32,134.62
10767,10,31,134.62
10788,10,30,134.62
10809,10,29,134.62
10829,10,28,101.60
10851,10,27,101.60
10871,10,26,101.60
10892,10,25,99.06
10912,10,24,99.06
10932,10,23,99.06
10951,10,22,99.06
10972,10,21,99.06
10991,10,20,96.52
11011,10,19,96.52
11030,10,18,96.52
11051,10,17,96.52
11070,10,16,96.52
11089,10,15,96.52
11110,10,14,96.52
11129,10,13,96.52
11149,10,12,96.52
11169,10,11,96.52
11189,10,10,96.52
11208,10,9,96.52
11227,10,8,96.52
11246,10,7,96.52
11265,10,6,96.52
11283,10,5,96.52
11302,10,4,96.52
11321,10,3,99.06
11339,10,2,96.52
11358,10,1,99.06
-1,-1
11384,9,0,96.52
11402,9,1,96.52
11419,9,2,96.52
11438,9,3,96.52
11455,9,4,96.52
11472,9,5,96.52
11490,9,6,96.52
11508,9,7,96.52
11526,9,8,96.52
11543,9,9,96.52
11560,9,10,96.52
11580,9,11,96.52
11598,9,12,96.52
11617,9,13,96.52
11636,9,14,96.52
11655,9,15,96.52
11673,9,16,96.52
11692,9,17,96.52
11711,9,18,96.52
11729,9,19,96.52
11748,9,20,96.52
11767,9,21,96.52
11786,9,22,96.52
11804,9,23,96.52
11823,9,24,96.52
11842,9,25,96.52
11860,9,26,96.52
11879,9,27,96.52
11897,9,28,93.98
11917,9,29,93.98
11935,9,30,96.52
11954,9,31,96.52
11973,9,32,96.52
11992,9,33,96.52
12010,9,34,96.52
12028,9,35,93.98
12048,9,36,96.52
12066,9,37,93.98
12085,9,38,96.52
12104,9,39,96.52
12123,9,40,93.98
12141,9,41,96.52
12160,9,42,96.52
12179,9,43,96.52
12197,9,44,96.52
12216,9,45,96.52
12235,9,46,96.52
12254,9,47,96.52
12272,9,48,132.08
12292,9,49,129.54
12312,9,50,129.54
12332,9,51,129.54
12351,9,52,129.54
12371,9,53,129.54
12391,9,54,129.54
12410,9,55,129.54
12430,9,56,129.54
12450,9,57,129.54
12470,9,58,129.54
12489,9,59,129.54
12510,9,60,83.82
12528,9,61,93.98
12547,9,62,93.98
12566,9,63,88.90
12584,9,64,91.44
12603,9,65,91.44
12621,9,66,91.44
12641,9,67,91.44
12659,9,68,91.44
12678,9,69,91.44
12696,9,70,91.44
12716,9,71,91.44
12734,9,72,91.44
12752,9,73,91.44
12772,9,74,91.44
12790,9,75,91.44
12809,9,76,91.44
12827,9,77,91.44
12847,9,78,91.44
12865,9,79,91.44
12883,9,80,91.44
12903,9,81,91.44
12921,9,82,91.44
12940,9,83,91.44
12958,9,84,91.44
12978,9,85,91.44
12996,9,86,93.98
13015,9,87,93.98
13034,9,88,93.98
13052,9,89,91.44
-1,-1
13078,9,90,96.52
13096,9,89,93.98
13116,9,88,93.98
13134,9,87,93.98
13153,9,86,93.98
13172,9,85,93.98
13191,9,84,93.98
13209,9,83,93.98
13228,9,82,93.98
13247,9,81,93.98
13265,9,80,93.98
13284,9,79,93.98
13303,9,78,93.98
13322,9,77,93.98
13340,9,76,93.98
13359,9,75,93.98
13378,9,74,93.98
13396,9,73,93.98
13415,9,72,93.98
13434,9,71,93.98
13453,9,70,96.52
13471,9,69,96.52
13490,9,68,96.52
13509,9,67,96.52
13528,9,66,96.52
13546,9,65,96.52
13565,9,64,96.52
13584,9,63,96.52
13602,9,62,96.52
13621,9,61,93.98
13640,9,60,106.68
13660,9,59,93.98
13678,9,58,93.98
13698,9,57,93.98
13716,9,56,93.98
13734,9,55,93.98
13753,9,54,93.98
13772,9,53,93.98
13791,9,52,93.98
13809,9,51,93.98
13828,9,50,91.44
13847,9,49,91.44
13865,9,48,91.44
13884,9,47,91.44
13903,9,46,91.44
13922,9,45,91.44
13940,9,44,91.44
13959,9,43,93.98
13978,9,42,93.98
13997,9,41,109.22
14016,9,40,132.08
14036,9,39,147.32
14056,9,38,132.08
14075,9,37,132.08
14095,9,36,132.08
14115,9,35,132.08
14135,9,34,139.70
14154,9,33,132.08
14175,9,32,132.08
14194,9,31,132.08
14214,9,30,132.08
14234,9,29,132.08
14254,9,28,132.08
14273,9,27,132.08
14292,9,26,99.06
14312,9,25,101.60
14331,9,24,101.60
14351,9,23,96.52
14370,9,22,96.52
14389,9,21,96.52
14407,9,20,96.52
14426,9,19,96.52
14445,9,18,96.52
14464,9,17,96.52
14482,9,16,96.52
14501,9,15,96.52
14520,9,14,96.52
14538,9,13,96.52
14557,9,12,96.52
14576,9,11,96.52
14595,9,10,96.52
14613,9,9,96.52
14631,9,8,96.52
14649,9,7,96.52
14666,9,6,96.52
14684,9,5,96.52
14702,9,4,96.52
14720,9,3,96.52
14737,9,2,96.52
14754,9,1,96.52
-1,-1
14780,8,0,96.52
14797,8,1,96.52
14815,8,2,96.52
14833,8,3,96.52
14851,8,4,96.52
14868,8,5,96.52
14885,8,6,96.52
14904,8,7,96.52
14921,8,8,96.52
14939,8,9,96.52
14956,8,10,96.52
14976,8,11,96.52
14994,8,12,96.52
15012,8,13,96.52
15032,8,14,96.52
15050,8,15,96.52
15069,8,16,96.52
15087,8,17,96.52
15107,8,18,96.52
15125,8,19,96.52
15143,8,20,96.52
15163,8,21,96.52
15181,8,22,96.52
15200,8,23,96.52
15218,8,24,96.52
15238,8,25,96.52
15256,8,26,93.98
15275,8,27,96.52
15293,8,28,96.52
15312,8,29,96.52
15331,8,30,96.52
15349,8,31,96.52
15369,8,32,93.98
15387,8,33,93.98
15406,8,34,93.98
15424,8,35,93.98
15443,8,36,96.52
15462,8,37,96.52
15480,8,38,93.98
15500,8,39,96.52
15518,8,40,93.98
15537,8,41,96.52
15555,8,42,96.52
15575,8,43,96.52
15593,8,44,96.52
15611,8,45,96.52
15631,8,46,114.30
15650,8,47,132.08
15670,8,48,134.62
15689,8,49,132.08
15710,8,50,132.08
15729,8,51,129.54
15749,8,52,129.54
15769,8,53,134.62
15789,8,54,132.08
15808,8,55,132.08
15828,8,56,132.08
15848,8,57,132.08
15867,8,58,132.08
15887,8,59,132.08
15907,8,60,132.08
15927,8,61,96.52
15945,8,62,93.98
15965,8,63,93.98
15983,8,64,91.44
16002,8,65,91.44
16020,8,66,91.44
16039,8,67,91.44
16058,8,68,88.90
16076,8,69,91.44
16096,8,70,91.44
16114,8,71,91.44
16133,8,72,88.90
16151,8,73,91.44
16171,8,74,91.44
16189,8,75,91.44
16207,8,76,91.44
16227,8,77,91.44
16245,8,78,91.44
16264,8,79,96.52
16282,8,80,91.44
16302,8,81,91.44
16320,8,82,91.44
16338,8,83,91.44
16357,8,84,91.44
16376,8,85,91.44
16395,8,86,91.44
16413,8,87,91.44
16433,8,88,91.44
16451,8,89,91.44
-1,-1
16477,8,90,91.44
16496,8,89,93.98
16515,8,88,93.98
16533,8,87,93.98
16551,8,86,93.98
16571,8,85,104.14
16590,8,84,96.52
16609,8,83,96.52
16628,8,82,99.06
16647,8,81,99.06
16665,8,80,101.60
16685,8,79,101.60
16705,8,78,99.06
16723,8,77,99.06
16742,8,76,99.06
16761,8,75,96.52
16780,8,74,99.06
16798,8,73,101.60
16818,8,72,96.52
16837,8,71,96.52
16856,8,70,91.44
16874,8,69,88.90
16893,8,68,91.44
16912,8,67,88.90
16930,8,66,93.98
16949,8,65,93.98
16968,8,64,91.44
16987,8,63,93.98
17005,8,62,91.44
17024,8,61,91.44
17043,8,60,91.44
17061,8,59,91.44
17080,8,58,91.44
17099,8,57,91.44
17118,8,56,91.44
17136,8,55,91.44
17155,8,54,99.06
17174,8,53,91.44
17192,8,52,91.44
17211,8,51,91.44
17230,8,50,91.44
17249,8,49,91.44
17267,8,48,91.44
17286,8,47,91.44
17305,8,46,91.44
17324,8,45,91.44
17342,8,44,91.44
17361,8,43,96.52
17380,8,42,93.98
17398,8,41,93.98
17417,8,40,134.62
17437,8,39,134.62
17457,8,38,132.08
17476,8,37,132.08
17497,8,36,132.08
17516,8,35,132.08
17536,8,34,132.08
17555,8,33,132.08
17575,8,32,132.08
17595,8,31,132.08
17614,8,30,132.08
17635,8,29,132.08
17654,8,28,132.08
17674,8,27,99.06
17693,8,26,99.06
17712,8,25,99.06
17730,8,24,99.06
17748,8,23,99.06
17768,8,22,96.52
17786,8,21,96.52
17805,8,20,96.52
17824,8,19,96.52
17843,8,18,96.52
17861,8,17,96.52
17880,8,16,96.52
17899,8,15,96.52
17917,8,14,96.52
17936,8,13,96.52
17954,8,12,96.52
17974,8,11,96.52
17992,8,10,96.52
18011,8,9,96.52
18029,8,8,96.52
18046,8,7,96.52
18064,8,6,96.52
18081,8,5,96.52
18100,8,4,96.52
18117,8,3,96.52
18135,8,2,96.52
18152,8,1,96.52
-1,-1
18178,7,0,96.52
18195,7,1,96.52
18212,7,2,96.52
18231,7,3,96.52
18248,7,4,96.52
18266,7,5,96.52
18283,7,6,96.52
18301,7,7,96.52
18319,7,8,96.52
18336,7,9,96.52
18354,7,10,96.52
18373,7,11,96.52
18392,7,12,96.52
18410,7,13,96.52
18429,7,14,96.52
18448,7,15,96.52
18466,7,16,96.52
18485,7,17,96.52
18504,7,18,96.52
18523,7,19,96.52
18541,7,20,109.22
18562,7,21,96.52
18580,7,22,96.52
18598,7,23,96.52
18617,7,24,96.52
18636,7,25,96.52
18655,7,26,96.52
18673,7,27,96.52
18693,7,28,96.52
18711,7,29,96.52
18729,7,30,96.52
18748,7,31,96.52
18767,7,32,96.52
18786,7,33,96.52
18804,7,34,96.52
18824,7,35,96.52
18842,7,36,96.52
18861,7,37,96.52
18879,7,38,96.52
18898,7,39,96.52
18917,7,40,96.52
18935,7,41,96.52
18954,7,42,96.52
18973,7,43,96.52
18992,7,44,96.52
19010,7,45,99.06
19030,7,46,99.06
19048,7,47,99.06
19066,7,48,99.06
19085,7,49,99.06
19104,7,50,132.08
19124,7,51,129.54
19143,7,52,129.54
19164,7,53,132.08
19183,7,54,132.08
19203,7,55,132.08
19223,7,56,132.08
19243,7,57,132.08
19262,7,58,132.08
19281,7,59,132.08
19302,7,60,96.52
19320,7,61,96.52
19339,7,62,96.52
19358,7,63,93.98
19377,7,64,93.98
19395,7,65,88.90
19414,7,66,91.44
19433,7,67,91.44
19451,7,68,91.44
19470,7,69,91.44
19489,7,70,91.44
19508,7,71,88.90
19526,7,72,91.44
19545,7,73,91.44
19564,7,74,91.44
19582,7,75,91.44
19601,7,76,88.90
19619,7,77,91.44
19639,7,78,91.44
19657,7,79,91.44
19676,7,80,91.44
19695,7,81,91.44
19714,7,82,91.44
19732,7,83,91.44
19750,7,84,91.44
19770,7,85,91.44
19788,7,86,91.44
19807,7,87,91.44
19826,7,88,91.44
19845,7,89,91.44
-1,-1
19870,7,90,91.44
19890,7,89,91.44
19908,7,88,93.98
19927,7,87,96.52
19945,7,86,91.44
19964,7,85,91.44
19983,7,84,96.52
20001,7,83,96.52
20021,7,82,96.52
20039,7,81,96.52
20058,7,80,96.52
20076,7,79,96.52
20096,7,78,96.52
20114,7,77,96.52
20132,7,76,93.98
20151,7,75,93.98
20170,7,74,96.52
20189,7,73,96.52
20207,7,72,96.52
20227,7,71,93.98
20245,7,70,91.44
20263,7,69,88.90
20282,7,68,96.52
20301,7,67,93.98
20320,7,66,93.98
20338,7,65,91.44
20358,7,64,91.44
20376,7,63,91.44
20395,7,62,91.44
20413,7,61,91.44
20432,7,60,91.44
20451,7,59,91.44
20469,7,58,91.44
20489,7,57,91.44
20507,7,56,91.44
20526,7,55,91.44
20544,7,54,91.44
20563,7,53,91.44
20582,7,52,91.44
20600,7,51,91.44
20620,7,50,91.44
20638,7,49,91.44
20657,7,48,91.44
20675,7,47,91.44
20695,7,46,91.44
20713,7,45,91.44
20731,7,44,93.98
20750,7,43,93.98
20769,7,42,93.98
20788,7,41,134.62
20807,7,40,132.08
20828,7,39,132.08
20847,7,38,132.08
20867,7,37,132.08
20887,7,36,132.08
20907,7,35,132.08
20926,7,34,132.08
20945,7,33,132.08
20966,7,32,132.08
20985,7,31,132.08
21005,7,30,132.08
21025,7,29,78.74
21044,7,28,99.06
21062,7,27,101.60
21082,7,26,99.06
21101,7,25,99.06
21120,7,24,99.06
21138,7,23,96.52
21157,7,22,96.52
21176,7,21,93.98
21194,7,20,96.52
21213,7,19,96.52
21232,7,18,93.98
21251,7,17,93.98
21269,7,16,96.52
21288,7,15,93.98
21307,7,14,96.52
21325,7,13,93.98
21344,7,12,96.52
21363,7,11,96.52
21382,7,10,96.52
21400,7,9,96.52
21419,7,8,96.52
21436,7,7,96.52
21453,7,6,96.52
21471,7,5,93.98
21489,7,4,93.98
21507,7,3,96.52
21524,7,2,93.98
21541,7,1,93.98
-1,-1
21567,6,0,96.52
21584,6,1,96.52
21602,6,2,96.52
21620,6,3,96.52
21638,6,4,96.52
21655,6,5,96.52
21672,6,6,96.52
21691,6,7,96.52
21708,6,8,96.52
21726,6,9,96.52
21743,6,10,96.52
21763,6,11,96.52
21781,6,12,96.52
21799,6,13,96.52
21819,6,14,96.52
21837,6,15,96.52
21856,6,16,96.52
21874,6,17,96.52
21894,6,18,96.52
21912,6,19,96.52
21931,6,20,96.52
21949,6,21,96.52
21968,6,22,93.98
21987,6,23,93.98
22005,6,24,93.98
22025,6,25,96.52
22043,6,26,93.98
22062,6,27,93.98
22080,6,28,96.52
22099,6,29,96.52
22118,6,30,93.98
22136,6,31,96.52
22156,6,32,93.98
22174,6,33,96.52
22193,6,34,96.52
22211,6,35,96.52
22231,6,36,93.98
22249,6,37,93.98
22267,6,38,93.98
22287,6,39,93.98
22305,6,40,96.52
22324,6,41,96.52
22342,6,42,96.52
22362,6,43,101.60
22381,6,44,96.52
22400,6,45,96.52
22419,6,46,96.52
22437,6,47,96.52
22456,6,48,96.52
22474,6,49,129.54
22495,6,50,129.54
22514,6,51,134.62
22534,6,52,132.08
22554,6,53,132.08
22574,6,54,132.08
22593,6,55,129.54
22612,6,56,129.54
22633,6,57,132.08
22652,6,58,132.08
22672,6,59,132.08
22692,6,60,132.08
22712,6,61,96.52
22730,6,62,93.98
22750,6,63,93.98
22768,6,64,91.44
22787,6,65,91.44
22805,6,66,91.44
22824,6,67,88.90
22843,6,68,88.90
22861,6,69,88.90
22880,6,70,91.44
22899,6,71,91.44
22918,6,72,88.90
22936,6,73,88.90
22956,6,74,88.90
22974,6,75,88.90
22992,6,76,91.44
23011,6,77,91.44
23030,6,78,91.44
23049,6,79,91.44
23067,6,80,88.90
23087,6,81,91.44
23105,6,82,88.90
23123,6,83,91.44
23142,6,84,91.44
23161,6,85,91.44
23180,6,86,91.44
23198,6,87,93.98
23218,6,88,91.44
23236,6,89,91.44
-1,-1
23262,6,90,88.90
23280,6,89,88.90
23300,6,88,91.44
23318,6,87,96.52
23336,6,86,96.52
23356,6,85,99.06
23374,6,84,96.52
23393,6,83,96.52
23411,6,82,93.98
23431,6,81,93.98
23449,6,80,93.98
23468,6,79,96.52
23487,6,78,96.52
23505,6,77,96.52
23524,6,76,96.52
23542,6,75,96.52
23562,6,74,96.52
23580,6,73,99.06
23599,6,72,93.98
23618,6,71,91.44
23636,6,70,93.98
23655,6,69,91.44
23673,6,68,93.98
23693,6,67,91.44
23711,6,66,91.44
23730,6,65,91.44
23749,6,64,91.44
23768,6,63,91.44
23786,6,62,91.44
23804,6,61,91.44
23824,6,60,91.44
23842,6,59,91.44
23861,6,58,91.44
23879,6,57,91.44
23899,6,56,91.44
23917,6,55,91.44
23936,6,54,91.44
23955,6,53,91.44
23973,6,52,91.44
23992,6,51,91.44
24010,6,50,91.44
24030,6,49,91.44
24048,6,48,91.44
24067,6,47,91.44
24086,6,46,91.44
24104,6,45,91.44
24123,6,44,91.44
24141,6,43,91.44
24161,6,42,93.98
24179,6,41,93.98
24198,6,40,129.54
24218,6,39,132.08
24238,6,38,134.62
24257,6,37,132.08
24276,6,36,132.08
24297,6,35,132.08
24316,6,34,132.08
24336,6,33,132.08
24356,6,32,132.08
24376,6,31,132.08
24395,6,30,129.54
24416,6,29,129.54
24435,6,28,132.08
24455,6,27,99.06
24473,6,26,99.06
24493,6,25,99.06
24511,6,24,99.06
24529,6,23,99.06
24549,6,22,93.98
24567,6,21,93.98
24586,6,20,93.98
24604,6,19,93.98
24624,6,18,93.98
24642,6,17,93.98
24660,6,16,93.98
24680,6,15,96.52
24698,6,14,93.98
24717,6,13,93.98
24735,6,12,93.98
24755,6,11,93.98
24773,6,10,93.98
24792,6,9,93.98
24809,6,8,93.98
24827,6,7,96.52
24845,6,6,93.98
24862,6,5,96.52
24881,6,4,96.52
24898,6,3,96.52
24915,6,2,96.52
24933,6,1,96.52
-1,-1
24958,5,0,96.52
24976,5,1,96.52
24993,5,2,96.52
25011,5,3,96.52
25029,5,4,96.52
25047,5,5,96.52
25064,5,6,93.98
25082,5,7,96.52
25100,5,8,93.98
25117,5,9,96.52
25135,5,10,93.98
25154,5,11,96.52
25172,5,12,96.52
25191,5,13,93.98
25209,5,14,93.98
25229,5,15,93.98
25247,5,16,96.52
25266,5,17,96.52
25285,5,18,96.52
25304,5,19,93.98
25322,5,20,96.52
25340,5,21,93.98
25360,5,22,96.52
25378,5,23,96.52
25397,5,24,93.98
25416,5,25,93.98
25435,5,26,96.52
25453,5,27,96.52
25472,5,28,96.52
25491,5,29,96.52
25509,5,30,96.52
25528,5,31,96.52
25547,5,32,96.52
25566,5,33,96.52
25584,5,34,93.98
25603,5,35,96.52
25622,5,36,101.60
25641,5,37,93.98
25660,5,38,96.52
25679,5,39,93.98
25698,5,40,96.52
25716,5,41,96.52
25735,5,42,96.52
25754,5,43,96.52
25773,5,44,96.52
25791,5,45,96.52
25809,5,46,96.52
25829,5,47,96.52
25847,5,48,96.52
25866,5,49,99.06
25885,5,50,132.08
25905,5,51,129.54
25924,5,52,129.54
25945,5,53,132.08
25964,5,54,132.08
25984,5,55,132.08
26003,5,56,132.08
26023,5,57,132.08
26043,5,58,132.08
26062,5,59,132.08
26083,5,60,91.44
26101,5,61,93.98
26120,5,62,93.98
26138,5,63,88.90
26158,5,64,91.44
26176,5,65,91.44
26194,5,66,91.44
26214,5,67,91.44
26232,5,68,91.44
26251,5,69,91.44
26269,5,70,91.44
26289,5,71,88.90
26307,5,72,88.90
26326,5,73,91.44
26345,5,74,88.90
26363,5,75,91.44
26382,5,76,88.90
26400,5,77,88.90
26420,5,78,88.90
26438,5,79,91.44
26457,5,80,91.44
26475,5,81,91.44
26494,5,82,91.44
26513,5,83,91.44
26531,5,84,88.90
26551,5,85,91.44
26569,5,86,91.44
26588,5,87,88.90
26606,5,88,88.90
26626,5,89,91.44
-1,-1
26651,5,90,91.44
26670,5,89,88.90
26689,5,88,88.90
26707,5,87,88.90
26726,5,86,91.44
26745,5,85,91.44
26764,5,84,91.44
26782,5,83,88.90
26801,5,82,88.90
26820,5,81,88.90
26839,5,80,88.90
26857,5,79,88.90
26876,5,78,91.44
26895,5,77,91.44
26913,5,76,91.44
26932,5,75,88.90
26951,5,74,88.90
26970,5,73,91.44
26988,5,72,91.44
27006,5,71,91.44
27026,5,70,91.44
27044,5,69,91.44
27063,5,68,91.44
27082,5,67,91.44
27101,5,66,91.44
27119,5,65,91.44
27138,5,64,91.44
27157,5,63,91.44
27175,5,62,91.44
27194,5,61,91.44
27213,5,60,91.44
27232,5,59,91.44
27250,5,58,91.44
27269,5,57,91.44
27288,5,56,91.44
27307,5,55,91.44
27325,5,54,91.44
27344,5,53,91.44
27363,5,52,91.44
27381,5,51,91.44
27400,5,50,91.44
27419,5,49,88.90
27438,5,48,91.44
27456,5,47,91.44
27475,5,46,91.44
27494,5,45,91.44
27512,5,44,96.52
27531,5,43,93.98
27550,5,42,93.98
27569,5,41,132.08
27588,5,40,129.54
27609,5,39,129.54
27628,5,38,129.54
27648,5,37,129.54
27667,5,36,129.54
27687,5,35,129.54
27707,5,34,129.54
27726,5,33,129.54
27747,5,32,132.08
27766,5,31,129.54
27786,5,30,132.08
27805,5,29,132.08
27826,5,28,99.06
27844,5,27,99.06
27863,5,26,99.06
27882,5,25,99.06
27900,5,24,99.06
27919,5,23,93.98
27937,5,22,93.98
27957,5,21,93.98
27975,5,20,96.52
27994,5,19,93.98
28013,5,18,93.98
28032,5,17,93.98
28050,5,16,93.98
28068,5,15,93.98
28088,5,14,93.98
28106,5,13,93.98
28125,5,12,93.98
28144,5,11,96.52
28163,5,10,93.98
28181,5,9,96.52
28198,5,8,96.52
28217,5,7,96.52
28234,5,6,96.52
28252,5,5,96.52
28269,5,4,96.52
28288,5,3,96.52
28305,5,2,96.52
28322,5,1,96.52
-1,-1
28348,4,0,96.52
28365,4,1,93.98
28383,4,2,93.98
28400,4,3,93.98
28419,4,4,93.98
28436,4,5,96.52
28453,4,6,93.98
28471,4,7,93.98
28489,4,8,93.98
28507,4,9,93.98
28524,4,10,96.52
28544,4,11,99.06
28562,4,12,96.52
28580,4,13,93.98
28599,4,14,96.52
28618,4,15,96.52
28637,4,16,96.52
28655,4,17,93.98
28675,4,18,93.98
28693,4,19,96.52
28711,4,20,96.52
28730,4,21,96.52
28749,4,22,96.52
28768,4,23,93.98
28786,4,24,96.52
28805,4,25,96.52
28824,4,26,93.98
28843,4,27,96.52
28861,4,28,96.52
28880,4,29,96.52
28899,4,30,93.98
28917,4,31,96.52
28936,4,32,96.52
28955,4,33,96.52
28974,4,34,96.52
28992,4,35,96.52
29011,4,36,96.52
29030,4,37,93.98
29048,4,38,96.52
29067,4,39,96.52
29086,4,40,96.52
29105,4,41,93.98
29123,4,42,93.98
29143,4,43,93.98
29161,4,44,93.98
29179,4,45,96.52
29198,4,46,99.06
29217,4,47,96.52
29236,4,48,96.52
29254,4,49,96.52
29274,4,50,99.06
29292,4,51,99.06
29310,4,52,132.08
29330,4,53,132.08
29350,4,54,129.54
29370,4,55,129.54
29389,4,56,129.54
29410,4,57,129.54
29429,4,58,132.08
29449,4,59,129.54
29468,4,60,129.54
29489,4,61,132.08
29508,4,62,91.44
29527,4,63,93.98
29546,4,64,88.90
29564,4,65,88.90
29583,4,66,93.98
29601,4,67,88.90
29621,4,68,88.90
29639,4,69,88.90
29658,4,70,88.90
29677,4,71,88.90
29696,4,72,91.44
29714,4,73,88.90
29732,4,74,91.44
29752,4,75,88.90
29770,4,76,88.90
29789,4,77,88.90
29808,4,78,88.90
29827,4,79,88.90
29845,4,80,88.90
29863,4,81,88.90
29883,4,82,88.90
29901,4,83,88.90
29920,4,84,88.90
29939,4,85,88.90
29958,4,86,88.90
29976,4,87,91.44
29995,4,88,88.90
30014,4,89,91.44
-1,-1
30040,4,90,88.90
30058,4,89,88.90
30077,4,88,88.90
30096,4,87,93.98
30114,4,86,93.98
30133,4,85,93.98
30152,4,84,91.44
30171,4,83,91.44
30189,4,82,91.44
30209,4,81,91.44
30227,4,80,91.44
30245,4,79,91.44
30264,4,78,91.44
30283,4,77,99.06
30302,4,76,93.98
30320,4,75,93.98
30340,4,74,91.44
30358,4,73,91.44
30376,4,72,91.44
30395,4,71,91.44
30414,4,70,91.44
30433,4,69,96.52
30451,4,68,91.44
30471,4,67,91.44
30489,4,66,91.44
30508,4,65,91.44
30526,4,64,91.44
30545,4,63,91.44
30564,4,62,91.44
30582,4,61,91.44
30601,4,60,91.44
30620,4,59,91.44
30639,4,58,91.44
30657,4,57,91.44
30676,4,56,91.44
30695,4,55,91.44
30713,4,54,91.44
30732,4,53,91.44
30751,4,52,91.44
30770,4,51,91.44
30788,4,50,91.44
30808,4,49,91.44
30826,4,48,91.44
30844,4,47,91.44
30863,4,46,91.44
30882,4,45,91.44
30901,4,44,91.44
30919,4,43,88.90
30939,4,42,91.44
30957,4,41,91.44
30976,4,40,91.44
30994,4,39,129.54
31014,4,38,129.54
31034,4,37,129.54
31053,4,36,129.54
31074,4,35,129.54
31093,4,34,129.54
31113,4,33,129.54
31132,4,32,129.54
31153,4,31,129.54
31172,4,30,129.54
31192,4,29,101.60
31212,4,28,101.60
31232,4,27,96.52
31250,4,26,96.52
31269,4,25,96.52
31288,4,24,93.98
31306,4,23,96.52
31325,4,22,93.98
31344,4,21,93.98
31363,4,20,93.98
31381,4,19,96.52
31399,4,18,93.98
31419,4,17,96.52
31437,4,16,93.98
31456,4,15,93.98
31475,4,14,96.52
31494,4,13,96.52
31512,4,12,96.52
31531,4,11,96.52
31550,4,10,96.52
31568,4,9,96.52
31586,4,8,96.52
31604,4,7,96.52
31622,4,6,96.52
31639,4,5,93.98
31656,4,4,96.52
31675,4,3,96.52
31692,4,2,96.52
31710,4,1,96.52
-1,-1
31735,3,0,96.52
31753,3,1,96.52
31770,3,2,96.52
31788,3,3,96.52
31806,3,4,96.52
31823,3,5,96.52
31841,3,6,96.52
31858,3,7,96.52
31877,3,8,93.98
31894,3,9,96.52
31911,3,10,96.52
31930,3,11,96.52
31949,3,12,96.52
31968,3,13,96.52
31986,3,14,93.98
32006,3,15,96.52
32024,3,16,93.98
32043,3,17,96.52
32061,3,18,93.98
32080,3,19,93.98
32099,3,20,93.98
32117,3,21,93.98
32137,3,22,96.52
32155,3,23,96.52
32174,3,24,93.98
32192,3,25,93.98
32211,3,26,93.98
32230,3,27,93.98
32248,3,28,96.52
32268,3,29,96.52
32286,3,30,96.52
32305,3,31,96.52
32323,3,32,96.52
32343,3,33,96.52
32361,3,34,93.98
32379,3,35,96.52
32398,3,36,96.52
32417,3,37,93.98
32436,3,38,93.98
32454,3,39,96.52
32474,3,40,93.98
32492,3,41,96.52
32510,3,42,96.52
32529,3,43,96.52
32548,3,44,96.52
32567,3,45,99.06
32585,3,46,96.52
32605,3,47,99.06
32623,3,48,132.08
32643,3,49,132.08
32662,3,50,132.08
32683,3,51,129.54
32702,3,52,129.54
32721,3,53,132.08
32742,3,54,132.08
32761,3,55,132.08
32781,3,56,132.08
32801,3,57,132.08
32821,3,58,132.08
32840,3,59,132.08
32860,3,60,132.08
32880,3,61,129.54
32900,3,62,129.54
32919,3,63,93.98
32939,3,64,93.98
32957,3,65,93.98
32975,3,66,91.44
32994,3,67,88.90
33013,3,68,88.90
33032,3,69,91.44
33050,3,70,88.90
33070,3,71,88.90
33088,3,72,88.90
33106,3,73,88.90
33125,3,74,88.90
33144,3,75,88.90
33163,3,76,88.90
33181,3,77,91.44
33201,3,78,88.90
33219,3,79,91.44
33238,3,80,91.44
33256,3,81,88.90
33275,3,82,88.90
33294,3,83,88.90
33312,3,84,88.90
33331,3,85,88.90
33350,3,86,88.90
33369,3,87,88.90
33387,3,88,88.90
33406,3,89,86.36
-1,-1
33432,3,90,88.90
33451,3,89,88.90
33470,3,88,88.90
33488,3,87,88.90
33507,3,86,88.90
33525,3,85,88.90
33545,3,84,88.90
33563,3,83,88.90
33582,3,82,88.90
33601,3,81,88.90
33619,3,80,88.90
33638,3,79,88.90
33656,3,78,88.90
33676,3,77,88.90
33694,3,76,88.90
33713,3,75,88.90
33732,3,74,88.90
33751,3,73,88.90
33769,3,72,88.90
33787,3,71,88.90
33807,3,70,88.90
33825,3,69,88.90
33844,3,68,88.90
33862,3,67,88.90
33882,3,66,88.90
33900,3,65,88.90
33918,3,64,88.90
33938,3,63,88.90
33956,3,62,91.44
33975,3,61,88.90
33993,3,60,91.44
34013,3,59,91.44
34031,3,58,91.44
34050,3,57,91.44
34069,3,56,91.44
34087,3,55,91.44
34106,3,54,91.44
34124,3,53,91.44
34144,3,52,91.44
34162,3,51,91.44
34181,3,50,88.90
34200,3,49,88.90
34219,3,48,88.90
34237,3,47,88.90
34255,3,46,88.90
34275,3,45,91.44
34293,3,44,91.44
34312,3,43,91.44
34331,3,42,91.44
34350,3,41,132.08
34369,3,40,132.08
34388,3,39,132.08
34409,3,38,129.54
34428,3,37,129.54
34448,3,36,129.54
34468,3,35,129.54
34488,3,34,129.54
34507,3,33,129.54
34527,3,32,129.54
34547,3,31,132.08
34567,3,30,132.08
34586,3,29,132.08
34607,3,28,96.52
34625,3,27,99.06
34643,3,26,96.52
34662,3,25,96.52
34681,3,24,96.52
34700,3,23,93.98
34718,3,22,93.98
34738,3,21,93.98
34756,3,20,96.52
34775,3,19,93.98
34793,3,18,93.98
34812,3,17,96.52
34831,3,16,93.98
34849,3,15,93.98
34869,3,14,96.52
34887,3,13,96.52
34906,3,12,93.98
34924,3,11,96.52
34944,3,10,93.98
34962,3,9,93.98
34979,3,8,93.98
34998,3,7,93.98
35015,3,6,93.98
35033,3,5,96.52
35050,3,4,96.52
35068,3,3,96.52
35086,3,2,96.52
35103,3,1,96.52
-1,-1
35128,2,0,93.98
35146,2,1,96.52
35164,2,2,93.98
35181,2,3,96.52
35200,2,4,93.98
35217,2,5,93.98
35234,2,6,96.52
35252,2,7,93.98
35270,2,8,96.52
35288,2,9,96.52
35305,2,10,96.52
35323,2,11,96.52
35343,2,12,96.52
35361,2,13,93.98
35380,2,14,93.98
35399,2,15,93.98
35418,2,16,93.98
35436,2,17,96.52
35454,2,18,93.98
35474,2,19,96.52
35492,2,20,93.98
35511,2,21,93.98
35530,2,22,96.52
35549,2,23,96.52
35567,2,24,93.98
35586,2,25,93.98
35605,2,26,96.52
35623,2,27,93.98
35642,2,28,96.52
35660,2,29,96.52
35680,2,30,96.52
35698,2,31,93.98
35717,2,32,96.52
35736,2,33,96.52
35755,2,34,96.52
35773,2,35,96.52
35791,2,36,96.52
35811,2,37,96.52
35829,2,38,93.98
35848,2,39,93.98
35867,2,40,93.98
35886,2,41,93.98
35904,2,42,93.98
35922,2,43,93.98
35942,2,44,93.98
35960,2,45,96.52
35979,2,46,101.60
35999,2,47,96.52
36018,2,48,96.52
36036,2,49,132.08
36056,2,50,132.08
36076,2,51,132.08
36096,2,52,129.54
36115,2,53,129.54
36135,2,54,129.54
36155,2,55,129.54
36174,2,56,129.54
36195,2,57,129.54
36214,2,58,129.54
36234,2,59,129.54
36253,2,60,129.54
36274,2,61,129.54
36293,2,62,93.98
36312,2,63,93.98
36331,2,64,88.90
36349,2,65,91.44
36368,2,66,91.44
36386,2,67,88.90
36406,2,68,88.90
36424,2,69,88.90
36443,2,70,88.90
36462,2,71,88.90
36481,2,72,91.44
36499,2,73,91.44
36517,2,74,91.44
36537,2,75,88.90
36555,2,76,88.90
36574,2,77,88.90
36592,2,78,88.90
36612,2,79,88.90
36630,2,80,88.90
36648,2,81,88.90
36668,2,82,91.44
36686,2,83,86.36
36705,2,84,88.90
36723,2,85,86.36
36743,2,86,88.90
36761,2,87,88.90
36780,2,88,88.90
36799,2,89,88.90
-1,-1
36825,2,90,88.90
36843,2,89,86.36
36862,2,88,86.36
36881,2,87,88.90
36899,2,86,88.90
36918,2,85,88.90
36937,2,84,88.90
36956,2,83,88.90
36974,2,82,88.90
36994,2,81,88.90
37012,2,80,88.90
37030,2,79,88.90
37049,2,78,88.90
37068,2,77,88.90
37087,2,76,88.90
37105,2,75,88.90
37124,2,74,88.90
37143,2,73,88.90
37161,2,72,88.90
37180,2,71,88.90
37199,2,70,88.90
37218,2,69,93.98
37236,2,68,91.44
37255,2,67,88.90
37274,2,66,91.44
37293,2,65,91.44
37311,2,64,91.44
37330,2,63,86.36
37349,2,62,88.90
37367,2,61,91.44
37386,2,60,91.44
37405,2,59,91.44
37424,2,58,88.90
37442,2,57,88.90
37462,2,56,88.90
37480,2,55,91.44
37498,2,54,91.44
37517,2,53,88.90
37536,2,52,88.90
37555,2,51,91.44
37573,2,50,88.90
37593,2,49,91.44
37611,2,48,88.90
37629,2,47,88.90
37648,2,46,88.90
37667,2,45,88.90
37686,2,44,91.44
37704,2,43,91.44
37723,2,42,91.44
37742,2,41,91.44
37761,2,40,91.44
37779,2,39,132.08
37799,2,38,132.08
37819,2,37,129.54
37838,2,36,129.54
37859,2,35,132.08
37878,2,34,129.54
37898,2,33,129.54
37917,2,32,129.54
37938,2,31,132.08
37957,2,30,132.08
37977,2,29,132.08
37997,2,28,132.08
38017,2,27,99.06
38035,2,26,99.06
38053,2,25,99.06
38073,2,24,96.52
38091,2,23,96.52
38110,2,22,96.52
38129,2,21,93.98
38148,2,20,96.52
38166,2,19,93.98
38184,2,18,93.98
38204,2,17,96.52
38222,2,16,93.98
38241,2,15,96.52
38260,2,14,93.98
38279,2,13,93.98
38297,2,12,93.98
38316,2,11,93.98
38335,2,10,93.98
38353,2,9,96.52
38371,2,8,93.98
38388,2,7,93.98
38407,2,6,93.98
38424,2,5,93.98
38441,2,4,96.52
38460,2,3,93.98
38477,2,2,96.52
38495,2,1,96.52
-1,-1
38519,1,0,96.52
38538,1,1,96.52
38555,1,2,96.52
38573,1,3,96.52
38591,1,4,96.52
38608,1,5,96.52
38626,1,6,96.52
38643,1,7,96.52
38662,1,8,93.98
38679,1,9,93.98
38696,1,10,96.52
38715,1,11,96.52
38734,1,12,96.52
38753,1,13,93.98
38771,1,14,96.52
38791,1,15,96.52
38809,1,16,96.52
38828,1,17,96.52
38846,1,18,96.52
38865,1,19,96.52
38884,1,20,96.52
38902,1,21,96.52
38921,1,22,96.52
38940,1,23,96.52
38959,1,24,96.52
38977,1,25,96.52
38996,1,26,96.52
39015,1,27,96.52
39033,1,28,96.52
39052,1,29,93.98
39071,1,30,93.98
39090,1,31,93.98
39108,1,32,96.52
39128,1,33,96.52
39146,1,34,96.52
39164,1,35,93.98
39183,1,36,96.52
39202,1,37,93.98
39221,1,38,96.52
39239,1,39,96.52
39259,1,40,96.52
39277,1,41,96.52
39296,1,42,93.98
39314,1,43,93.98
39333,1,44,96.52
39352,1,45,96.52
39370,1,46,99.06
39390,1,47,99.06
39408,1,48,99.06
39427,1,49,99.06
39445,1,50,99.06
39464,1,51,132.08
39484,1,52,132.08
39503,1,53,129.54
39524,1,54,129.54
39543,1,55,129.54
39563,1,56,129.54
39582,1,57,129.54
39603,1,58,129.54
39622,1,59,129.54
39642,1,60,104.14
39662,1,61,93.98
39681,1,62,93.98
39699,1,63,88.90
39717,1,64,88.90
39737,1,65,88.90
39755,1,66,91.44
39774,1,67,91.44
39793,1,68,88.90
39812,1,69,88.90
39830,1,70,91.44
39848,1,71,88.90
39868,1,72,88.90
39886,1,73,88.90
39905,1,74,88.90
39924,1,75,88.90
39943,1,76,88.90
39961,1,77,88.90
39980,1,78,91.44
39999,1,79,88.90
40017,1,80,88.90
40036,1,81,88.90
40055,1,82,88.90
40074,1,83,91.44
40092,1,84,86.36
40111,1,85,86.36
40130,1,86,88.90
40148,1,87,88.90
40167,1,88,88.90
40185,1,89,88.90
-1,-1
40212,1,90,88.90
40230,1,89,86.36
40249,1,88,86.36
40268,1,87,88.90
40287,1,86,88.90
40305,1,85,88.90
40325,1,84,88.90
40343,1,83,88.90
40361,1,82,88.90
40380,1,81,88.90
40399,1,80,86.36
40418,1,79,86.36
40436,1,78,86.36
40456,1,77,88.90
40474,1,76,88.90
40493,1,75,88.90
40511,1,74,88.90
40530,1,73,88.90
40549,1,72,88.90
40567,1,71,88.90
40586,1,70,86.36
40605,1,69,86.36
40624,1,68,86.36
40642,1,67,86.36
40662,1,66,88.90
40680,1,65,86.36
40698,1,64,88.90
40717,1,63,88.90
40736,1,62,88.90
40755,1,61,91.44
40773,1,60,91.44
40793,1,59,88.90
40811,1,58,88.90
40829,1,57,88.90
40848,1,56,88.90
40867,1,55,88.90
40886,1,54,88.90
40904,1,53,88.90
40924,1,52,88.90
40942,1,51,91.44
40961,1,50,88.90
40979,1,49,88.90
40998,1,48,88.90
41017,1,47,88.90
41035,1,46,88.90
41055,1,45,88.90
41073,1,44,88.90
41092,1,43,91.44
41110,1,42,91.44
41129,1,41,91.44
41148,1,40,129.54
41167,1,39,129.54
41188,1,38,129.54
41207,1,37,129.54
41227,1,36,129.54
41246,1,35,129.54
41267,1,34,129.54
41286,1,33,129.54
41306,1,32,129.54
41326,1,31,129.54
41346,1,30,129.54
41365,1,29,129.54
41384,1,28,96.52
41404,1,27,99.06
41422,1,26,99.06
41441,1,25,96.52
41460,1,24,96.52
41479,1,23,93.98
41497,1,22,93.98
41516,1,21,96.52
41535,1,20,96.52
41553,1,19,96.52
41572,1,18,96.52
41591,1,17,93.98
41610,1,16,93.98
41628,1,15,93.98
41647,1,14,93.98
41666,1,13,93.98
41684,1,12,93.98
41703,1,11,93.98
41722,1,10,96.52
41741,1,9,96.52
41758,1,8,96.52
41776,1,7,93.98
41794,1,6,93.98
41811,1,5,93.98
41829,1,4,93.98
41846,1,3,93.98
41865,1,2,96.52
41882,1,1,96.52
-1,-1
